0 0.099609375 0.9990215264187867 0.09765625 0.9774951076320939 0.08984375 0.9667318982387474 0.0810546875 0.9677103718199609 0.07421875 0.9745596868884541 0.06640625 0.9686888454011742 0.0576171875 0.9696673189823874 0.0498046875 0.9833659491193737 0.0498046875 0.9990215264187867 0.099609375 0.9990215264187867
0 0.0791015625 0.8160469667318981 0.080078125 0.8277886497064578 0.0966796875 0.8385518590998042 0.115234375 0.834637964774951 0.12890625 0.8170254403131114 0.1328125 0.8023483365949119 0.1123046875 0.7612524461839529 0.095703125 0.7504892367906066 0.083984375 0.7495107632093932 0.0732421875 0.7573385518590998 0.06640625 0.7720156555772995 0.0673828125 0.7945205479452054 0.0791015625 0.8160469667318981
0 0.6044921875 0.40313111545988256 0.6201171875 0.40802348336594907 0.62109375 0.4217221135029354 0.626953125 0.42759295499021527 0.640625 0.4295499021526418 0.6484375 0.423679060665362 0.6513671875 0.4158512720156556 0.6611328125 0.4148727984344422 0.671875 0.423679060665362 0.685546875 0.41682974559686886 0.6875 0.40410958904109584 0.6708984375 0.38062622309197647 0.6591796875 0.3816046966731898 0.6298828125 0.3698630136986301 0.6201171875 0.3571428571428571 0.61328125 0.3542074363992172 0.6015625 0.3590998043052837 0.59765625 0.36497064579256355 0.59765625 0.3943248532289628 0.6044921875 0.40313111545988256
0 0.2314453125 0.4823874755381604 0.248046875 0.48140900195694714 0.26171875 0.4667318982387475 0.248046875 0.4393346379647749 0.2294921875 0.4393346379647749 0.220703125 0.45205479452054786 0.220703125 0.4735812133072407 0.2314453125 0.4823874755381604
0 0.6064453125 0.9275929549902152 0.6181640625 0.9354207436399216 0.6416015625 0.9363992172211351 0.6630859375 0.9119373776908024 0.6650390625 0.8864970645792564 0.6572265625 0.8610567514677104 0.6513671875 0.8551859099804305 0.6259765625 0.8590998043052837 0.6103515625 0.8698630136986301 0.6044921875 0.8796477495107631 0.603515625 0.920743639921722 0.6064453125 0.9275929549902152
0 0.4990234375 0.3414872798434442 0.5107421875 0.3522504892367906 0.5107421875 0.363013698630137 0.5185546875 0.37573385518590996 0.5283203125 0.38062622309197647 0.5439453125 0.3816046966731898 0.564453125 0.37279843444227 0.5810546875 0.3542074363992172 0.58203125 0.31898238747553814 0.57421875 0.3023483365949119 0.5244140625 0.2984344422700587 0.505859375 0.30724070450097846 0.49609375 0.3199608610567514 0.4951171875 0.33170254403131116 0.4990234375 0.3414872798434442
0 0.95703125 0.2759295499021526 0.970703125 0.27984344422700586 0.98828125 0.273972602739726 0.98828125 0.2622309197651663 0.9736328125 0.23972602739726026 0.9619140625 0.23874755381604693 0.9521484375 0.2446183953033268 0.9501953125 0.25733855185909976 0.95703125 0.2759295499021526
0 0.802734375 0.3395303326810176 0.8408203125 0.3522504892367906 0.869140625 0.3424657534246575 0.94921875 0.3414872798434442 0.9580078125 0.3336594911937377 0.9580078125 0.30724070450097846 0.94921875 0.2876712328767123 0.92578125 0.2837573385518591 0.91015625 0.2720156555772994 0.9052734375 0.25929549902152643 0.8984375 0.2534246575342466 0.86328125 0.2318982387475538 0.857421875 0.2035225048923679 0.837890625 0.19863013698630136 0.83203125 0.20254403131115456 0.8310546875 0.21037181996086102 0.8388671875 0.23972602739726026 0.8291015625 0.25733855185909976 0.82421875 0.2583170254403131 0.8232421875 0.2671232876712329 0.8095703125 0.29158512720156554 0.8125 0.3023483365949119 0.810546875 0.3150684931506849 0.7998046875 0.3238747553816047 0.798828125 0.33463796477495106 0.802734375 0.3395303326810176
0 0.6162109375 0.16731898238747553 0.6220703125 0.17416829745596868 0.6650390625 0.18786692759295498 0.6806640625 0.18688845401174167 0.6884765625 0.18101761252446183 0.6875 0.17221135029354206 0.6806640625 0.1643835616438356 0.65625 0.15264187866927592 0.640625 0.1360078277886497 0.59375 0.13307240704500978 0.58984375 0.1379647749510763 0.5908203125 0.15655577299412915 0.6162109375 0.16731898238747553
0 0.4365234375 0.6409001956947162 0.4482421875 0.6467710371819961 0.4677734375 0.6477495107632094 0.478515625 0.6536203522504892 0.478515625 0.6350293542074363 0.4716796875 0.6242661448140899 0.4384765625 0.6203522504892367 0.4306640625 0.6252446183953033 0.4296875 0.6330724070450098 0.4365234375 0.6409001956947162
0 0.5595703125 0.847358121330724 0.57421875 0.8424657534246576 0.5751953125 0.8336594911937377 0.5703125 0.8268101761252445 0.5634765625 0.8258317025440313 0.5546875 0.8307240704500979 0.5537109375 0.8395303326810175 0.5595703125 0.847358121330724
0 0.373046875 0.6389432485322896 0.38671875 0.6281800391389433 0.392578125 0.6125244618395304 0.388671875 0.6056751467710371 0.3779296875 0.6046966731898238 0.365234375 0.6203522504892367 0.36328125 0.6340508806262231 0.373046875 0.6389432485322896
0 0.630859375 0.7495107632093932 0.650390625 0.7524461839530332 0.6591796875 0.74559686888454 0.658203125 0.723091976516634 0.6416015625 0.7074363992172211 0.6328125 0.7064579256360078 0.6181640625 0.7162426614481409 0.6171875 0.7240704500978473 0.630859375 0.7495107632093932