0 0.16796875 0.3590998043052837 0.1796875 0.37573385518590996 0.1923828125 0.38454011741682975 0.2109375 0.38747553816046965 0.232421875 0.3796477495107632 0.2548828125 0.3590998043052837 0.2568359375 0.33659491193737767 0.248046875 0.31213307240704496 0.23046875 0.29549902152641877 0.2138671875 0.286692759295499 0.189453125 0.2896281800391389 0.1708984375 0.30919765166340507 0.1650390625 0.3238747553816047 0.1630859375 0.33463796477495106 0.16796875 0.3590998043052837
0 0.2744140625 0.48140900195694714 0.337890625 0.5019569471624266 0.3466796875 0.49510763209393344 0.3486328125 0.48630136986301364 0.3603515625 0.4735812133072407 0.361328125 0.44520547945205474 0.3701171875 0.4305283757338552 0.369140625 0.3933463796477495 0.3525390625 0.36203522504892366 0.3349609375 0.35812133072407043 0.310546875 0.363013698630137 0.2958984375 0.3816046966731898 0.29296875 0.40313111545988256 0.263671875 0.40802348336594907 0.255859375 0.4158512720156556 0.255859375 0.45792563600782776 0.2744140625 0.48140900195694714
0 0.419921875 0.47651663405088057 0.4287109375 0.4921722113502935 0.46484375 0.49412915851272016 0.4755859375 0.48630136986301364 0.482421875 0.46966731898238745 0.4794921875 0.45303326810176126 0.4619140625 0.4432485322896282 0.4443359375 0.44422700587084146 0.4287109375 0.4559686888454012 0.4169921875 0.4549902152641878 0.4111328125 0.4589041095890411 0.41015625 0.46868884540117417 0.419921875 0.47651663405088057
0 0.4951171875 0.608610567514677 0.5166015625 0.5909980430528375 0.5205078125 0.573385518590998 0.5146484375 0.5684931506849316 0.49609375 0.5684931506849316 0.490234375 0.5714285714285714 0.482421875 0.5851272015655578 0.4833984375 0.6056751467710371 0.4951171875 0.608610567514677
0 0.458984375 0.7573385518590998 0.4873046875 0.7602739726027397 0.5107421875 0.7407045009784736 0.51171875 0.7289628180039138 0.5048828125 0.7152641878669275 0.484375 0.7123287671232876 0.4658203125 0.7250489236790607 0.4560546875 0.7436399217221135 0.455078125 0.7524461839530332 0.458984375 0.7573385518590998
0 0.3935546875 0.7906066536203522 0.40234375 0.8082191780821917 0.40625 0.834637964774951 0.41015625 0.8385518590998042 0.43359375 0.8493150684931507 0.4423828125 0.8493150684931507 0.453125 0.8454011741682974 0.4638671875 0.8356164383561643 0.46875 0.8209393346379648 0.46484375 0.7984344422700587 0.4365234375 0.7563600782778865 0.4208984375 0.7504892367906066 0.4052734375 0.7573385518590998 0.388671875 0.7514677103718199 0.3720703125 0.7573385518590998 0.3720703125 0.7641878669275929 0.3935546875 0.7906066536203522
0 0.4130859375 0.8786692759295498 0.4287109375 0.8767123287671232 0.4365234375 0.8669275929549901 0.4345703125 0.8551859099804305 0.4287109375 0.8522504892367906 0.404296875 0.8512720156555773 0.3984375 0.8551859099804305 0.3994140625 0.8679060665362035 0.4130859375 0.8786692759295498
0 0.4521484375 0.8747553816046967 0.4619140625 0.87573385518591 0.4677734375 0.8718199608610566 0.46875 0.8639921722113503 0.462890625 0.8571428571428571 0.44921875 0.8590998043052837 0.4482421875 0.8688845401174168 0.4521484375 0.8747553816046967
0 0.1357421875 0.9119373776908024 0.1435546875 0.9119373776908024 0.15234375 0.9021526418786692 0.1484375 0.8913894324853228 0.142578125 0.8884540117416829 0.12890625 0.8962818003913894 0.12890625 0.9050880626223092 0.1357421875 0.9119373776908024
0 0.23828125 0.9921722113502934 0.2490234375 0.9931506849315068 0.2587890625 0.987279843444227 0.2607421875 0.9745596868884541 0.2548828125 0.9667318982387474 0.2392578125 0.9657534246575341 0.232421875 0.9726027397260273 0.232421875 0.9853228962818003 0.23828125 0.9921722113502934
0 0.2177734375 0.9990215264187867 0.21484375 0.9902152641878669 0.20703125 0.9853228962818003 0.19921875 0.9863013698630138 0.19140625 0.9941291585127201 0.1904296875 0.9990215264187867 0.2177734375 0.9990215264187867
0 0.578125 0.8180039138943249 0.58984375 0.8189823874755382 0.5947265625 0.8150684931506849 0.5966796875 0.8072407045009784 0.58984375 0.7974559686888454 0.580078125 0.796477495107632 0.57421875 0.8003913894324853 0.572265625 0.8072407045009784 0.578125 0.8180039138943249
0 0.548828125 0.8454011741682974 0.564453125 0.8424657534246576 0.5654296875 0.834637964774951 0.560546875 0.8268101761252445 0.5517578125 0.8258317025440313 0.544921875 0.8307240704500979 0.54296875 0.8385518590998042 0.548828125 0.8454011741682974
0 0.5185546875 0.8542074363992171 0.5322265625 0.8561643835616438 0.541015625 0.8522504892367906 0.5400390625 0.847358121330724 0.525390625 0.837573385518591 0.5185546875 0.8356164383561643 0.51171875 0.8395303326810175 0.51171875 0.8463796477495107 0.5185546875 0.8542074363992171
0 0.67578125 0.6986301369863013 0.6796875 0.7093933463796478 0.6845703125 0.7093933463796478 0.7021484375 0.6947162426614482 0.720703125 0.6673189823874754 0.7177734375 0.6428571428571428 0.7080078125 0.6232876712328766 0.69140625 0.6095890410958904 0.681640625 0.6105675146771037 0.6611328125 0.6223091976516634 0.6494140625 0.6555772994129158 0.650390625 0.6800391389432485 0.67578125 0.6986301369863013
0 0.923828125 0.8463796477495107 0.9306640625 0.850293542074364 0.9375 0.8493150684931507 0.9501953125 0.834637964774951 0.96484375 0.837573385518591 0.984375 0.8356164383561643 0.9931640625 0.8238747553816047 0.9912109375 0.8160469667318981 0.9775390625 0.8072407045009784 0.9658203125 0.812133072407045 0.9580078125 0.8209393346379648 0.951171875 0.8209393346379648 0.9453125 0.812133072407045 0.9365234375 0.812133072407045 0.9326171875 0.8160469667318981 0.921875 0.8356164383561643 0.923828125 0.8463796477495107
0 0.96875 0.43737769080234834 0.97265625 0.44911937377690797 0.970703125 0.45792563600782776 0.9736328125 0.4637964774951076 0.9814453125 0.4647749510763209 0.9931640625 0.4598825831702544 0.99609375 0.44520547945205474 0.9853515625 0.4315068493150685 0.9833984375 0.41976516634050876 0.970703125 0.4138943248532289 0.9599609375 0.41780821917808214 0.9609375 0.4295499021526418 0.96875 0.43737769080234834
0 0.5322265625 0.36007827788649704 0.541015625 0.35518590998043054 0.5537109375 0.3561643835616438 0.5595703125 0.34833659491193736 0.55859375 0.3385518590998043 0.5498046875 0.3268101761252446 0.54296875 0.3268101761252446 0.525390625 0.3414872798434442 0.5224609375 0.3522504892367906 0.5322265625 0.36007827788649704
0 0.7802734375 0.598825831702544 0.796875 0.598825831702544 0.8134765625 0.5812133072407045 0.82421875 0.5616438356164383 0.82421875 0.5499021526418787 0.814453125 0.5391389432485323 0.8056640625 0.5391389432485323 0.7783203125 0.5636007827788649 0.775390625 0.5704500978473581 0.7744140625 0.5939334637964775 0.7802734375 0.598825831702544
0 0.73046875 0.8405088062622308 0.7607421875 0.8571428571428571 0.7724609375 0.8590998043052837 0.7861328125 0.8444227005870841 0.7861328125 0.8297455968688844 0.7744140625 0.8082191780821917 0.7890625 0.793542074363992 0.7880859375 0.7827788649706457 0.79296875 0.7710371819960861 0.8154296875 0.7700587084148728 0.8212890625 0.7945205479452054 0.837890625 0.8062622309197651 0.853515625 0.8033268101761252 0.8603515625 0.793542074363992 0.8720703125 0.7886497064579256 0.8759765625 0.7827788649706457 0.875 0.7720156555772995 0.8750849609374999 0.767706457925636 0.8805058593750001 0.7618219178082192 0.8814091796874999 0.7505058708414872 0.871921875 0.7391888454011741 0.8823125 0.7265146771037182 0.8854755859375001 0.7025244618395303 0.8935546875 0.675146771037182 0.888671875 0.6643835616438356 0.876953125 0.6575342465753424 0.8583984375 0.6614481409001957 0.853515625 0.6829745596868884 0.8466796875 0.6917808219178082 0.84765625 0.6986301369863013 0.833984375 0.7123287671232876 0.8310546875 0.7211350293542074 0.8134765625 0.7201565557729941 0.806640625 0.7250489236790607 0.79296875 0.7270058708414873 0.7861328125 0.735812133072407 0.7451171875 0.7426614481409002 0.7421875 0.7690802348336595 0.7314453125 0.7759295499021526 0.7080078125 0.8199608610567515 0.7099609375 0.8365949119373777 0.73046875 0.8405088062622308