0 0.51171875 0.5410958904109588 0.5205078125 0.5547945205479452 0.5322265625 0.5645792563600782 0.5498046875 0.5675146771037182 0.5732421875 0.5469667318982387 0.58984375 0.5205479452054794 0.59375 0.4960861056751467 0.583984375 0.4804305283757338 0.5517578125 0.4716242661448141 0.52734375 0.4823874755381604 0.515625 0.5019569471624266 0.4990234375 0.5146771037181995 0.498046875 0.5293542074363992 0.51171875 0.5410958904109588
0 0.4013671875 0.6536203522504892 0.4169921875 0.6594911937377691 0.439453125 0.6506849315068493 0.4462890625 0.6291585127201565 0.4326171875 0.6164383561643836 0.4384765625 0.573385518590998 0.4326171875 0.5636007827788649 0.435546875 0.5567514677103718 0.43359375 0.5459882583170254 0.427734375 0.538160469667319 0.41796875 0.5322896281800391 0.4052734375 0.5352250489236791 0.400390625 0.5489236790606653 0.40234375 0.5753424657534246 0.3935546875 0.5831702544031311 0.3798828125 0.5851272015655578 0.3740234375 0.5939334637964775 0.3740234375 0.6223091976516634 0.4013671875 0.6536203522504892
0 0.068359375 0.03718199608610567 0.0830078125 0.050880626223091974 0.099609375 0.04892367906066536 0.1396484375 0.0547945205479452 0.16796875 0.0675146771037182 0.177734375 0.06555772994129158 0.18359375 0.05772994129158513 0.1845703125 0.030332681017612523 0.177734375 0.02054794520547945 0.1650390625 0.014677103718199608 0.13671875 0.016634050880626222 0.1083984375 0 0.060546875 0 0.044921875 0.015655577299412915 0.044921875 0.029354207436399216 0.068359375 0.03718199608610567
0 0.20703125 0.10469667318982387 0.216796875 0.10469667318982387 0.2275390625 0.09784735812133072 0.228515625 0.08512720156555773 0.220703125 0.07632093933463796 0.2060546875 0.07240704500978473 0.1962890625 0.08023483365949119 0.1962890625 0.09099804305283757 0.20703125 0.10469667318982387
0 0.4453125 0.2455968688845401 0.4775390625 0.2720156555772994 0.4970703125 0.2827788649706458 0.5185546875 0.31213307240704496 0.525390625 0.3131115459882583 0.544921875 0.3023483365949119 0.5537109375 0.3013698630136986 0.583984375 0.28180039138943247 0.580078125 0.25538160469667315 0.5732421875 0.24755381604696672 0.556640625 0.2446183953033268 0.55078125 0.2602739726027397 0.537109375 0.26418786692759294 0.5078125 0.2534246575342466 0.5009765625 0.24070450097847357 0.4697265625 0.2123287671232877 0.4521484375 0.2123287671232877 0.44140625 0.22113502935420742 0.4384765625 0.2338551859099804 0.4453125 0.2455968688845401
0 0.3896484375 0.37377690802348335 0.4091796875 0.38943248532289626 0.4287109375 0.3923679060665362 0.4609375 0.3884540117416829 0.4755859375 0.38454011741682975 0.4814453125 0.3776908023483366 0.478515625 0.36007827788649704 0.4599609375 0.34442270058708413 0.408203125 0.33463796477495106 0.4033203125 0.3238747553816047 0.390625 0.31702544031311153 0.3798828125 0.3180039138943248 0.3671875 0.32974559686888455 0.3720703125 0.34833659491193736 0.3896484375 0.37377690802348335
0 0.783203125 0.25146771037182 0.791015625 0.2720156555772994 0.82421875 0.31409001956947163 0.8486328125 0.3238747553816047 0.861328125 0.3238747553816047 0.88671875 0.31409001956947163 0.9013671875 0.30039138943248533 0.9052734375 0.2896281800391389 0.904296875 0.2759295499021526 0.890625 0.25538160469667315 0.8857421875 0.25733855185909976 0.8642578125 0.24853228962818003 0.810546875 0.19569471624266144 0.783203125 0.19569471624266144 0.76171875 0.20841487279843443 0.7587890625 0.21428571428571427 0.76171875 0.23776908023483365 0.783203125 0.25146771037182
0 0.822265625 0.16046966731898238 0.8173828125 0.17416829745596868 0.8203125 0.18199608610567514 0.833984375 0.1917808219178082 0.8564453125 0.19863013698630136 0.873046875 0.19569471624266144 0.8818359375 0.18101761252446183 0.861328125 0.09686888454011741 0.8515625 0.08904109589041095 0.8447265625 0.09001956947162426 0.833984375 0.10176125244618395 0.8291015625 0.11545988258317026 0.8349609375 0.149706457925636 0.822265625 0.16046966731898238
0 0.79296875 0.6663405088062622 0.802734375 0.6673189823874754 0.810546875 0.6604696673189824 0.810546875 0.6526418786692758 0.8046875 0.6457925636007827 0.7998046875 0.6438356164383562 0.7890625 0.6477495107632094 0.787109375 0.6565557729941291 0.79296875 0.6663405088062622
0 0 0.7172211350293541 0.015625 0.7152641878669275 0.025390625 0.7035225048923679 0.0224609375 0.6898238747553815 0.0078125 0.687866927592955 0 0.6917808219178082 0 0.7172211350293541
0 0.4072265625 0.9990215264187867 0.44921875 0.9990215264187867 0.4599609375 0.9931506849315068 0.474609375 0.9765166340508806 0.4677734375 0.9540117416829744 0.4599609375 0.9500978473581213 0.4130859375 0.9471624266144814 0.400390625 0.9520547945205479 0.39453125 0.9647749510763208 0.3955078125 0.9804305283757339 0.4072265625 0.9990215264187867
0 0.0625 0.7769080234833659 0.07421875 0.7749510763209393 0.0791015625 0.7690802348336595 0.0791015625 0.7583170254403131 0.07421875 0.7514677103718199 0.0673828125 0.7504892367906066 0.056640625 0.7592954990215264 0.056640625 0.7700587084148728 0.0625 0.7769080234833659
0 0.328125 0.38747553816046965 0.330078125 0.3913894324853229 0.333984375 0.3943248532289628 0.3427734375 0.3943248532289628 0.3447265625 0.3933463796477495 0.3486328125 0.38943248532289626 0.3486328125 0.3786692759295499 0.3447265625 0.37377690802348335 0.3427734375 0.37279843444227 0.337890625 0.37279843444227 0.33203125 0.37573385518590996 0.3291015625 0.3796477495107632 0.328125 0.3825831702544031 0.328125 0.38747553816046965