0 0.50390625 0.06360078277886497 0.5126953125 0.06360078277886497 0.5224609375 0.05675146771037182 0.525390625 0.04207436399217221 0.5185546875 0.033268101761252444 0.5048828125 0.03131115459882583 0.49609375 0.040117416829745595 0.49609375 0.0557729941291585 0.50390625 0.06360078277886497
0 0.421875 0.5675146771037182 0.396484375 0.5772994129158512 0.3935546875 0.598825831702544 0.400390625 0.6056751467710371 0.4140625 0.6076320939334637 0.4208984375 0.6125244618395304 0.43359375 0.611545988258317 0.4365234375 0.5978473581213307 0.4755859375 0.5743639921722112 0.490234375 0.5763209393346379 0.5 0.5821917808219178 0.53125 0.5802348336594911 0.54296875 0.586105675146771 0.5546875 0.5841487279843445 0.5625 0.5753424657534246 0.5615234375 0.5675146771037182 0.548828125 0.5587084148727983 0.5537109375 0.5273972602739725 0.546875 0.5078277886497065 0.5341796875 0.49412915851272016 0.517578125 0.48727984344422703 0.505859375 0.48727984344422703 0.4873046875 0.49510763209393344 0.4609375 0.5205479452054794 0.4248046875 0.5205479452054794 0.416015625 0.5283757338551859 0.4111328125 0.5401174168297456 0.4208984375 0.5528375733855186 0.421875 0.5675146771037182
0 0.1669921875 0.8385518590998042 0.1787109375 0.8365949119373777 0.189453125 0.824853228962818 0.185546875 0.8072407045009784 0.169921875 0.7954990215264187 0.15234375 0.7994129158512719 0.146484375 0.8082191780821917 0.146484375 0.824853228962818 0.1669921875 0.8385518590998042
0 0.2626953125 0.7700587084148728 0.279296875 0.7710371819960861 0.2890625 0.7641878669275929 0.2939453125 0.7475538160469667 0.2861328125 0.7309197651663404 0.26171875 0.7299412915851271 0.25390625 0.7367906066536203 0.2548828125 0.7563600782778865 0.2626953125 0.7700587084148728
0 0.56640625 0.7475538160469667 0.5869140625 0.7544031311154599 0.599609375 0.7788649706457925 0.630859375 0.7847358121330724 0.6533203125 0.8111545988258317 0.66796875 0.8101761252446182 0.6748046875 0.8033268101761252 0.677734375 0.7925636007827788 0.6728515625 0.7769080234833659 0.6748046875 0.7622309197651662 0.6708984375 0.7553816046966731 0.666015625 0.7133072407045009 0.662109375 0.6986301369863013 0.6474609375 0.6868884540117416 0.640625 0.6643835616438356 0.626953125 0.6565557729941291 0.5986328125 0.6585127201565557 0.5625 0.6927592954990215 0.556640625 0.7279843444227005 0.56640625 0.7475538160469667
0 0.712890625 0.7710371819960861 0.7080078125 0.7857142857142857 0.708984375 0.7974559686888454 0.7158203125 0.8052837573385518 0.7275390625 0.8062622309197651 0.734375 0.8033268101761252 0.7421875 0.7915851272015655 0.7353515625 0.7700587084148728 0.740234375 0.7514677103718199 0.7333984375 0.7367906066536203 0.7265625 0.7318982387475538 0.7138671875 0.732876712328767 0.70703125 0.7397260273972602 0.7060546875 0.7524461839530332 0.712890625 0.7710371819960861
0 0.185546875 0.26810176125244617 0.1953125 0.2700587084148728 0.2001953125 0.26614481409001955 0.2001953125 0.2563600782778865 0.1962890625 0.25146771037182 0.189453125 0.25048923679060664 0.18359375 0.25440313111545987 0.181640625 0.2622309197651663 0.185546875 0.26810176125244617
0 0.4365234375 0.20254403131115456 0.4453125 0.20450097847358123 0.4541015625 0.19960861056751467 0.4560546875 0.18786692759295498 0.451171875 0.18199608610567514 0.4384765625 0.17906066536203522 0.4326171875 0.18395303326810175 0.4306640625 0.19471624266144813 0.4365234375 0.20254403131115456
0 0.5654296875 0.23874755381604693 0.5849609375 0.2446183953033268 0.5908203125 0.23483365949119372 0.587890625 0.22113502935420742 0.5810546875 0.2172211350293542 0.5703125 0.22113502935420742 0.5634765625 0.2279843444227006 0.5654296875 0.23874755381604693
0 0.734375 0.25929549902152643 0.7451171875 0.2602739726027397 0.7529296875 0.2563600782778865 0.7529296875 0.24755381604696672 0.74609375 0.23972602739726026 0.736328125 0.23972602739726026 0.73046875 0.2455968688845401 0.7294921875 0.25244618395303325 0.734375 0.25929549902152643
0 0.6337890625 0.2788649706457925 0.638671875 0.2827788649706458 0.6484375 0.28082191780821913 0.650390625 0.26810176125244617 0.646484375 0.26418786692759294 0.6357421875 0.2651663405088062 0.6328125 0.26810176125244617 0.6337890625 0.2788649706457925
0 0.3271484375 0.13013698630136986 0.3310546875 0.12720156555772993 0.3359375 0.11545988258317026 0.3349609375 0.10567514677103718 0.328125 0.10176125244618395 0.314453125 0.1095890410958904 0.314453125 0.12524461839530332 0.3271484375 0.13013698630136986
0 0.1328125 0.18395303326810175 0.1357421875 0.1771037181996086 0.1337890625 0.16927592954990214 0.126953125 0.1643835616438356 0.1181640625 0.16731898238747553 0.12109375 0.18199608610567514 0.1328125 0.18395303326810175
0 0.3671875 0.16144814090019569 0.3837890625 0.17025440313111545 0.3974609375 0.1643835616438356 0.400390625 0.15264187866927592 0.39453125 0.14383561643835616 0.3818359375 0.14383561643835616 0.3740234375 0.13405088062622308 0.3681640625 0.13405088062622308 0.3642578125 0.14187866927592954 0.36328125 0.15753424657534246 0.3671875 0.16144814090019569