0 0.3125 0.2700587084148728 0.3349609375 0.26614481409001955 0.3486328125 0.24168297455968685 0.3486328125 0.2338551859099804 0.3359375 0.22602739726027393 0.3212890625 0.2299412915851272 0.3134765625 0.23874755381604693 0.3095703125 0.25538160469667315 0.30859375 0.2632093933463796 0.3125 0.2700587084148728
0 0.4267578125 0.3561643835616438 0.4453125 0.3561643835616438 0.4560546875 0.3679060665362035 0.4765625 0.36888454011741684 0.498046875 0.3571428571428571 0.5263671875 0.3659491193737769 0.56640625 0.3679060665362035 0.5869140625 0.3542074363992172 0.6044921875 0.3150684931506849 0.5908203125 0.30332681017612523 0.591796875 0.29060665362035226 0.5859375 0.2857142857142857 0.5654296875 0.27984344422700586 0.5224609375 0.2857142857142857 0.515625 0.29158512720156554 0.498046875 0.2925636007827789 0.4892578125 0.30528375733855184 0.4501953125 0.3131115459882583 0.435546875 0.33072407045009783 0.4248046875 0.33561643835616434 0.4228515625 0.3414872798434442 0.421875 0.34833659491193736 0.4267578125 0.3561643835616438
0 0.6572265625 0.3434442270058708 0.6826171875 0.35812133072407043 0.6962890625 0.35518590998043054 0.6982421875 0.3414872798434442 0.681640625 0.31409001956947163 0.6611328125 0.30919765166340507 0.654296875 0.31409001956947163 0.65234375 0.33659491193737767 0.6572265625 0.3434442270058708
0 0.5810546875 0.5058708414872799 0.59375 0.5078277886497065 0.6025390625 0.5009784735812133 0.603515625 0.4921722113502935 0.5986328125 0.4843444227005871 0.5859375 0.48140900195694714 0.5791015625 0.48727984344422703 0.5771484375 0.49804305283757333 0.5810546875 0.5058708414872799
0 0.431640625 0.662426614481409 0.451171875 0.6731898238747553 0.46484375 0.6741682974559686 0.470703125 0.6692759295499021 0.47265625 0.6545988258317025 0.482421875 0.6506849315068493 0.49609375 0.6360078277886496 0.50390625 0.6125244618395304 0.5205078125 0.5949119373776908 0.5205078125 0.5870841487279843 0.51171875 0.5792563600782779 0.5009765625 0.5792563600782779 0.4921875 0.5890410958904109 0.45703125 0.5919765166340508 0.4443359375 0.601761252446184 0.431640625 0.6272015655577299 0.4208984375 0.6311154598825832 0.41796875 0.6477495107632094 0.431640625 0.662426614481409
0 0.1689453125 0.6790606653620352 0.1767578125 0.6868884540117416 0.19140625 0.6839530332681016 0.2041015625 0.6594911937377691 0.203125 0.6506849315068493 0.1953125 0.6467710371819961 0.1796875 0.649706457925636 0.1611328125 0.6438356164383562 0.1484375 0.6467710371819961 0.14453125 0.6526418786692758 0.146484375 0.6712328767123287 0.1689453125 0.6790606653620352
0 0.341796875 0.7681017612524461 0.35546875 0.7700587084148728 0.3681640625 0.7651663405088062 0.376953125 0.7553816046966731 0.39453125 0.726027397260274 0.39453125 0.7152641878669275 0.3828125 0.7045009784735812 0.3623046875 0.7074363992172211 0.3408203125 0.7201565557729941 0.3349609375 0.7289628180039138 0.3369140625 0.7622309197651662 0.341796875 0.7681017612524461
0 0.404296875 0.9168297455968688 0.4150390625 0.9315068493150684 0.4482421875 0.9422700587084147 0.4755859375 0.9403131115459882 0.4873046875 0.9373776908023483 0.501953125 0.9227005870841486 0.515625 0.8864970645792564 0.5166015625 0.8581213307240704 0.505859375 0.8414872798434441 0.5 0.8434442270058709 0.4951171875 0.8385518590998042 0.490234375 0.8131115459882583 0.48046875 0.8023483365949119 0.4453125 0.7994129158512719 0.435546875 0.8033268101761252 0.4345703125 0.8111545988258317 0.412109375 0.8414872798434441 0.41015625 0.863013698630137 0.3994140625 0.8727984344422699 0.3974609375 0.8835616438356164 0.404296875 0.9168297455968688
0 0.8984375 0.8679060665362035 0.908203125 0.8698630136986301 0.9208984375 0.8600782778864969 0.9228515625 0.850293542074364 0.9111328125 0.837573385518591 0.8994140625 0.8356164383561643 0.892578125 0.8434442270058709 0.8916015625 0.8551859099804305 0.8984375 0.8679060665362035
0 0.748046875 0.3747553816046966 0.7578125 0.3786692759295499 0.779296875 0.3659491193737769 0.783203125 0.3414872798434442 0.7783203125 0.3336594911937377 0.755859375 0.3199608610567514 0.7451171875 0.3219178082191781 0.7373046875 0.32974559686888455 0.736328125 0.3434442270058708 0.748046875 0.3747553816046966
0 0.5634765625 0.09001956947162426 0.5927734375 0.09686888454011741 0.603515625 0.06360078277886497 0.5947265625 0.05675146771037182 0.578125 0.05870841487279843 0.5732421875 0.0557729941291585 0.5615234375 0.05870841487279843 0.5576171875 0.0675146771037182 0.5576171875 0.0821917808219178 0.5634765625 0.09001956947162426
0 0.2431640625 0.30039138943248533 0.255859375 0.29060665362035226 0.2626953125 0.2759295499021526 0.2548828125 0.26614481409001955 0.24609375 0.2651663405088062 0.2275390625 0.2720156555772994 0.22265625 0.27788649706457924 0.2265625 0.29647749510763205 0.2431640625 0.30039138943248533
0 0.5986328125 0.19960861056751467 0.6044921875 0.19569471624266144 0.60546875 0.18688845401174167 0.6005859375 0.18199608610567514 0.587890625 0.18590998043052837 0.587890625 0.19863013698630136 0.5986328125 0.19960861056751467
0 0.3720703125 0.4021526418786692 0.37890625 0.40117416829745595 0.384765625 0.3943248532289628 0.3837890625 0.38747553816046965 0.3740234375 0.38062622309197647 0.3642578125 0.38649706457925637 0.3642578125 0.3933463796477495 0.3720703125 0.4021526418786692
0 0.21875 0.5264187866927592 0.2294921875 0.5254403131115459 0.2373046875 0.5156555772994129 0.236328125 0.5068493150684932 0.23046875 0.50293542074364 0.2216796875 0.50293542074364 0.212890625 0.5107632093933463 0.212890625 0.5195694716242661 0.21875 0.5264187866927592
0 0.560546875 0.557729941291585 0.56640625 0.5557729941291585 0.5703125 0.5499021526418787 0.5693359375 0.5410958904109588 0.5634765625 0.5371819960861057 0.5546875 0.5391389432485323 0.5537109375 0.5528375733855186 0.560546875 0.557729941291585
0 0.82421875 0.09882583170254403 0.8359375 0.09686888454011741 0.8369140625 0.07436399217221135 0.82421875 0.06457925636007827 0.8173828125 0.06457925636007827 0.810546875 0.07142857142857142 0.810546875 0.09001956947162426 0.82421875 0.09882583170254403
0 0.7314453125 0.02837573385518591 0.73828125 0.030332681017612523 0.75390625 0.025440313111545987 0.7548828125 0.011741682974559686 0.7490234375 0.004892367906066536 0.7373046875 0.0029354207436399216 0.7294921875 0.010763209393346379 0.7275390625 0.018590998043052837 0.7314453125 0.02837573385518591
0 0.642578125 0.04892367906066536 0.6513671875 0.04207436399217221 0.6484375 0.03131115459882583 0.6298828125 0.029354207436399216 0.626953125 0.03424657534246575 0.62890625 0.049902152641878667 0.642578125 0.04892367906066536
0 0.25390625 0.07827788649706457 0.265625 0.07827788649706457 0.2734375 0.07045009784735812 0.2734375 0.05968688845401173 0.26953125 0.0547945205479452 0.2578125 0.0538160469667319 0.2470703125 0.060665362035225046 0.2470703125 0.07240704500978473 0.25390625 0.07827788649706457