0 0.2724609375 0.07827788649706457 0.2841796875 0.07827788649706457 0.29296875 0.07142857142857142 0.29296875 0.0538160469667319 0.28515625 0.04892367906066536 0.2724609375 0.04892367906066536 0.2646484375 0.05870841487279843 0.2646484375 0.06947162426614481 0.2724609375 0.07827788649706457
0 0.078125 0.5283757338551859 0.0888671875 0.5293542074363992 0.0947265625 0.5244618395303327 0.0966796875 0.5156555772994129 0.0908203125 0.5078277886497065 0.080078125 0.5068493150684932 0.0732421875 0.5117416829745596 0.072265625 0.5195694716242661 0.078125 0.5283757338551859
0 0.04296875 0.7407045009784736 0.0537109375 0.738747553816047 0.0576171875 0.732876712328767 0.0576171875 0.7250489236790607 0.0517578125 0.7191780821917808 0.0419921875 0.7181996086105674 0.03515625 0.7250489236790607 0.03515625 0.732876712328767 0.04296875 0.7407045009784736
0 0.212890625 0.8072407045009784 0.22265625 0.8140900195694716 0.2314453125 0.8131115459882583 0.240234375 0.8033268101761252 0.248046875 0.7847358121330724 0.25 0.7622309197651662 0.265625 0.7465753424657533 0.2724609375 0.7289628180039138 0.2861328125 0.7201565557729941 0.298828125 0.7015655577299412 0.2978515625 0.6859099804305283 0.2900390625 0.6741682974559686 0.279296875 0.6712328767123287 0.2685546875 0.6800391389432485 0.255859375 0.7201565557729941 0.232421875 0.7514677103718199 0.216796875 0.7544031311154599 0.205078125 0.7671232876712328 0.203125 0.7769080234833659 0.212890625 0.8072407045009784
0 0.509765625 0.573385518590998 0.4990234375 0.5929549902152641 0.486328125 0.5998043052837574 0.4912109375 0.6105675146771037 0.51171875 0.611545988258317 0.5322265625 0.62133072407045 0.556640625 0.6095890410958904 0.5625 0.601761252446184 0.5625 0.5841487279843445 0.5576171875 0.5675146771037182 0.5400390625 0.560665362035225 0.533203125 0.5430528375733854 0.515625 0.5401174168297456 0.5048828125 0.5499021526418787 0.50390625 0.5616438356164383 0.509765625 0.573385518590998
0 0.53125 0.4931506849315069 0.5380859375 0.5166340508806262 0.5498046875 0.5313111545988258 0.564453125 0.5322896281800391 0.5751953125 0.5215264187866928 0.568359375 0.512720156555773 0.5498046875 0.5019569471624266 0.552734375 0.48727984344422703 0.5478515625 0.4726027397260274 0.537109375 0.4647749510763209 0.521484375 0.46966731898238745 0.51953125 0.4794520547945205 0.53125 0.4931506849315069
0 0.53125 0.44129158512720157 0.5302734375 0.44911937377690797 0.537109375 0.46183953033268105 0.546875 0.46183953033268105 0.5517578125 0.45792563600782776 0.5478515625 0.44422700587084146 0.5625 0.4138943248532289 0.5615234375 0.40313111545988256 0.5478515625 0.38943248532289626 0.5302734375 0.38943248532289626 0.521484375 0.39921722113502933 0.5205078125 0.41976516634050876 0.53125 0.44129158512720157
0 0.5810546875 0.49412915851272016 0.595703125 0.5019569471624266 0.60546875 0.4990215264187866 0.6123046875 0.48630136986301364 0.6083984375 0.4677103718199608 0.6005859375 0.46183953033268105 0.591796875 0.46086105675146766 0.5791015625 0.47064579256360073 0.5771484375 0.4794520547945205 0.5810546875 0.49412915851272016
0 0.5849609375 0.5587084148727983 0.603515625 0.560665362035225 0.61328125 0.573385518590998 0.6806640625 0.5792563600782779 0.7314453125 0.5567514677103718 0.73828125 0.5469667318982387 0.740234375 0.5273972602739725 0.7275390625 0.5019569471624266 0.712890625 0.4931506849315069 0.7060546875 0.47749510763209385 0.6884765625 0.47064579256360073 0.681640625 0.47749510763209385 0.67578125 0.5039138943248532 0.6572265625 0.512720156555773 0.6494140625 0.5225048923679061 0.62109375 0.5273972602739725 0.60546875 0.538160469667319 0.587890625 0.5352250489236791 0.580078125 0.5430528375733854 0.580078125 0.5538160469667319 0.5849609375 0.5587084148727983
0 0.5009765625 0.2729941291585127 0.50390625 0.28082191780821913 0.50390625 0.3082191780821918 0.5126953125 0.33072407045009783 0.525390625 0.33072407045009783 0.552734375 0.34931506849315064 0.5791015625 0.3424657534246575 0.5927734375 0.33170254403131116 0.59375 0.29647749510763205 0.5693359375 0.2632093933463796 0.5498046875 0.24657534246575344 0.5361328125 0.24363992172211352 0.521484375 0.25244618395303325 0.5126953125 0.24755381604696672 0.5126953125 0.23091976516634052 0.5009765625 0.22700587084148727 0.494140625 0.2328767123287671 0.4912109375 0.24657534246575344 0.4853515625 0.2534246575342466 0.4873046875 0.26418786692759294 0.5009765625 0.2729941291585127
0 0.640625 0.19667318982387474 0.654296875 0.19960861056751467 0.671875 0.18786692759295498 0.671875 0.16829745596868884 0.6611328125 0.15753424657534246 0.6474609375 0.15753424657534246 0.63671875 0.1634050880626223 0.6318359375 0.17123287671232876 0.6328125 0.1888454011741683 0.640625 0.19667318982387474
0 0.71484375 0.1643835616438356 0.7275390625 0.16634050880626222 0.7392578125 0.15851272015655576 0.744140625 0.14187866927592954 0.7373046875 0.12818003913894324 0.72265625 0.12133072407045009 0.7041015625 0.13209393346379647 0.7060546875 0.15459882583170254 0.71484375 0.1643835616438356
0 0.9560546875 0.5489236790606653 0.96875 0.5401174168297456 0.9912109375 0.5371819960861057 0.9990234375 0.5293542074363992 0.9990234375 0.5176125244618395 0.9892578125 0.509784735812133 0.9775390625 0.5078277886497065 0.9658203125 0.5136986301369862 0.9453125 0.5332681017612524 0.9462890625 0.5459882583170254 0.9560546875 0.5489236790606653
0 0.328125 0.06653620352250489 0.3369140625 0.06555772994129158 0.341796875 0.060665362035225046 0.33984375 0.05283757338551859 0.3271484375 0.040117416829745595 0.3203125 0.0410958904109589 0.322265625 0.06164383561643836 0.328125 0.06653620352250489