0 0.224609375 0.14677103718199608 0.240234375 0.1487279843444227 0.279296875 0.1634050880626223 0.2919921875 0.1634050880626223 0.31640625 0.15557729941291584 0.3251953125 0.14383561643835616 0.32421875 0.12524461839530332 0.318359375 0.11937377690802346 0.3076171875 0.11545988258317026 0.287109375 0.11741682974559686 0.279296875 0.10176125244618395 0.2734375 0.09784735812133072 0.2666015625 0.09784735812133072 0.2587890625 0.1076320939334638 0.2373046875 0.11839530332681017 0.2216796875 0.1223091976516634 0.220703125 0.1379647749510763 0.224609375 0.14677103718199608
0 0.5361328125 0.20450097847358123 0.5634765625 0.22113502935420742 0.6103515625 0.21135029354207435 0.623046875 0.23776908023483365 0.6337890625 0.24853228962818003 0.65625 0.25146771037182 0.7060546875 0.2720156555772994 0.7333984375 0.26614481409001955 0.7421875 0.2583170254403131 0.751953125 0.2583170254403131 0.76953125 0.24070450097847357 0.7685546875 0.20939334637964774 0.76171875 0.20254403131115456 0.7568359375 0.2035225048923679 0.751953125 0.18395303326810175 0.740234375 0.16927592954990214 0.720703125 0.15557729941291584 0.6904296875 0.1506849315068493 0.666015625 0.13992172211350293 0.658203125 0.13992172211350293 0.619140625 0.162426614481409 0.5927734375 0.15753424657534246 0.580078125 0.16536203522504891 0.5634765625 0.1643835616438356 0.5322265625 0.19275929549902152 0.5302734375 0.19569471624266144 0.5361328125 0.20450097847358123
0 0.8935546875 0.0949119373776908 0.9150390625 0.09393346379647749 0.9306640625 0.10567514677103718 0.9384765625 0.10371819960861055 0.94140625 0.0949119373776908 0.9365234375 0.06262230919765166 0.919921875 0.05675146771037182 0.896484375 0.06653620352250489 0.892578125 0.07142857142857142 0.888671875 0.08512720156555773 0.8935546875 0.0949119373776908
0 0.5673828125 0.3013698630136986 0.5791015625 0.3013698630136986 0.587890625 0.29354207436399216 0.5888671875 0.2837573385518591 0.5791015625 0.2729941291585127 0.568359375 0.273972602739726 0.5615234375 0.28180039138943247 0.560546875 0.29158512720156554 0.5673828125 0.3013698630136986
0 0.458984375 0.42563600782778865 0.4853515625 0.42661448140900193 0.53125 0.4050880626223091 0.5703125 0.39921722113502933 0.576171875 0.3913894324853229 0.576171875 0.3835616438356164 0.5703125 0.37377690802348335 0.5576171875 0.36497064579256355 0.544921875 0.37377690802348335 0.4990234375 0.3698630136986301 0.4775390625 0.3884540117416829 0.458984375 0.3962818003913894 0.4541015625 0.40410958904109584 0.4541015625 0.41780821917808214 0.458984375 0.42563600782778865
0 0.37109375 0.3835616438356164 0.37109375 0.3913894324853229 0.380859375 0.4148727984344422 0.3935546875 0.4246575342465754 0.404296875 0.42759295499021527 0.43359375 0.3972602739726027 0.4296875 0.3747553816046966 0.4345703125 0.363013698630137 0.4208984375 0.3414872798434442 0.4052734375 0.3434442270058708 0.3876953125 0.35127201565557725 0.3828125 0.3571428571428571 0.3837890625 0.36692759295499017 0.37109375 0.3835616438356164
0 0.5234375 0.3679060665362035 0.5302734375 0.3698630136986301 0.5400390625 0.3659491193737769 0.541015625 0.3571428571428571 0.5361328125 0.34833659491193736 0.5263671875 0.34637964774951074 0.5205078125 0.35127201565557725 0.51953125 0.363013698630137 0.5234375 0.3679060665362035
0 0.4677734375 0.5068493150684932 0.48046875 0.5342465753424658 0.4951171875 0.5420743639921721 0.5048828125 0.5528375733855186 0.5029296875 0.5636007827788649 0.5078125 0.5684931506849316 0.51953125 0.5645792563600782 0.525390625 0.5371819960861057 0.5322265625 0.5293542074363992 0.546875 0.5205479452054794 0.5654296875 0.5225048923679061 0.5791015625 0.509784735812133 0.5791015625 0.49804305283757333 0.5732421875 0.4892367906066536 0.564453125 0.48532289628180036 0.5478515625 0.48727984344422703 0.533203125 0.47847358121330724 0.529296875 0.4637964774951076 0.5400390625 0.45205479452054786 0.541015625 0.43737769080234834 0.5322265625 0.42661448140900193 0.5234375 0.4227005870841487 0.5126953125 0.423679060665362 0.5 0.4305283757338552 0.46484375 0.43346379647749506 0.45703125 0.44129158512720157 0.4541015625 0.45205479452054786 0.4375 0.4637964774951076 0.431640625 0.47847358121330724 0.431640625 0.49510763209393344 0.4677734375 0.5068493150684932
0 0.3154296875 0.6634050880626223 0.3232421875 0.6643835616438356 0.3291015625 0.6604696673189824 0.3310546875 0.6506849315068493 0.3203125 0.6369863013698629 0.3125 0.6350293542074363 0.302734375 0.6428571428571428 0.302734375 0.6526418786692758 0.3154296875 0.6634050880626223
0 0.1201171875 0.7915851272015655 0.14453125 0.7994129158512719 0.15625 0.7896281800391389 0.15625 0.7788649706457925 0.1513671875 0.7720156555772995 0.1435546875 0.7710371819960861 0.130859375 0.7622309197651662 0.1201171875 0.7612524461839529 0.109375 0.7690802348336595 0.109375 0.7808219178082191 0.1201171875 0.7915851272015655
0 0.7353515625 0.6340508806262231 0.7529296875 0.6389432485322896 0.7646484375 0.6360078277886496 0.76953125 0.6174168297455969 0.765625 0.6076320939334637 0.767578125 0.5919765166340508 0.76171875 0.5841487279843445 0.7529296875 0.5802348336594911 0.7431640625 0.5812133072407045 0.72265625 0.586105675146771 0.716796875 0.5929549902152641 0.7177734375 0.608610567514677 0.7353515625 0.6340508806262231