0 0.4873046875 0.8727984344422699 0.4912109375 0.8776908023483365 0.509765625 0.8806262230919766 0.5400390625 0.8679060665362035 0.5458984375 0.8620352250489237 0.5498046875 0.8542074363992171 0.5458984375 0.8336594911937377 0.5576171875 0.8258317025440313 0.5634765625 0.8062622309197651 0.5498046875 0.7906066536203522 0.5537109375 0.7710371819960861 0.5439453125 0.7573385518590998 0.53125 0.7544031311154599 0.5126953125 0.7641878669275929 0.4970703125 0.7622309197651662 0.4912109375 0.7651663405088062 0.4921875 0.7827788649706457 0.4755859375 0.8082191780821917 0.474609375 0.8170254403131114 0.4873046875 0.8727984344422699
0 0.24609375 0.6174168297455969 0.265625 0.6242661448140899 0.30859375 0.6262230919765166 0.31640625 0.608610567514677 0.3193359375 0.5851272015655578 0.30078125 0.547945205479452 0.3310546875 0.4931506849315069 0.32421875 0.48630136986301364 0.318359375 0.4882583170254403 0.310546875 0.50293542074364 0.29296875 0.5225048923679061 0.248046875 0.550880626223092 0.2353515625 0.5694716242661448 0.23828125 0.6027397260273972 0.24609375 0.6174168297455969
0 0.509765625 0.9911937377690802 0.51953125 0.9921722113502934 0.5263671875 0.984344422700587 0.5205078125 0.9677103718199609 0.51171875 0.961839530332681 0.5029296875 0.9686888454011742 0.5009765625 0.9745596868884541 0.509765625 0.9911937377690802
0 0.7294921875 0.30332681017612523 0.7470703125 0.30528375733855184 0.771484375 0.2896281800391389 0.7744140625 0.27690802348336596 0.7666015625 0.2632093933463796 0.767578125 0.25244618395303325 0.779296875 0.24363992172211352 0.7822265625 0.2279843444227006 0.7685546875 0.20156555772994128 0.755859375 0.19863013698630136 0.748046875 0.20254403131115456 0.7314453125 0.2299412915851272 0.7314453125 0.24168297455968685 0.724609375 0.25440313111545987 0.7158203125 0.2583170254403131 0.705078125 0.273972602739726 0.708984375 0.2925636007827789 0.7294921875 0.30332681017612523
0 0.7451171875 0.19960861056751467 0.7509765625 0.1917808219178082 0.75 0.1780821917808219 0.740234375 0.17318982387475537 0.7353515625 0.18101761252446183 0.7373046875 0.19667318982387474 0.7451171875 0.19960861056751467
0 0.859375 0.2974559686888454 0.869140625 0.3013698630136986 0.880859375 0.2984344422700587 0.8828125 0.2847358121330724 0.876953125 0.27690802348336596 0.8623046875 0.27495107632093935 0.8544921875 0.28082191780821913 0.853515625 0.2896281800391389 0.859375 0.2974559686888454
0 0.1650390625 0.5675146771037182 0.171875 0.5655577299412916 0.17578125 0.5499021526418787 0.16796875 0.5401174168297456 0.1630859375 0.5401174168297456 0.1591796875 0.5459882583170254 0.16015625 0.5636007827788649 0.1650390625 0.5675146771037182
0 0.18359375 0.6682974559686887 0.20703125 0.6771037181996086 0.24609375 0.649706457925636 0.244140625 0.6350293542074363 0.224609375 0.5998043052837574 0.228515625 0.5929549902152641 0.2255859375 0.5763209393346379 0.21484375 0.5763209393346379 0.181640625 0.5929549902152641 0.1728515625 0.6066536203522505 0.16796875 0.6320939334637965 0.18359375 0.6682974559686887
0 0.4150390625 0.7651663405088062 0.4267578125 0.7583170254403131 0.4296875 0.735812133072407 0.4189453125 0.7279843444227005 0.4091796875 0.732876712328767 0.4091796875 0.7622309197651662 0.4150390625 0.7651663405088062
0 0.451171875 0.6829745596868884 0.4580078125 0.6859099804305283 0.466796875 0.6829745596868884 0.46875 0.6702544031311154 0.4658203125 0.6653620352250489 0.455078125 0.6634050880626223 0.4482421875 0.6702544031311154 0.447265625 0.6771037181996086 0.451171875 0.6829745596868884
0 0.306640625 0.6839530332681016 0.3115234375 0.6810176125244618 0.3134765625 0.6712328767123287 0.30859375 0.662426614481409 0.2998046875 0.6614481409001957 0.2939453125 0.6692759295499021 0.2958984375 0.6819960861056751 0.306640625 0.6839530332681016
0 0 0.4990215264187866 0.021484375 0.4882583170254403 0.0302734375 0.4569471624266145 0.0244140625 0.44422700587084146 0.01171875 0.43737769080234834 0.0048828125 0.4383561643835616 0 0.4403131115459883 0 0.4990215264187866
0 0.439453125 0.601761252446184 0.4501953125 0.6066536203522505 0.46875 0.598825831702544 0.47265625 0.5880626223091976 0.4599609375 0.5557729941291585 0.4404296875 0.5557729941291585 0.4306640625 0.5753424657534246 0.4296875 0.5851272015655578 0.439453125 0.601761252446184
0 0.748046875 0.40410958904109584 0.7490234375 0.4227005870841487 0.7333984375 0.45303326810176126 0.72265625 0.49706457925636005 0.7412109375 0.5156555772994129 0.783203125 0.5225048923679061 0.7900390625 0.5117416829745596 0.7880859375 0.48727984344422703 0.7919921875 0.47847358121330724 0.8173828125 0.446183953033268 0.8076171875 0.41291585127201563 0.8095703125 0.40410958904109584 0.8173828125 0.39921722113502933 0.8251953125 0.38454011741682975 0.8330078125 0.35812133072407043 0.8310546875 0.34540117416829746 0.8203125 0.33170254403131116 0.810546875 0.32583170254403127 0.78125 0.31898238747553814 0.771484375 0.33268101761252444 0.7509765625 0.3434442270058708 0.7431640625 0.3571428571428571 0.73828125 0.3786692759295499 0.73828125 0.38747553816046965 0.748046875 0.40410958904109584
0 0.8828125 0.40998043052837574 0.8896484375 0.40802348336594907 0.9013671875 0.3933463796477495 0.900390625 0.38747553816046965 0.89453125 0.3835616438356164 0.8828125 0.38454011741682975 0.8779296875 0.38943248532289626 0.8759765625 0.40313111545988256 0.8828125 0.40998043052837574
0 0.8330078125 0.16536203522504891 0.8525390625 0.1888454011741683 0.873046875 0.20254403131115456 0.8837890625 0.19960861056751467 0.896484375 0.18493150684931506 0.8984375 0.1771037181996086 0.91796875 0.15655577299412915 0.9267578125 0.15166340508806261 0.931640625 0.15557729941291584 0.9423828125 0.15362035225048923 0.951171875 0.14481409001956946 0.9501953125 0.13307240704500978 0.935546875 0.12328767123287672 0.9248046875 0.1086105675146771 0.91796875 0.1076320939334638 0.8837890625 0.11448140900195694 0.8447265625 0.11350293542074363 0.8349609375 0.13307240704500978 0.8310546875 0.15655577299412915 0.8330078125 0.16536203522504891
0 0.978515625 0.7945205479452054 0.9892578125 0.7974559686888454 0.9990234375 0.793542074363992 0.9873046875 0.7788649706457925 0.974609375 0.7788649706457925 0.97265625 0.786692759295499 0.978515625 0.7945205479452054