0 0.759765625 0.22602739726027393 0.7705078125 0.22407045009784735 0.77734375 0.2074363992172211 0.7890625 0.20254403131115456 0.794921875 0.20841487279843443 0.80078125 0.22602739726027393 0.8076171875 0.2318982387475538 0.814453125 0.2318982387475538 0.8232421875 0.223091976516634 0.826171875 0.21330724070450097 0.822265625 0.1888454011741683 0.8447265625 0.16144814090019569 0.83984375 0.13992172211350293 0.8271484375 0.12622309197651663 0.8173828125 0.12328767123287672 0.798828125 0.1360078277886497 0.7880859375 0.15264187866927592 0.779296875 0.14579256360078277 0.7734375 0.14677103718199608 0.76953125 0.15264187866927592 0.7734375 0.18003913894324852 0.7529296875 0.19569471624266144 0.751953125 0.21428571428571427 0.759765625 0.22602739726027393
0 0.3916015625 0.3287671232876712 0.4169921875 0.33561643835616434 0.4267578125 0.3268101761252446 0.427734375 0.31898238747553814 0.4013671875 0.29354207436399216 0.3828125 0.29060665362035226 0.3740234375 0.29549902152641877 0.375 0.31702544031311153 0.3916015625 0.3287671232876712
0 0.3720703125 0.20939334637964774 0.3818359375 0.2054794520547945 0.3828125 0.19960861056751467 0.37890625 0.19471624266144813 0.3720703125 0.19373776908023482 0.3681640625 0.19765166340508805 0.3671875 0.20254403131115456 0.3720703125 0.20939334637964774
0 0.462890625 0.19569471624266144 0.474609375 0.19765166340508805 0.4814453125 0.1908023483365949 0.482421875 0.18395303326810175 0.474609375 0.175146771037182 0.4677734375 0.175146771037182 0.4599609375 0.18199608610567514 0.458984375 0.1898238747553816 0.462890625 0.19569471624266144
0 0.4873046875 0.8180039138943249 0.498046875 0.8170254403131114 0.501953125 0.8072407045009784 0.5087890625 0.8043052837573385 0.50390625 0.7886497064579256 0.4873046875 0.793542074363992 0.4833984375 0.7994129158512719 0.4814453125 0.8101761252446182 0.4873046875 0.8180039138943249
0 0.5126953125 0.8395303326810175 0.544921875 0.834637964774951 0.57421875 0.8414872798434441 0.5986328125 0.8679060665362035 0.62109375 0.8669275929549901 0.6259765625 0.8864970645792564 0.6416015625 0.8992172211350293 0.6669921875 0.9080234833659491 0.6767578125 0.9041095890410957 0.6953125 0.8864970645792564 0.7041015625 0.8551859099804305 0.69140625 0.8414872798434441 0.67578125 0.8336594911937377 0.669921875 0.8170254403131114 0.6552734375 0.809197651663405 0.6435546875 0.812133072407045 0.6376953125 0.8336594911937377 0.6279296875 0.8405088062622308 0.5966796875 0.8238747553816047 0.5859375 0.821917808219178 0.5625 0.7984344422700587 0.521484375 0.8052837573385518 0.5087890625 0.824853228962818 0.5078125 0.834637964774951 0.5126953125 0.8395303326810175
0 0.63671875 0.9422700587084147 0.6435546875 0.9461839530332681 0.6552734375 0.9686888454011742 0.6611328125 0.9745596868884541 0.6708984375 0.9784735812133072 0.681640625 0.9774951076320939 0.6875 0.9745596868884541 0.6962890625 0.9628180039138943 0.7001953125 0.949119373776908 0.7001953125 0.9354207436399216 0.6943359375 0.9266144814090019 0.6865234375 0.920743639921722 0.6748046875 0.9168297455968688 0.666015625 0.9168297455968688 0.6572265625 0.9129158512720157 0.6513671875 0.9129158512720157 0.6396484375 0.9236790606653621 0.6357421875 0.9305283757338552 0.634765625 0.9383561643835616 0.63671875 0.9422700587084147
0 0.361328125 0.018590998043052837 0.3701171875 0.021526418786692758 0.3798828125 0.015655577299412915 0.380859375 0 0.3564453125 0 0.35546875 0.009784735812133072 0.361328125 0.018590998043052837
0 0.5185546875 0.029354207436399216 0.5419921875 0.03816046966731898 0.5517578125 0.03816046966731898 0.5595703125 0.023483365949119372 0.55859375 0.016634050880626222 0.55078125 0.011741682974559686 0.5234375 0.012720156555772993 0.5146484375 0.01761252446183953 0.513671875 0.022504892367906065 0.5185546875 0.029354207436399216
0 0.9521484375 0.6291585127201565 0.962890625 0.6409001956947162 0.986328125 0.6526418786692758 0.9990234375 0.649706457925636 0.9990234375 0.6007827788649707 0.966796875 0.5939334637964775 0.9541015625 0.6056751467710371 0.94921875 0.6183953033268101 0.9521484375 0.6291585127201565
0 0.703125 0.2974559686888454 0.7099609375 0.2984344422700587 0.7197265625 0.2896281800391389 0.720703125 0.2788649706457925 0.7158203125 0.273972602739726 0.705078125 0.2720156555772994 0.6953125 0.2788649706457925 0.6953125 0.29158512720156554 0.703125 0.2974559686888454