0 0.3720703125 0.16829745596868884 0.392578125 0.17318982387475537 0.40234375 0.16829745596868884 0.4072265625 0.14677103718199608 0.400390625 0.1350293542074364 0.390625 0.13013698630136986 0.3759765625 0.12915851272015655 0.365234375 0.13209393346379647 0.361328125 0.13894324853228962 0.3642578125 0.15851272015655576 0.3720703125 0.16829745596868884
0 0.2939453125 0.33072407045009783 0.3134765625 0.3395303326810176 0.3173828125 0.3473581213307241 0.3505859375 0.3473581213307241 0.37890625 0.3522504892367906 0.3935546875 0.3424657534246575 0.4013671875 0.34442270058708413 0.4140625 0.3395303326810176 0.4384765625 0.3238747553816047 0.4384765625 0.2984344422700587 0.423828125 0.27984344422700586 0.4013671875 0.273972602739726 0.38671875 0.27788649706457924 0.3681640625 0.2583170254403131 0.326171875 0.23581213307240706 0.3134765625 0.23581213307240706 0.30078125 0.24363992172211352 0.2900390625 0.2583170254403131 0.2861328125 0.273972602739726 0.2890625 0.3238747553816047 0.2939453125 0.33072407045009783
0 0.375 0.25146771037182 0.3896484375 0.25440313111545987 0.3935546875 0.25048923679060664 0.396484375 0.23581213307240706 0.390625 0.2279843444227006 0.3798828125 0.22700587084148727 0.37109375 0.23679060665362034 0.3701171875 0.24657534246575344 0.375 0.25146771037182
0 0.333984375 0.40313111545988256 0.341796875 0.40410958904109584 0.3447265625 0.38747553816046965 0.3388671875 0.36203522504892366 0.33203125 0.3542074363992172 0.328125 0.3532289628180039 0.3232421875 0.35812133072407043 0.3203125 0.38747553816046965 0.333984375 0.40313111545988256
0 0.513671875 0.2700587084148728 0.51171875 0.27495107632093935 0.521484375 0.2876712328767123 0.50390625 0.32093933463796476 0.5048828125 0.3277886497064579 0.5185546875 0.3414872798434442 0.5185546875 0.3542074363992172 0.5048828125 0.36203522504892366 0.505859375 0.3913894324853229 0.5078125 0.4021526418786692 0.5244140625 0.41976516634050876 0.5400390625 0.4246575342465754 0.5546875 0.4217221135029354 0.5595703125 0.41682974559686886 0.5673828125 0.4021526418786692 0.5673828125 0.38943248532289626 0.5615234375 0.37573385518590996 0.5810546875 0.3473581213307241 0.58203125 0.3405088062622309 0.5908203125 0.3395303326810176 0.603515625 0.3747553816046966 0.6123046875 0.38649706457925637 0.623046875 0.39041095890410954 0.63671875 0.38943248532289626 0.6533203125 0.38062622309197647 0.685546875 0.38747553816046965 0.6962890625 0.3796477495107632 0.7041015625 0.36497064579256355 0.703125 0.34637964774951074 0.6943359375 0.3336594911937377 0.689453125 0.31017612524461835 0.6826171875 0.30332681017612523 0.654296875 0.3013698630136986 0.642578125 0.2720156555772994 0.6494140625 0.2455968688845401 0.64453125 0.2299412915851272 0.6181640625 0.223091976516634 0.6123046875 0.23091976516634052 0.599609375 0.23679060665362034 0.580078125 0.23874755381604693 0.5732421875 0.2191780821917808 0.548828125 0.21037181996086102 0.537109375 0.2162426614481409 0.5205078125 0.23679060665362034 0.5048828125 0.23679060665362034 0.501953125 0.24070450097847357 0.5009765625 0.24755381604696672 0.513671875 0.2700587084148728
0 0.7880859375 0.8277886497064578 0.802734375 0.8414872798434441 0.837890625 0.8512720156555773 0.857421875 0.8669275929549901 0.8623046875 0.8669275929549901 0.8720703125 0.8561643835616438 0.8759765625 0.8356164383561643 0.9130859375 0.8180039138943249 0.919921875 0.809197651663405 0.94140625 0.8209393346379648 0.9521484375 0.8199608610567515 0.9599609375 0.8140900195694716 0.9658203125 0.7994129158512719 0.9658203125 0.7573385518590998 0.9619140625 0.7446183953033267 0.947265625 0.7309197651663404 0.943359375 0.7113502935420744 0.9638671875 0.6986301369863013 0.982421875 0.6927592954990215 0.994140625 0.678082191780822 0.99609375 0.6634050880626223 0.9921875 0.6467710371819961 0.9833984375 0.6340508806262231 0.9638671875 0.6350293542074363 0.9453125 0.6301369863013698 0.93359375 0.6389432485322896 0.9189453125 0.6614481409001957 0.8955078125 0.6800391389432485 0.884765625 0.6839530332681016 0.8720703125 0.675146771037182 0.8681640625 0.6682974559686887 0.8701171875 0.6409001956947162 0.8896484375 0.5851272015655578 0.9111328125 0.5547945205479452 0.912109375 0.5459882583170254 0.9072265625 0.538160469667319 0.90234375 0.5371819960861057 0.884765625 0.5489236790606653 0.880859375 0.5792563600782779 0.8515625 0.6585127201565557 0.833984375 0.6859099804305283 0.8076171875 0.700587084148728 0.7978515625 0.7113502935420744 0.7880859375 0.7446183953033267 0.78125 0.7788649706457925 0.7880859375 0.8277886497064578
0 0.451171875 0.8669275929549901 0.4677734375 0.8688845401174168 0.4794921875 0.8620352250489237 0.4833984375 0.8414872798434441 0.4765625 0.8317025440313112 0.458984375 0.8268101761252445 0.443359375 0.834637964774951 0.4404296875 0.8512720156555773 0.451171875 0.8669275929549901
0 0.431640625 0.9726027397260273 0.4375 0.9774951076320939 0.4443359375 0.9765166340508806 0.45703125 0.9628180039138943 0.4560546875 0.9530332681017611 0.4521484375 0.9500978473581213 0.4404296875 0.9520547945205479 0.431640625 0.9637964774951076 0.431640625 0.9726027397260273
0 0 0.4637964774951076 0.0068359375 0.47749510763209385 0.0068359375 0.49804305283757333 0.03125 0.49706457925636005 0.037109375 0.49021526418786693 0.0380859375 0.48140900195694714 0.029296875 0.4628180039138943 0.017578125 0.45205479452054786 0.00390625 0.45205479452054786 0 0.4559686888454012 0 0.4637964774951076
0 0.07421875 0.4383561643835616 0.0810546875 0.4393346379647749 0.087890625 0.4315068493150685 0.08984375 0.40900195694716246 0.0830078125 0.40410958904109584 0.0732421875 0.4070450097847358 0.0693359375 0.4315068493150685 0.07421875 0.4383561643835616
0 0.3203125 0.05968688845401173 0.326171875 0.05870841487279843 0.33203125 0.04500978473581213 0.3310546875 0.03718199608610567 0.3232421875 0.030332681017612523 0.3154296875 0.030332681017612523 0.3115234375 0.03522504892367906 0.3125 0.05283757338551859 0.3203125 0.05968688845401173