0 0.2607421875 0.4403131115459883 0.2705078125 0.44227005870841485 0.2890625 0.4559686888454012 0.3076171875 0.4549902152641878 0.32421875 0.4628180039138943 0.3408203125 0.4598825831702544 0.349609375 0.45401174168297453 0.3447265625 0.42857142857142855 0.34765625 0.4138943248532289 0.3271484375 0.38943248532289626 0.3310546875 0.37573385518590996 0.318359375 0.36007827788649704 0.310546875 0.36007827788649704 0.2998046875 0.36692759295499017 0.2861328125 0.3610567514677104 0.27734375 0.363013698630137 0.2734375 0.36888454011741684 0.275390625 0.3796477495107632 0.26953125 0.3884540117416829 0.2548828125 0.39041095890410954 0.248046875 0.3962818003913894 0.2421875 0.4217221135029354 0.2607421875 0.4403131115459883
0 0.2373046875 0.4823874755381604 0.244140625 0.4843444227005871 0.251953125 0.4794520547945205 0.25390625 0.4716242661448141 0.2490234375 0.4647749510763209 0.2412109375 0.4628180039138943 0.2333984375 0.4677103718199608 0.232421875 0.47749510763209385 0.2373046875 0.4823874755381604
0 0.2060546875 0.46086105675146766 0.2138671875 0.45303326810176126 0.2177734375 0.4324853228962818 0.212890625 0.42857142857142855 0.205078125 0.4305283757338552 0.1953125 0.4403131115459883 0.1943359375 0.4559686888454012 0.2060546875 0.46086105675146766
0 0.16015625 0.6193737769080234 0.1689453125 0.6203522504892367 0.1767578125 0.6154598825831703 0.177734375 0.6066536203522505 0.1728515625 0.5998043052837574 0.1630859375 0.598825831702544 0.15625 0.6037181996086105 0.1552734375 0.611545988258317 0.16015625 0.6193737769080234
0 0.1171875 0.2837573385518591 0.1474609375 0.2788649706457925 0.1650390625 0.2632093933463796 0.158203125 0.25244618395303325 0.1376953125 0.2495107632093933 0.1123046875 0.25440313111545987 0.1064453125 0.25929549902152643 0.1064453125 0.2690802348336595 0.1171875 0.2837573385518591
0 0 0.1917808219178082 0.013671875 0.19373776908023482 0.021484375 0.18493150684931506 0.021484375 0.1771037181996086 0.0126953125 0.16927592954990214 0.00390625 0.17025440313111545 0 0.17318982387475537 0 0.1917808219178082
0 0.8193359375 0.07338551859099804 0.818359375 0.08708414872798434 0.822265625 0.09882583170254403 0.8369140625 0.1076320939334638 0.84765625 0.10371819960861055 0.865234375 0.08317025440313111 0.8818359375 0.0821917808219178 0.896484375 0.0675146771037182 0.8974609375 0.04500978473581213 0.8896484375 0.033268101761252444 0.88671875 0.019569471624266144 0.8798828125 0.0136986301369863 0.859375 0.016634050880626222 0.8330078125 0.03718199608610567 0.828125 0.04598825831702544 0.830078125 0.06262230919765166 0.8193359375 0.07338551859099804
0 0.6513671875 0.0410958904109589 0.6572265625 0.040117416829745595 0.662109375 0.033268101761252444 0.6611328125 0.02837573385518591 0.6552734375 0.023483365949119372 0.646484375 0.025440313111545987 0.64453125 0.036203522504892366 0.6513671875 0.0410958904109589
0 0.51953125 0.33072407045009783 0.5205078125 0.3336594911937377 0.5244140625 0.337573385518591 0.5283203125 0.3395303326810176 0.53125 0.3395303326810176 0.5322265625 0.3405088062622309 0.537109375 0.3405088062622309 0.5419921875 0.3385518590998043 0.5439453125 0.33659491193737767 0.546875 0.33072407045009783 0.546875 0.3268101761252446 0.5419921875 0.31702544031311153 0.541015625 0.31702544031311153 0.537109375 0.31409001956947163 0.52734375 0.31409001956947163 0.525390625 0.3150684931506849 0.521484375 0.31898238747553814 0.5205078125 0.32093933463796476 0.51953125 0.3238747553816047 0.51953125 0.33072407045009783
0 0.505859375 0.3111545988258317 0.5078125 0.3150684931506849 0.51171875 0.31702544031311153 0.5166015625 0.31702544031311153 0.521484375 0.3131115459882583 0.5224609375 0.3111545988258317 0.5224609375 0.3062622309197652 0.51953125 0.3023483365949119 0.51171875 0.30039138943248533 0.5087890625 0.3013698630136986 0.5068359375 0.30332681017612523 0.505859375 0.30528375733855184 0.505859375 0.3111545988258317
0 0.876953125 0.10469667318982387 0.8818359375 0.11056751467710371 0.8857421875 0.11252446183953033 0.890625 0.11252446183953033 0.8984375 0.11741682974559686 0.904296875 0.11643835616438356 0.90625 0.11448140900195694 0.9072265625 0.11252446183953033 0.9072265625 0.10665362035225048 0.900390625 0.09099804305283757 0.8974609375 0.08806262230919765 0.89453125 0.08708414872798434 0.8876953125 0.08708414872798434 0.88671875 0.08806262230919765 0.8837890625 0.08806262230919765 0.8798828125 0.09001956947162426 0.8779296875 0.09393346379647749 0.876953125 0.09686888454011741 0.876953125 0.10469667318982387
0 0.304384765625 0.6324735812133072 0.304384765625 0.6310508806262229 0.300478515625 0.6139784735812133 0.29834765625 0.60579843444227 0.298703125 0.5976183953033267 0.2979931640625 0.5887270058708414 0.293021484375 0.5837475538160469 0.2837890625 0.5876594911937377 0.2809482421875 0.5837475538160469 0.2809482421875 0.5769902152641878 0.2773974609375 0.5670313111545988 0.2702958984375 0.5652534246575341 0.26141796875 0.5656086105675147 0.258578125 0.568454011741683 0.250765625 0.5801908023483366 0.2514755859375 0.5880156555772993 0.2539619140625 0.5947729941291584 0.24721484375 0.5986849315068492 0.23798242187500002 0.6025978473581213 0.22839453125000003 0.6097103718199609 0.223423828125 0.6193140900195694 0.223423828125 0.6282054794520546 0.2205830078125 0.6335401174168297 0.215966796875 0.6370968688845402 0.206734375 0.6385195694716242 0.202828125 0.636385518590998 0.1943056640625 0.642431506849315 0.19146484375 0.6541682974559686 0.20318261718750003 0.6595039138943248 0.2106396484375 0.6605704500978473 0.2209375 0.6673277886497064 0.2298154296875 0.672307240704501 0.24046777343749998 0.6769305283757338 0.2514755859375 0.6719520547945205 0.2532509765625 0.6634158512720155 0.2578671875 0.6580812133072407 0.268875 0.6573698630136986 0.2791728515625 0.6570136986301369 0.29834765625 0.6584363992172211 0.309626953125 0.6514872798434442 0.30616015625 0.642431506849315 0.304384765625 0.6324735812133072
0 0.29834765625 0.3285567514677104 0.2997685546875 0.32393346379647747 0.3054501953125 0.313619373776908 0.308291015625 0.309706457925636 0.3086455078125 0.30045988258317025 0.3086455078125 0.2951252446183953 0.3121962890625 0.2887230919765166 0.3121962890625 0.2798317025440313 0.307935546875 0.27449608610567516 0.3018994140625 0.26702739726027397 0.298703125 0.2584911937377691 0.2962177734375 0.25173385518590996 0.286275390625 0.25529060665362036 0.282369140625 0.2584911937377691 0.278818359375 0.2620479452054794 0.271005859375 0.2588473581213307 0.2642587890625 0.2634706457925636 0.2646142578125 0.27129549902152644 0.2610634765625 0.2752074363992172 0.256447265625 0.2816095890410959 0.2557373046875 0.29761448140900193 0.2610634765625 0.3065058708414873 0.2660341796875 0.31219667318982386 0.27278125 0.318954011741683 0.2816591796875 0.32428864970645793 0.2773974609375 0.3335362035225049 0.278107421875 0.34385029354207436 0.289470703125 0.35274168297455966 0.2994130859375 0.3520303326810176 0.303236328125 0.34349902152641876 0.3011884765625 0.33460371819960855 0.29834765625 0.3285567514677104
0 0.380859375 0.3277886497064579 0.3857421875 0.33170254403131116 0.39453125 0.33170254403131116 0.3955078125 0.33072407045009783 0.3984375 0.33072407045009783 0.400390625 0.3287671232876712 0.4013671875 0.3287671232876712 0.404296875 0.324853228962818 0.404296875 0.31604696673189825 0.4013671875 0.31213307240704496 0.4013671875 0.3111545988258317 0.3984375 0.30919765166340507 0.390625 0.30919765166340507 0.388671875 0.31017612524461835 0.3828125 0.31702544031311153 0.380859375 0.32093933463796476 0.380859375 0.3277886497064579
0 0.3857421875 0.29354207436399216 0.38671875 0.29452054794520544 0.38671875 0.2974559686888454 0.3896484375 0.30039138943248533 0.392578125 0.3013698630136986 0.3994140625 0.3013698630136986 0.4033203125 0.299412915851272 0.4052734375 0.2974559686888454 0.412109375 0.2837573385518591 0.412109375 0.2788649706457925 0.4111328125 0.2759295499021526 0.400390625 0.2759295499021526 0.3974609375 0.27690802348336596 0.3955078125 0.2788649706457925 0.39453125 0.2788649706457925 0.38671875 0.286692759295499 0.3857421875 0.2886497064579256 0.3857421875 0.29354207436399216
0 0.3095703125 0.060665362035225046 0.3095703125 0.06457925636007827 0.310546875 0.0675146771037182 0.3134765625 0.07142857142857142 0.31640625 0.07240704500978473 0.3193359375 0.07240704500978473 0.3203125 0.07338551859099804 0.322265625 0.07240704500978473 0.3271484375 0.07240704500978473 0.3310546875 0.07045009784735812 0.3349609375 0.06653620352250489 0.3359375 0.06457925636007827 0.3349609375 0.060665362035225046 0.3232421875 0.04892367906066536 0.3173828125 0.04892367906066536 0.3154296875 0.049902152641878667 0.3115234375 0.0538160469667319 0.310546875 0.05675146771037182 0.310546875 0.05968688845401173 0.3095703125 0.060665362035225046
0 0.664439453125 0.3482318982387475 0.650888671875 0.35087181996086103 0.647876953125 0.36331506849315065 0.6283037109375 0.3561506849315068 0.609859375 0.35879060665362034 0.590287109375 0.36708610567514677 0.577865234375 0.3821682974559687 0.561302734375 0.40517025440313115 0.5526455078125 0.42402446183953035 0.5503876953125 0.4417465753424657 0.55226953125 0.4530587084148728 0.541353515625 0.4511731898238748 0.5338251953125 0.4613542074363992 0.5221572265625 0.4587152641878669 0.5138759765625 0.4647485322896282 0.51274609375 0.4771917808219178 0.5206513671875 0.4903894324853229 0.5326962890625 0.4903894324853229 0.5394716796875 0.4843561643835616 0.5447412109375 0.48963502935420744 0.5526455078125 0.48812720156555767 0.5526455078125 0.49189726027397257 0.5594208984375 0.4975538160469667 0.572595703125 0.4949138943248532 0.577865234375 0.4885039138943248 0.586146484375 0.4937827788649706 0.576359375 0.500192759295499 0.5718427734375 0.5122592954990215 0.578994140625 0.5209324853228963 0.587275390625 0.5224403131115459 0.592921875 0.5201780821917807 0.5993203125 0.5198013698630136 0.6109892578125 0.5213091976516634 0.62115234375 0.5198013698630136 0.6271748046875 0.5156536203522505 0.627927734375 0.5077348336594911 0.6256689453125 0.5005704500978474 0.6339501953125 0.500192759295499 0.647876953125 0.4986849315068492 0.665568359375 0.4911428571428571 0.6715908203125 0.48511056751467707 0.6757314453125 0.471912915851272 0.68815234375 0.46059980430528374 0.701703125 0.4549442270058708 0.7096083984375 0.4440088062622308 0.7122431640625 0.43420547945205473 0.7039619140625 0.41949902152641877 0.6919169921875 0.4044158512720156 0.6828828125 0.39687475538160466 0.679119140625 0.3904647749510763 0.6787421875 0.3802837573385518 0.68175390625 0.37349608610567514 0.680287109375 0.3601497064579256 0.6753544921875 0.3557739726027397 0.664439453125 0.3482318982387475
0 0.791015625 0.3590998043052837 0.7998046875 0.3698630136986301 0.8125 0.36692759295499017 0.8486328125 0.33072407045009783 0.84375 0.32093933463796476 0.82421875 0.31409001956947163 0.7919921875 0.3219178082191781 0.7890625 0.3277886497064579 0.791015625 0.3590998043052837
0 0.66796875 0.1487279843444227 0.6787109375 0.14774951076320939 0.6845703125 0.14187866927592954 0.68359375 0.13307240704500978 0.6787109375 0.12915851272015655 0.6708984375 0.12915851272015655 0.6650390625 0.1360078277886497 0.6640625 0.14383561643835616 0.66796875 0.1487279843444227
0 0.9052734375 0.21428571428571427 0.908203125 0.2152641878669276 0.9140625 0.2152641878669276 0.9150390625 0.21428571428571427 0.9189453125 0.21428571428571427 0.9208984375 0.21330724070450097 0.9248046875 0.20939334637964774 0.92578125 0.2074363992172211 0.9248046875 0.20254403131115456 0.919921875 0.19765166340508805 0.91796875 0.19667318982387474 0.9130859375 0.19667318982387474 0.9091796875 0.19863013698630136 0.904296875 0.2035225048923679 0.9033203125 0.21135029354207435 0.9052734375 0.21428571428571427