0 0.3427734375 0.13405088062622308 0.3525390625 0.13307240704500978 0.3623046875 0.14383561643835616 0.373046875 0.14187866927592954 0.3857421875 0.12133072407045009 0.3837890625 0.1076320939334638 0.3681640625 0.09197651663405088 0.3603515625 0.09393346379647749 0.3505859375 0.10371819960861055 0.3388671875 0.10469667318982387 0.333984375 0.11252446183953033 0.3349609375 0.13013698630136986 0.3427734375 0.13405088062622308
0 0.193359375 0.47064579256360073 0.1884765625 0.4931506849315069 0.1962890625 0.5107632093933463 0.2392578125 0.5156555772994129 0.2744140625 0.5 0.283203125 0.50293542074364 0.2880859375 0.49804305283757333 0.2890625 0.4833659491193737 0.2802734375 0.4726027397260274 0.2783203125 0.4637964774951076 0.259765625 0.4559686888454012 0.2548828125 0.4383561643835616 0.2470703125 0.4305283757338552 0.234375 0.42661448140900193 0.212890625 0.4295499021526418 0.1865234375 0.44129158512720157 0.1826171875 0.4481409001956947 0.181640625 0.4559686888454012 0.193359375 0.47064579256360073
0 0.421875 0.1771037181996086 0.4208984375 0.20156555772994128 0.427734375 0.22211350293542073 0.4375 0.22602739726027393 0.4580078125 0.22407045009784735 0.4755859375 0.20841487279843443 0.4921875 0.18395303326810175 0.521484375 0.1780821917808219 0.5361328125 0.16536203522504891 0.533203125 0.15362035225048923 0.5048828125 0.15264187866927592 0.4873046875 0.13013698630136986 0.4765625 0.12622309197651663 0.474609375 0.11643835616438356 0.4638671875 0.11252446183953033 0.4580078125 0.11252446183953033 0.447265625 0.1223091976516634 0.44140625 0.12035225048923678 0.4296875 0.12426614481409001 0.423828125 0.13405088062622308 0.4296875 0.1506849315068493 0.421875 0.1771037181996086
0 0.451171875 0.07534246575342465 0.4619140625 0.0821917808219178 0.47265625 0.0958904109589041 0.484375 0.09882583170254403 0.4931640625 0.07436399217221135 0.494140625 0.060665362035225046 0.48828125 0.049902152641878667 0.4775390625 0.04207436399217221 0.4541015625 0.03718199608610567 0.4423828125 0.04403131115459882 0.44140625 0.05870841487279843 0.451171875 0.07534246575342465
0 0.6796875 0.796477495107632 0.677734375 0.8140900195694716 0.6806640625 0.8238747553816047 0.6845703125 0.8277886497064578 0.712890625 0.8238747553816047 0.7265625 0.8003913894324853 0.7177734375 0.7827788649706457 0.724609375 0.7475538160469667 0.7138671875 0.7162426614481409 0.7041015625 0.7084148727984344 0.6884765625 0.7064579256360078 0.662109375 0.7162426614481409 0.6474609375 0.732876712328767 0.650390625 0.7602739726027397 0.6796875 0.796477495107632
0 0.7001953125 0.8610567514677104 0.70703125 0.8620352250489237 0.7138671875 0.8561643835616438 0.71484375 0.850293542074364 0.7109375 0.8454011741682974 0.7041015625 0.8424657534246576 0.6962890625 0.8444227005870841 0.6943359375 0.8532289628180039 0.7001953125 0.8610567514677104
0 0.2177734375 0.7524461839530332 0.2275390625 0.7504892367906066 0.2392578125 0.7367906066536203 0.2373046875 0.7270058708414873 0.228515625 0.7221135029354208 0.21875 0.7221135029354208 0.2119140625 0.7309197651663404 0.2119140625 0.7446183953033267 0.2177734375 0.7524461839530332
0 0.17578125 0.5880626223091976 0.1884765625 0.573385518590998 0.19140625 0.557729941291585 0.181640625 0.538160469667319 0.16796875 0.5420743639921721 0.16015625 0.5489236790606653 0.1640625 0.5841487279843445 0.17578125 0.5880626223091976
0 0.1240234375 0.5205479452054794 0.13671875 0.5185909980430529 0.1376953125 0.5107632093933463 0.1328125 0.5039138943248532 0.1220703125 0.5078277886497065 0.12109375 0.5176125244618395 0.1240234375 0.5205479452054794
0 0.20703125 0.8913894324853228 0.2138671875 0.8864970645792564 0.2236328125 0.8600782778864969 0.2158203125 0.8551859099804305 0.2021484375 0.8590998043052837 0.19921875 0.8884540117416829 0.20703125 0.8913894324853228
0 0.2587890625 0.1908023483365949 0.2666015625 0.1908023483365949 0.2763671875 0.18297455968688844 0.275390625 0.16927592954990214 0.2685546875 0.1634050880626223 0.2587890625 0.162426614481409 0.248046875 0.17025440313111545 0.25 0.18395303326810175 0.2587890625 0.1908023483365949
0 0.365234375 0.7093933463796478 0.380859375 0.7045009784735812 0.3828125 0.6927592954990215 0.376953125 0.684931506849315 0.369140625 0.684931506849315 0.3603515625 0.6917808219178082 0.3583984375 0.7025440313111545 0.365234375 0.7093933463796478
0 0.6884765625 0.4892367906066536 0.705078125 0.47651663405088057 0.70703125 0.46868884540117417 0.7001953125 0.4589041095890411 0.6953125 0.45792563600782776 0.6767578125 0.4735812133072407 0.677734375 0.4843444227005871 0.6884765625 0.4892367906066536
0 0.9296875 0.37084148727984345 0.9365234375 0.37181996086105673 0.9453125 0.3659491193737769 0.9443359375 0.35812133072407043 0.9384765625 0.3532289628180039 0.9267578125 0.3561643835616438 0.92578125 0.36497064579256355 0.9296875 0.37084148727984345
0 0.1357421875 0.299412915851272 0.1435546875 0.299412915851272 0.150390625 0.29354207436399216 0.1455078125 0.2837573385518591 0.1298828125 0.2857142857142857 0.1298828125 0.29452054794520544 0.1357421875 0.299412915851272