0 0.38671875 0.36888454011741684 0.400390625 0.38454011741682975 0.4130859375 0.38747553816046965 0.435546875 0.36203522504892366 0.435546875 0.3414872798434442 0.427734375 0.33170254403131116 0.4111328125 0.32289628180039137 0.4013671875 0.3238747553816047 0.3857421875 0.3385518590998043 0.3837890625 0.36007827788649704 0.38671875 0.36888454011741684
0 0.4970703125 0.398238747553816 0.51171875 0.4050880626223091 0.537109375 0.40802348336594907 0.560546875 0.3825831702544031 0.55859375 0.35127201565557725 0.552734375 0.3424657534246575 0.537109375 0.3395303326810176 0.5322265625 0.3414872798434442 0.5185546875 0.363013698630137 0.486328125 0.3796477495107632 0.486328125 0.38747553816046965 0.4970703125 0.398238747553816
0 0.482421875 0.5459882583170254 0.4951171875 0.5547945205479452 0.5234375 0.5587084148727983 0.5419921875 0.5704500978473581 0.5732421875 0.5772994129158512 0.59765625 0.5724070450097847 0.6083984375 0.5596868884540117 0.5966796875 0.5215264187866928 0.572265625 0.5039138943248532 0.5478515625 0.4921722113502935 0.5126953125 0.48727984344422703 0.486328125 0.4911937377690802 0.48046875 0.4931506849315069 0.4677734375 0.5088062622309197 0.4677734375 0.5264187866927592 0.482421875 0.5459882583170254
0 0.326171875 0.7348336594911937 0.3349609375 0.7436399217221135 0.349609375 0.7465753424657533 0.359375 0.7416829745596869 0.3681640625 0.7221135029354208 0.3681640625 0.7133072407045009 0.3564453125 0.6937377690802349 0.3408203125 0.684931506849315 0.328125 0.697651663405088 0.3173828125 0.7025440313111545 0.3154296875 0.7103718199608611 0.326171875 0.7348336594911937
0 0.478515625 0.6389432485322896 0.4892578125 0.6448140900195695 0.5 0.6428571428571428 0.509765625 0.6183953033268101 0.505859375 0.6056751467710371 0.4892578125 0.6037181996086105 0.4775390625 0.6144814090019569 0.4755859375 0.6330724070450098 0.478515625 0.6389432485322896
0 0.6884765625 0.9373776908023483 0.7060546875 0.9393346379647749 0.7412109375 0.9559686888454012 0.7646484375 0.9530332681017611 0.771484375 0.9461839530332681 0.783203125 0.913894324853229 0.77734375 0.8874755381604696 0.7646484375 0.8718199608610566 0.7509765625 0.8659491193737768 0.7373046875 0.8639921722113503 0.7021484375 0.8688845401174168 0.69921875 0.8747553816046967 0.6884765625 0.8796477495107631 0.681640625 0.8953033268101761 0.6796875 0.9178082191780822 0.6884765625 0.9373776908023483
0 0.783203125 0.29452054794520544 0.81640625 0.2876712328767123 0.826171875 0.27690802348336596 0.82421875 0.2632093933463796 0.8154296875 0.25733855185909976 0.78125 0.2583170254403131 0.767578125 0.2700587084148728 0.7685546875 0.2847358121330724 0.783203125 0.29452054794520544
0 0.5498046875 0.22896281800391388 0.5625 0.22700587084148727 0.5634765625 0.21330724070450097 0.552734375 0.21037181996086102 0.546875 0.2162426614481409 0.5458984375 0.223091976516634 0.5498046875 0.22896281800391388
0 0.2685546875 0.20156555772994128 0.2724609375 0.2054794520547945 0.2841796875 0.2035225048923679 0.291015625 0.19373776908023482 0.2861328125 0.18101761252446183 0.27734375 0.17318982387475537 0.2646484375 0.175146771037182 0.2646484375 0.19275929549902152 0.2685546875 0.20156555772994128
0 0.1376953125 0.18101761252446183 0.1513671875 0.18101761252446183 0.1787109375 0.16046966731898238 0.17578125 0.14285714285714285 0.1572265625 0.13111545988258316 0.1396484375 0.12818003913894324 0.126953125 0.13209393346379647 0.12109375 0.1379647749510763 0.12109375 0.16144814090019569 0.1376953125 0.18101761252446183
0 0.5546875 0.9168297455968688 0.5556640625 0.9060665362035225 0.5498046875 0.8992172211350293 0.5400390625 0.8992172211350293 0.53515625 0.9050880626223092 0.5380859375 0.9187866927592955 0.5546875 0.9168297455968688
0 0.2275390625 0.9853228962818003 0.234375 0.984344422700587 0.23828125 0.9794520547945205 0.2373046875 0.9696673189823874 0.2314453125 0.9667318982387474 0.22265625 0.9696673189823874 0.2197265625 0.9804305283757339 0.2275390625 0.9853228962818003
0 0.8876953125 0.5929549902152641 0.90625 0.5998043052837574 0.916015625 0.598825831702544 0.921875 0.5939334637964775 0.921875 0.5831702544031311 0.9033203125 0.5655577299412916 0.890625 0.5626223091976517 0.8828125 0.5665362035225049 0.8798828125 0.5792563600782779 0.8876953125 0.5929549902152641
0 0.869140625 0.8395303326810175 0.888671875 0.837573385518591 0.900390625 0.8277886497064578 0.90234375 0.8101761252446182 0.888671875 0.783757338551859 0.8671875 0.7808219178082191 0.845703125 0.7945205479452054 0.845703125 0.8131115459882583 0.869140625 0.8395303326810175
0 0.8447265625 0.16144814090019569 0.85546875 0.162426614481409 0.86328125 0.15753424657534246 0.86328125 0.14481409001956946 0.8564453125 0.1379647749510763 0.8486328125 0.1379647749510763 0.841796875 0.14383561643835616 0.8408203125 0.15557729941291584 0.8447265625 0.16144814090019569
0 0.9052734375 0.0557729941291585 0.91796875 0.051859099804305274 0.9208984375 0.04403131115459882 0.91796875 0.03522504892367906 0.9072265625 0.03228962818003914 0.8974609375 0.03913894324853229 0.8974609375 0.04892367906066536 0.9052734375 0.0557729941291585