0 0.2412109375 0.299412915851272 0.2451171875 0.31017612524461835 0.26171875 0.32093933463796476 0.275390625 0.32289628180039137 0.2998046875 0.3473581213307241 0.3115234375 0.3532289628180039 0.337890625 0.363013698630137 0.3662109375 0.3571428571428571 0.3896484375 0.3414872798434442 0.4033203125 0.31702544031311153 0.4052734375 0.28180039138943247 0.388671875 0.23581213307240706 0.3916015625 0.22407045009784735 0.37890625 0.2152641878669276 0.3740234375 0.19569471624266144 0.3662109375 0.18786692759295498 0.3291015625 0.2054794520547945 0.3076171875 0.20645792563600782 0.283203125 0.2299412915851272 0.2529296875 0.23483365949119372 0.244140625 0.25146771037182 0.24609375 0.273972602739726 0.2412109375 0.299412915851272
0 0.119140625 0.44129158512720157 0.16015625 0.4569471624266145 0.16796875 0.4559686888454012 0.1748046875 0.44911937377690797 0.1728515625 0.4315068493150685 0.162109375 0.4227005870841487 0.15625 0.4060665362035225 0.1455078125 0.3972602739726027 0.13671875 0.3953033268101761 0.125 0.40019569471624267 0.1123046875 0.4158512720156556 0.1123046875 0.43542074363992167 0.119140625 0.44129158512720157
0 0.2490234375 0.6506849315068493 0.263671875 0.6712328767123287 0.2744140625 0.675146771037182 0.3037109375 0.6741682974559686 0.3203125 0.6663405088062622 0.3271484375 0.6545988258317025 0.3486328125 0.6516634050880625 0.3642578125 0.6369863013698629 0.3662109375 0.608610567514677 0.359375 0.5939334637964775 0.349609375 0.5870841487279843 0.3310546875 0.5831702544031311 0.3173828125 0.5665362035225049 0.3076171875 0.5616438356164383 0.2861328125 0.5596868884540117 0.265625 0.5655577299412916 0.26171875 0.5636007827788649 0.2490234375 0.5802348336594911 0.240234375 0.6037181996086105 0.240234375 0.6281800391389433 0.2490234375 0.6506849315068493
0 0.4462890625 0.687866927592955 0.474609375 0.6819960861056751 0.494140625 0.6712328767123287 0.5029296875 0.6614481409001957 0.4892578125 0.6379647749510763 0.435546875 0.6369863013698629 0.4267578125 0.6428571428571428 0.42578125 0.6634050880626223 0.4462890625 0.687866927592955
0 0.5029296875 0.9726027397260273 0.5107421875 0.9794520547945205 0.5244140625 0.9784735812133072 0.5361328125 0.9628180039138943 0.5439453125 0.9295499021526418 0.541015625 0.9148727984344422 0.529296875 0.9001956947162426 0.515625 0.8953033268101761 0.4970703125 0.9021526418786692 0.486328125 0.9178082191780822 0.490234375 0.9500978473581213 0.5029296875 0.9726027397260273
0 0.7197265625 0.8287671232876711 0.7294921875 0.837573385518591 0.7470703125 0.8434442270058709 0.7548828125 0.8620352250489237 0.7685546875 0.8698630136986301 0.79296875 0.8659491193737768 0.796875 0.8532289628180039 0.7958984375 0.8395303326810175 0.7890625 0.8268101761252445 0.7763671875 0.8209393346379648 0.7685546875 0.7984344422700587 0.7578125 0.7857142857142857 0.74609375 0.7798434442270058 0.7353515625 0.7808219178082191 0.71875 0.7906066536203522 0.7119140625 0.8013698630136986 0.7109375 0.812133072407045 0.7197265625 0.8287671232876711
0 0.9833984375 0.598825831702544 0.9912109375 0.5978473581213307 0.9990234375 0.5900195694716242 0.9990234375 0.5831702544031311 0.9892578125 0.5753424657534246 0.9814453125 0.5753424657534246 0.974609375 0.5821917808219178 0.9755859375 0.5939334637964775 0.9833984375 0.598825831702544
0 0.7470703125 0.6634050880626223 0.76171875 0.6663405088062622 0.7685546875 0.662426614481409 0.7705078125 0.649706457925636 0.7626953125 0.6399217221135028 0.7529296875 0.6389432485322896 0.744140625 0.6467710371819961 0.7431640625 0.6585127201565557 0.7470703125 0.6634050880626223
0 0.4267578125 0.22407045009784735 0.4521484375 0.2338551859099804 0.470703125 0.23581213307240706 0.4775390625 0.23091976516634052 0.4775390625 0.223091976516634 0.470703125 0.2152641878669276 0.4453125 0.20450097847358123 0.431640625 0.2035225048923679 0.4228515625 0.21037181996086102 0.421875 0.2172211350293542 0.4267578125 0.22407045009784735
0 0.4248046875 0.2827788649706458 0.423828125 0.29549902152641877 0.4267578125 0.3013698630136986 0.4365234375 0.30528375733855184 0.451171875 0.29647749510763205 0.4482421875 0.2827788649706458 0.4580078125 0.26614481409001955 0.455078125 0.2583170254403131 0.447265625 0.2534246575342466 0.439453125 0.25440313111545987 0.4306640625 0.26125244618395305 0.4326171875 0.2720156555772994 0.4248046875 0.2827788649706458
0 0.4140625 0.3268101761252446 0.4384765625 0.33170254403131116 0.447265625 0.32583170254403127 0.4462890625 0.3150684931506849 0.439453125 0.31017612524461835 0.4208984375 0.30528375733855184 0.408203125 0.31017612524461835 0.4072265625 0.32093933463796476 0.4140625 0.3268101761252446
0 0.7607421875 0.3747553816046966 0.787109375 0.3747553816046966 0.7919921875 0.3698630136986301 0.7880859375 0.35518590998043054 0.779296875 0.35127201565557725 0.7626953125 0.35127201565557725 0.751953125 0.3571428571428571 0.7509765625 0.36692759295499017 0.7607421875 0.3747553816046966