0 0.5908203125 0.5675146771037182 0.6025390625 0.5684931506849316 0.6123046875 0.5528375733855186 0.6162109375 0.5528375733855186 0.6513671875 0.5772994129158512 0.6650390625 0.5782778864970646 0.6953125 0.5919765166340508 0.712890625 0.5939334637964775 0.720703125 0.6037181996086105 0.7236328125 0.6193737769080234 0.7294921875 0.6223091976516634 0.734375 0.6193737769080234 0.7412109375 0.6037181996086105 0.736328125 0.5841487279843445 0.7607421875 0.5802348336594911 0.7685546875 0.5704500978473581 0.7724609375 0.5273972602739725 0.76953125 0.5185909980430529 0.7578125 0.5146771037181995 0.7373046875 0.49510763209393344 0.720703125 0.48532289628180036 0.708984375 0.48630136986301364 0.69140625 0.47651663405088057 0.6640625 0.4804305283757338 0.6337890625 0.45792563600782776 0.6240234375 0.45792563600782776 0.6044921875 0.46966731898238745 0.6005859375 0.47749510763209385 0.59765625 0.5088062622309197 0.591796875 0.5107632093933463 0.5859375 0.5205479452054794 0.5859375 0.5567514677103718 0.5908203125 0.5675146771037182
0 0.4345703125 0.6193737769080234 0.4462890625 0.6174168297455969 0.4609375 0.6252446183953033 0.48046875 0.6203522504892367 0.5 0.5870841487279843 0.4990234375 0.5694716242661448 0.48828125 0.557729941291585 0.474609375 0.5587084148727983 0.4619140625 0.5714285714285714 0.439453125 0.5821917808219178 0.4267578125 0.5939334637964775 0.427734375 0.6125244618395304 0.4345703125 0.6193737769080234
0 0.001953125 0.8581213307240704 0.015625 0.8688845401174168 0.033203125 0.8688845401174168 0.0419921875 0.8561643835616438 0.0400390625 0.834637964774951 0.017578125 0.8082191780821917 0.005859375 0.8062622309197651 0 0.809197651663405 0.001953125 0.8581213307240704
0 0.0556640625 0.9422700587084147 0.064453125 0.9471624266144814 0.078125 0.9432485322896282 0.08203125 0.9363992172211351 0.0810546875 0.9246575342465754 0.0673828125 0.9041095890410957 0.060546875 0.8992172211350293 0.052734375 0.9001956947162426 0.0458984375 0.9090019569471623 0.044921875 0.920743639921722 0.0556640625 0.9422700587084147
0 0.376953125 0.9148727984344422 0.3837890625 0.9129158512720157 0.3876953125 0.9060665362035225 0.38671875 0.8962818003913894 0.3759765625 0.892367906066536 0.37109375 0.8972602739726027 0.37109375 0.9109589041095889 0.376953125 0.9148727984344422
0 0.359375 0.9481409001956946 0.3701171875 0.9422700587084147 0.3720703125 0.9354207436399216 0.3681640625 0.9305283757338552 0.3623046875 0.9285714285714285 0.35546875 0.933463796477495 0.3544921875 0.9432485322896282 0.359375 0.9481409001956946
0 0.4814453125 0.8590998043052837 0.5009765625 0.8679060665362035 0.5087890625 0.8659491193737768 0.509765625 0.8561643835616438 0.494140625 0.8307240704500979 0.4833984375 0.8317025440313112 0.478515625 0.8414872798434441 0.4775390625 0.8522504892367906 0.4814453125 0.8590998043052837
0 0.51171875 0.8317025440313112 0.521484375 0.8297455968688844 0.525390625 0.8228962818003913 0.5224609375 0.8101761252446182 0.51171875 0.8072407045009784 0.50390625 0.8150684931506849 0.505859375 0.8277886497064578 0.51171875 0.8317025440313112
0 0.421875 0.27495107632093935 0.421875 0.2827788649706458 0.40625 0.29549902152641877 0.40625 0.30332681017612523 0.412109375 0.31017612524461835 0.423828125 0.31017612524461835 0.435546875 0.3043052837573385 0.4453125 0.31213307240704496 0.458984375 0.31017612524461835 0.4736328125 0.27984344422700586 0.48828125 0.27495107632093935 0.4921875 0.2690802348336595 0.486328125 0.2563600782778865 0.4697265625 0.2563600782778865 0.4345703125 0.23581213307240706 0.42578125 0.23679060665362034 0.4072265625 0.2563600782778865 0.41015625 0.26418786692759294 0.421875 0.27495107632093935
0 0.890625 0.7054794520547945 0.9189453125 0.7172211350293541 0.9296875 0.7348336594911937 0.9501953125 0.7436399217221135 0.9580078125 0.7524461839530332 0.978515625 0.7475538160469667 0.9873046875 0.7407045009784736 0.99609375 0.7240704500978473 0.9951171875 0.7162426614481409 0.9853515625 0.7074363992172211 0.962890625 0.7054794520547945 0.943359375 0.6927592954990215 0.9345703125 0.6731898238747553 0.927734375 0.6673189823874754 0.91015625 0.6692759295499021 0.8935546875 0.6898238747553815 0.8876953125 0.6986301369863013 0.890625 0.7054794520547945
0 0.650390625 0.3131115459882583 0.6787109375 0.3219178082191781 0.69140625 0.31898238747553814 0.697265625 0.31213307240704496 0.6943359375 0.28180039138943247 0.697265625 0.27103718199608606 0.705078125 0.2622309197651663 0.703125 0.25244618395303325 0.6962890625 0.24755381604696672 0.6875 0.24853228962818003 0.6630859375 0.27690802348336596 0.6455078125 0.286692759295499 0.6435546875 0.3023483365949119 0.650390625 0.3131115459882583
0 0.89453125 0.015655577299412915 0.908203125 0.016634050880626222 0.9345703125 0.007827788649706457 0.9443359375 0 0.86328125 0.0009784735812133072 0.89453125 0.015655577299412915
0 0.796875 0.6418786692759295 0.8037109375 0.6301369863013698 0.802734375 0.6183953033268101 0.7939453125 0.6095890410958904 0.7841796875 0.6135029354207436 0.783203125 0.6399217221135028 0.796875 0.6418786692759295
0 0.107421875 0.25538160469667315 0.119140625 0.25538160469667315 0.1318359375 0.2455968688845401 0.1357421875 0.22211350293542073 0.1259765625 0.2054794520547945 0.0947265625 0.20254403131115456 0.0888671875 0.20939334637964774 0.08984375 0.23874755381604693 0.107421875 0.25538160469667315