0 0.275390625 0.36007827788649704 0.2958984375 0.363013698630137 0.30078125 0.3590998043052837 0.302734375 0.34833659491193736 0.2861328125 0.3287671232876712 0.27734375 0.3277886497064579 0.265625 0.3385518590998043 0.267578125 0.3522504892367906 0.275390625 0.36007827788649704
0 0.2294921875 0.47749510763209385 0.240234375 0.4823874755381604 0.2548828125 0.4823874755381604 0.26953125 0.5009784735812133 0.2822265625 0.5009784735812133 0.287109375 0.49706457925636005 0.294921875 0.4657534246575342 0.291015625 0.45792563600782776 0.279296875 0.44911937377690797 0.2783203125 0.43737769080234834 0.2724609375 0.4315068493150685 0.2587890625 0.4315068493150685 0.2490234375 0.4471624266144814 0.2392578125 0.45401174168297453 0.224609375 0.4569471624266145 0.22265625 0.46966731898238745 0.2294921875 0.47749510763209385
0 0.3017578125 0.41976516634050876 0.3173828125 0.4324853228962818 0.31640625 0.45303326810176126 0.322265625 0.4726027397260274 0.3681640625 0.5342465753424658 0.376953125 0.5352250489236791 0.388671875 0.5303326810176124 0.404296875 0.538160469667319 0.4169921875 0.5322896281800391 0.419921875 0.5225048923679061 0.4453125 0.5264187866927592 0.4560546875 0.5156555772994129 0.4560546875 0.5009784735812133 0.451171875 0.5009784735812133 0.435546875 0.48727984344422703 0.4306640625 0.4589041095890411 0.4150390625 0.42661448140900193 0.4072265625 0.4246575342465754 0.3798828125 0.40410958904109584 0.3623046875 0.398238747553816 0.35546875 0.398238747553816 0.3486328125 0.40410958904109584 0.3349609375 0.3972602739726027 0.3193359375 0.39921722113502933 0.3134765625 0.4060665362035225 0.3056640625 0.4070450097847358 0.3017578125 0.40998043052837574 0.3017578125 0.41976516634050876
0 0.328125 0.6223091976516634 0.34765625 0.6164383561643836 0.3720703125 0.6027397260273972 0.376953125 0.5949119373776908 0.3701171875 0.5812133072407045 0.359375 0.5782778864970646 0.3388671875 0.5626223091976517 0.328125 0.5645792563600782 0.3134765625 0.5870841487279843 0.3125 0.6037181996086105 0.328125 0.6223091976516634
0 0.6416015625 0.14481409001956946 0.6533203125 0.16634050880626222 0.67578125 0.16536203522504891 0.6845703125 0.16046966731898238 0.693359375 0.1223091976516634 0.6796875 0.11350293542074363 0.6826171875 0.09980430528375733 0.6787109375 0.09099804305283757 0.673828125 0.08904109589041095 0.6640625 0.09393346379647749 0.6513671875 0.12328767123287672 0.640625 0.12133072407045009 0.6318359375 0.12622309197651663 0.6318359375 0.13894324853228962 0.6416015625 0.14481409001956946
0 0.5048828125 0.11252446183953033 0.5126953125 0.11643835616438356 0.5234375 0.11252446183953033 0.5302734375 0.09099804305283757 0.529296875 0.07925636007827788 0.5185546875 0.07045009784735812 0.5009765625 0.07045009784735812 0.494140625 0.07729941291585127 0.4931640625 0.08806262230919765 0.5048828125 0.11252446183953033
0 0.607421875 0.45303326810176126 0.62109375 0.45303326810176126 0.634765625 0.44227005870841485 0.6328125 0.43542074363992167 0.611328125 0.41780821917808214 0.599609375 0.4217221135029354 0.5927734375 0.4305283757338552 0.5947265625 0.44520547945205474 0.607421875 0.45303326810176126
0 0.484375 0.5078277886497065 0.501953125 0.5117416829745596 0.51953125 0.4931506849315069 0.51953125 0.4794520547945205 0.5126953125 0.4726027397260274 0.4873046875 0.46966731898238745 0.4775390625 0.4755381604696673 0.4765625 0.4882583170254403 0.484375 0.5078277886497065
0 0.7822265625 0.7133072407045009 0.7783203125 0.7221135029354208 0.7802734375 0.7309197651663404 0.7958984375 0.738747553816047 0.8037109375 0.7514677103718199 0.8115234375 0.7514677103718199 0.8330078125 0.738747553816047 0.8525390625 0.7377690802348337 0.8564453125 0.7338551859099803 0.8515625 0.7035225048923679 0.8583984375 0.6839530332681016 0.8525390625 0.675146771037182 0.79296875 0.6829745596868884 0.775390625 0.6956947162426614 0.7744140625 0.7045009784735812 0.7822265625 0.7133072407045009
0 0.8095703125 0.8806262230919766 0.814453125 0.8864970645792564 0.8203125 0.8904109589041095 0.8291015625 0.8943248532289628 0.84033203125 0.8953033268101761 0.85546875 0.9070450097847358 0.8623046875 0.9070450097847358 0.8662109375 0.9031311154598824 0.8701171875 0.8933463796477495 0.8701171875 0.8806262230919766 0.8623046875 0.8718199608610566 0.8515625 0.8688845401174168 0.8427734375 0.863013698630137 0.8310546875 0.8649706457925636 0.826171875 0.8620352250489237 0.8154296875 0.8620352250489237 0.8095703125 0.8679060665362035 0.80859375 0.8718199608610566 0.8095703125 0.8806262230919766
0 0.50390625 0.6389432485322896 0.51171875 0.6379647749510763 0.515625 0.6330724070450098 0.5126953125 0.6193737769080234 0.5009765625 0.6174168297455969 0.4970703125 0.6203522504892367 0.49609375 0.6330724070450098 0.50390625 0.6389432485322896
0 0.13671875 0.9608610567514676 0.154296875 0.9686888454011742 0.1748046875 0.961839530332681 0.185546875 0.9647749510763208 0.19140625 0.9598825831702543 0.1953125 0.9520547945205479 0.193359375 0.9412915851272015 0.18359375 0.9344422700587083 0.1669921875 0.9099804305283756 0.1513671875 0.9031311154598824 0.14453125 0.9060665362035225 0.134765625 0.9266144814090019 0.1318359375 0.9520547945205479 0.13671875 0.9608610567514676