0 0.705078125 0.4931506849315069 0.7021484375 0.512720156555773 0.7099609375 0.5234833659491194 0.7216796875 0.5244618395303327 0.7333984375 0.5117416829745596 0.75 0.5166340508806262 0.7646484375 0.5058708414872799 0.779296875 0.5264187866927592 0.791015625 0.5293542074363992 0.80078125 0.5244618395303327 0.8076171875 0.5107632093933463 0.802734375 0.4843444227005871 0.8095703125 0.45205479452054786 0.796875 0.4344422700587084 0.7900390625 0.4158512720156556 0.7822265625 0.41291585127201563 0.7744140625 0.4158512720156556 0.76171875 0.4324853228962818 0.748046875 0.4383561643835616 0.7294921875 0.43737769080234834 0.7197265625 0.4187866927592955 0.7099609375 0.41291585127201563 0.6982421875 0.41780821917808214 0.6923828125 0.42563600782778865 0.6943359375 0.4716242661448141 0.705078125 0.4931506849315069
0 0.4697265625 0.5616438356164383 0.4765625 0.5655577299412916 0.5126953125 0.5616438356164383 0.5361328125 0.5499021526418787 0.560546875 0.5185909980430529 0.564453125 0.49804305283757333 0.560546875 0.45401174168297453 0.552734375 0.4432485322896282 0.537109375 0.43542074363992167 0.4892578125 0.44227005870841485 0.462890625 0.4598825831702544 0.4462890625 0.4804305283757338 0.44140625 0.4931506849315069 0.4423828125 0.5215264187866928 0.4697265625 0.5616438356164383
0 0.6142578125 0.2035225048923679 0.623046875 0.2035225048923679 0.64453125 0.1917808219178082 0.654296875 0.17025440313111545 0.650390625 0.15362035225048923 0.630859375 0.149706457925636 0.6240234375 0.15753424657534246 0.6123046875 0.15949119373776907 0.599609375 0.17123287671232876 0.5986328125 0.18493150684931506 0.6142578125 0.2035225048923679
0 0.5125400390625 0.21962230919765163 0.5191943359375 0.22824559686888451 0.5221845703125 0.2327270058708415 0.5294306640625 0.23689628180039138 0.530361328125 0.24422211350293538 0.5276181640625 0.252738747553816 0.524900390625 0.2591565557729941 0.5303271484375 0.2681281800391389 0.5378095703125 0.2688904109589041 0.5462705078125 0.26810665362035224 0.5466123046875 0.2784344422700587 0.54223046875 0.28688747553816046 0.5360966796875 0.2949050880626223 0.5368154296875 0.30665851272015654 0.5478251953125 0.3140117416829745 0.559708984375 0.3123248532289628 0.5723837890625 0.3176624266144814 0.5837119140625 0.31167514677103714 0.5914921875 0.30968884540117414 0.597828125 0.31713209393346375 0.6057861328125 0.32863013698630134 0.6160546875 0.3351673189823875 0.6267548828125 0.33204207436399213 0.6357626953125 0.33089823874755375 0.648685546875 0.3315508806262231 0.6585390625 0.3262954990215264 0.670708984375 0.32672896281800384 0.6780869140625 0.3140479452054794 0.674484375 0.29870450097847356 0.6651318359375 0.2911536203522505 0.661896484375 0.2800968688845401 0.6607421875 0.26745890410958906 0.659767578125 0.2579158512720156 0.653875 0.24839921722113503 0.6495263671875 0.23800293542074363 0.6481494140625 0.2245606653620352 0.641826171875 0.21692270058708413 0.6320869140625 0.22067318982387474 0.62297265625 0.21486399217221136 0.612546875 0.21584246575342467 0.6060654296875 0.2102005870841487 0.5948564453125 0.21000782778864968 0.5846494140625 0.20436301369863014 0.5735576171875 0.20167416829745596 0.5645576171875 0.20986399217221133 0.5553623046875 0.20289334637964776 0.54226953125 0.20414481409001956 0.5312919921875 0.20407827788649707 0.518025390625 0.20437573385518593 0.512890625 0.2098737769080235 0.5125400390625 0.21962230919765163
0 0.8251953125 0.24266144814090018 0.841796875 0.23581213307240706 0.8544921875 0.23776908023483365 0.86328125 0.23483365949119372 0.853515625 0.21428571428571427 0.8271484375 0.2054794520547945 0.8203125 0.2074363992172211 0.8076171875 0.223091976516634 0.80859375 0.23679060665362034 0.8251953125 0.24266144814090018
0 0.1435546875 0.3884540117416829 0.150390625 0.38747553816046965 0.1552734375 0.38062622309197647 0.154296875 0.36888454011741684 0.146484375 0.363013698630137 0.134765625 0.36888454011741684 0.1357421875 0.3835616438356164 0.1435546875 0.3884540117416829
0 0.134765625 0.5802348336594911 0.162109375 0.5812133072407045 0.1689453125 0.5743639921722112 0.1669921875 0.560665362035225 0.15625 0.5518590998043053 0.13671875 0.550880626223092 0.12890625 0.5587084148727983 0.1279296875 0.573385518590998 0.134765625 0.5802348336594911
0 0 0.608610567514677 0.0322265625 0.6174168297455969 0.0537109375 0.6056751467710371 0.0390625 0.5724070450097847 0.029296875 0.5684931506849316 0.0048828125 0.5772994129158512 0 0.5821917808219178 0 0.608610567514677
0 0.0244140625 0.6829745596868884 0.037109375 0.6819960861056751 0.060546875 0.687866927592955 0.0703125 0.678082191780822 0.06640625 0.6692759295499021 0.0390625 0.6565557729941291 0.0234375 0.6575342465753424 0.0166015625 0.6653620352250489 0.015625 0.6741682974559686 0.0244140625 0.6829745596868884
0 0.009765625 0.821917808219178 0.0224609375 0.8287671232876711 0.029296875 0.8483365949119372 0.04296875 0.8581213307240704 0.0693359375 0.8590998043052837 0.0810546875 0.8532289628180039 0.0859375 0.8336594911937377 0.0859375 0.8052837573385518 0.08203125 0.7994129158512719 0.0654296875 0.793542074363992 0.0615234375 0.7827788649706457 0.0458984375 0.7769080234833659 0.0244140625 0.7788649706457925 0.001953125 0.7749510763209393 0 0.8258317025440313 0.009765625 0.821917808219178
0 0.2265625 0.7651663405088062 0.2353515625 0.7661448140900196 0.2421875 0.7622309197651662 0.2451171875 0.7524461839530332 0.240234375 0.7436399217221135 0.2275390625 0.7416829745596869 0.2216796875 0.74559686888454 0.2197265625 0.7563600782778865 0.2265625 0.7651663405088062
0 0.1943359375 0.8277886497064578 0.20703125 0.8297455968688844 0.2216796875 0.8199608610567515 0.2216796875 0.809197651663405 0.216796875 0.8062622309197651 0.193359375 0.8062622309197651 0.1884765625 0.8101761252446182 0.1875 0.8209393346379648 0.1943359375 0.8277886497064578
0 0.6279296875 0.9050880626223092 0.6611328125 0.9090019569471623 0.669921875 0.9011741682974559 0.6728515625 0.8835616438356164 0.6630859375 0.8737769080234834 0.65234375 0.8718199608610566 0.62109375 0.8894324853228962 0.62109375 0.8982387475538159 0.6279296875 0.9050880626223092
0 0.232421875 0.9236790606653621 0.2421875 0.920743639921722 0.2470703125 0.913894324853229 0.24609375 0.9060665362035225 0.240234375 0.9011741682974559 0.2314453125 0.9021526418786692 0.2255859375 0.9090019569471623 0.224609375 0.9178082191780822 0.232421875 0.9236790606653621
0 0.26171875 0.21330724070450097 0.2734375 0.2162426614481409 0.27734375 0.21135029354207435 0.275390625 0.19863013698630136 0.267578125 0.19275929549902152 0.2578125 0.19765166340508805 0.255859375 0.2035225048923679 0.26171875 0.21330724070450097
0 0.4599609375 0.6506849315068493 0.470703125 0.6516634050880625 0.4794921875 0.6438356164383562 0.498046875 0.6467710371819961 0.5 0.6301369863013698 0.48828125 0.6154598825831703 0.4775390625 0.611545988258317 0.46875 0.611545988258317 0.4658203125 0.6154598825831703 0.45703125 0.6409001956947162 0.4599609375 0.6506849315068493
0 0.22265625 0.7338551859099803 0.224609375 0.7377690802348337 0.2255859375 0.738747553816047 0.232421875 0.738747553816047 0.234375 0.7377690802348337 0.2373046875 0.732876712328767 0.2373046875 0.7270058708414873 0.2353515625 0.723091976516634 0.234375 0.7221135029354208 0.228515625 0.7221135029354208 0.2236328125 0.726027397260274 0.22265625 0.7279843444227005 0.22265625 0.7338551859099803
0 0.1162109375 0.7201565557729941 0.123046875 0.7211350293542074 0.130859375 0.7162426614481409 0.130859375 0.7093933463796478 0.123046875 0.7064579256360078 0.115234375 0.6956947162426614 0.107421875 0.6986301369863013 0.1064453125 0.7064579256360078 0.1162109375 0.7201565557729941