0 0.771484375 0.8003913894324853 0.7880859375 0.8062622309197651 0.8037109375 0.8062622309197651 0.82421875 0.7945205479452054 0.8310546875 0.7847358121330724 0.8369140625 0.7622309197651662 0.8349609375 0.7475538160469667 0.830078125 0.7338551859099803 0.8115234375 0.7152641878669275 0.796875 0.7103718199608611 0.7724609375 0.7133072407045009 0.7548828125 0.7299412915851271 0.7509765625 0.7397260273972602 0.7529296875 0.7798434442270058 0.771484375 0.8003913894324853
0 0.275390625 0.19569471624266144 0.283203125 0.19765166340508805 0.2958984375 0.19569471624266144 0.318359375 0.18493150684931506 0.33203125 0.18297455968688844 0.3427734375 0.18688845401174167 0.34765625 0.18297455968688844 0.3427734375 0.16927592954990214 0.31640625 0.162426614481409 0.2958984375 0.14677103718199608 0.2783203125 0.15166340508806261 0.265625 0.16927592954990214 0.2685546875 0.18688845401174167 0.275390625 0.19569471624266144
0 0.3408203125 0.474559686888454 0.359375 0.4726027397260274 0.369140625 0.46183953033268105 0.3671875 0.44911937377690797 0.35546875 0.44129158512720157 0.3310546875 0.4383561643835616 0.318359375 0.4481409001956947 0.3193359375 0.4598825831702544 0.3408203125 0.474559686888454
0 0.185546875 0.13992172211350293 0.19921875 0.14187866927592954 0.205078125 0.13894324853228962 0.2060546875 0.12524461839530332 0.1962890625 0.11448140900195694 0.17578125 0.11252446183953033 0.1728515625 0.11545988258317026 0.173828125 0.12915851272015655 0.185546875 0.13992172211350293
0 0.7724609375 0.6722113502935421 0.7900390625 0.6888454011741683 0.80078125 0.684931506849315 0.810546875 0.6673189823874754 0.810546875 0.6555772994129158 0.802734375 0.6457925636007827 0.783203125 0.649706457925636 0.7685546875 0.6409001956947162 0.7548828125 0.6418786692759295 0.75 0.6457925636007827 0.7509765625 0.6653620352250489 0.7724609375 0.6722113502935421
0 0.138671875 0.5851272015655578 0.158203125 0.6125244618395304 0.1748046875 0.611545988258317 0.1845703125 0.598825831702544 0.18359375 0.5724070450097847 0.17578125 0.5528375733855186 0.1552734375 0.5440313111545988 0.1416015625 0.5469667318982387 0.13671875 0.5567514677103718 0.134765625 0.5724070450097847 0.138671875 0.5851272015655578
0 0.029296875 0.6682974559686887 0.0400390625 0.6692759295499021 0.05859375 0.6604696673189824 0.0595703125 0.6536203522504892 0.05078125 0.6438356164383562 0.0400390625 0.6389432485322896 0.029296875 0.6389432485322896 0.0234375 0.6428571428571428 0.021484375 0.6575342465753424 0.029296875 0.6682974559686887
0 0.5439453125 0.8483365949119372 0.5537109375 0.8483365949119372 0.5615234375 0.8434442270058709 0.578125 0.824853228962818 0.5712890625 0.8111545988258317 0.5634765625 0.8052837573385518 0.5498046875 0.8082191780821917 0.53515625 0.8199608610567515 0.5322265625 0.8356164383561643 0.5439453125 0.8483365949119372
0 0.30859375 0.32289628180039137 0.3056640625 0.31213307240704496 0.2958984375 0.3111545988258317 0.29296875 0.31409001956947163 0.294921875 0.32583170254403127 0.30859375 0.32289628180039137
0 0.115234375 0.45401174168297453 0.12109375 0.45303326810176126 0.12109375 0.43639921722113495 0.115234375 0.4324853228962818 0.1064453125 0.43542074363992167 0.107421875 0.44911937377690797 0.115234375 0.45401174168297453
0 0.408203125 0.35518590998043054 0.419921875 0.3571428571428571 0.42578125 0.3532289628180039 0.427734375 0.34442270058708413 0.4248046875 0.33659491193737767 0.4140625 0.3336594911937377 0.4052734375 0.3395303326810176 0.404296875 0.34833659491193736 0.408203125 0.35518590998043054
0 0.5947265625 0.5009784735812133 0.6162109375 0.512720156555773 0.626953125 0.512720156555773 0.634765625 0.5058708414872799 0.6318359375 0.48532289628180036 0.619140625 0.47064579256360073 0.6044921875 0.46966731898238745 0.5966796875 0.4735812133072407 0.5908203125 0.4823874755381604 0.58984375 0.49021526418786693 0.5947265625 0.5009784735812133
0 0.560546875 0.6477495107632094 0.57421875 0.6516634050880625 0.5908203125 0.6457925636007827 0.603515625 0.6360078277886496 0.60546875 0.6183953033268101 0.59765625 0.6046966731898238 0.5859375 0.5949119373776908 0.5576171875 0.5909980430528375 0.5419921875 0.5998043052837574 0.5400390625 0.6135029354207436 0.560546875 0.6477495107632094