0 0.2705078125 0.5009784735812133 0.2822265625 0.509784735812133 0.2880859375 0.5225048923679061 0.2802734375 0.5293542074363992 0.2802734375 0.5362035225048923 0.2861328125 0.5430528375733854 0.306640625 0.547945205479452 0.314453125 0.5401174168297456 0.3076171875 0.5058708414872799 0.3134765625 0.5009784735812133 0.3291015625 0.49804305283757333 0.3662109375 0.46868884540117417 0.3759765625 0.4559686888454012 0.3779296875 0.43639921722113495 0.3720703125 0.4187866927592955 0.3642578125 0.41193737769080235 0.33203125 0.40313111545988256 0.314453125 0.40410958904109584 0.2861328125 0.40802348336594907 0.279296875 0.4138943248532289 0.2724609375 0.44911937377690797 0.279296875 0.47749510763209385 0.2705078125 0.5009784735812133
0 0.3291015625 0.3953033268101761 0.361328125 0.40802348336594907 0.37109375 0.4060665362035225 0.373046875 0.3972602739726027 0.3623046875 0.3590998043052837 0.3388671875 0.3571428571428571 0.3251953125 0.3698630136986301 0.3232421875 0.38551859099804303 0.3291015625 0.3953033268101761
0 0.3779296875 0.5547945205479452 0.3935546875 0.557729941291585 0.4072265625 0.550880626223092 0.41796875 0.5371819960861057 0.4306640625 0.5058708414872799 0.4287109375 0.4823874755381604 0.41796875 0.4716242661448141 0.404296875 0.47064579256360073 0.375 0.5176125244618395 0.36328125 0.5283757338551859 0.365234375 0.5401174168297456 0.3779296875 0.5547945205479452
0 0.4814453125 0.5782778864970646 0.4912109375 0.573385518590998 0.498046875 0.557729941291585 0.494140625 0.5450097847358121 0.4765625 0.5342465753424658 0.4697265625 0.538160469667319 0.4638671875 0.550880626223092 0.4638671875 0.5596868884540117 0.4814453125 0.5782778864970646
0 0.5234375 0.3933463796477495 0.5322265625 0.3972602739726027 0.54296875 0.3943248532289628 0.572265625 0.37573385518590996 0.5771484375 0.3659491193737769 0.5771484375 0.3522504892367906 0.5712890625 0.3405088062622309 0.548828125 0.324853228962818 0.533203125 0.3219178082191781 0.525390625 0.324853228962818 0.5126953125 0.3522504892367906 0.51171875 0.3610567514677104 0.5234375 0.3933463796477495
0 0.1318359375 0.5763209393346379 0.142578125 0.5763209393346379 0.1494140625 0.5694716242661448 0.1494140625 0.560665362035225 0.140625 0.550880626223092 0.1328125 0.550880626223092 0.125 0.560665362035225 0.125 0.5704500978473581 0.1318359375 0.5763209393346379
0 0.1484375 0.6692759295499021 0.162109375 0.6712328767123287 0.1708984375 0.6673189823874754 0.1708984375 0.6506849315068493 0.1591796875 0.6330724070450098 0.142578125 0.6330724070450098 0.1337890625 0.6448140900195695 0.134765625 0.6575342465753424 0.1484375 0.6692759295499021
0 0.578125 0.6565557729941291 0.607421875 0.684931506849315 0.6337890625 0.6986301369863013 0.65234375 0.6996086105675146 0.6611328125 0.6956947162426614 0.6640625 0.687866927592955 0.6611328125 0.6516634050880625 0.626953125 0.5949119373776908 0.595703125 0.5919765166340508 0.5791015625 0.6037181996086105 0.5693359375 0.6183953033268101 0.568359375 0.6340508806262231 0.578125 0.6565557729941291
0 0.65625 0.6203522504892367 0.6630859375 0.6242661448140899 0.6796875 0.6203522504892367 0.6826171875 0.6076320939334637 0.677734375 0.5968688845401174 0.6640625 0.5919765166340508 0.6513671875 0.598825831702544 0.6513671875 0.6135029354207436 0.65625 0.6203522504892367
0 0.568359375 0.7827788649706457 0.583984375 0.7798434442270058 0.5947265625 0.7602739726027397 0.59375 0.7524461839530332 0.5859375 0.74559686888454 0.5771484375 0.74559686888454 0.5625 0.7573385518590998 0.560546875 0.7720156555772995 0.568359375 0.7827788649706457
0 0.3115234375 0.961839530332681 0.3212890625 0.9784735812133072 0.3330078125 0.9833659491193737 0.3583984375 0.9823874755381604 0.3828125 0.9628180039138943 0.3916015625 0.9373776908023483 0.390625 0.9217221135029353 0.380859375 0.9011741682974559 0.3564453125 0.8718199608610566 0.3447265625 0.8688845401174168 0.314453125 0.8767123287671232 0.3017578125 0.8864970645792564 0.2958984375 0.8962818003913894 0.296875 0.949119373776908 0.3115234375 0.961839530332681