0 0.072265625 0.1487279843444227 0.1015625 0.18101761252446183 0.1142578125 0.18395303326810175 0.1533203125 0.16634050880626222 0.1748046875 0.1780821917808219 0.185546875 0.1761252446183953 0.1875 0.1643835616438356 0.1689453125 0.14677103718199608 0.169921875 0.12524461839530332 0.1572265625 0.09784735812133072 0.1484375 0.08806262230919765 0.1083984375 0.07632093933463796 0.083984375 0.0812133072407045 0.0703125 0.0949119373776908 0.0634765625 0.11350293542074363 0.0634765625 0.12622309197651663 0.072265625 0.1487279843444227
0 0.615234375 0.21037181996086102 0.626953125 0.21330724070450097 0.6396484375 0.2035225048923679 0.6416015625 0.1898238747553816 0.6337890625 0.1780821917808219 0.6201171875 0.1780821917808219 0.609375 0.18590998043052837 0.6083984375 0.20254403131115456 0.615234375 0.21037181996086102
0 0.5849609375 0.36497064579256355 0.6015625 0.38454011741682975 0.6201171875 0.3943248532289628 0.625 0.410958904109589 0.63671875 0.41193737769080235 0.6474609375 0.3972602739726027 0.6611328125 0.3923679060665362 0.677734375 0.37573385518590996 0.6826171875 0.35812133072407043 0.68359375 0.32583170254403127 0.6904296875 0.31017612524461835 0.68359375 0.2837573385518591 0.6748046875 0.2827788649706458 0.650390625 0.29647749510763205 0.6337890625 0.29452054794520544 0.5986328125 0.3023483365949119 0.587890625 0.31017612524461835 0.5830078125 0.32093933463796476 0.580078125 0.34931506849315064 0.5849609375 0.36497064579256355
0 0.7822265625 0.3747553816046966 0.7900390625 0.37573385518590996 0.796875 0.37084148727984345 0.7978515625 0.36007827788649704 0.7919921875 0.34540117416829746 0.7841796875 0.34442270058708413 0.7763671875 0.35518590998043054 0.775390625 0.36497064579256355 0.7822265625 0.3747553816046966
0 0.310546875 0.5068493150684932 0.3154296875 0.5215264187866928 0.3271484375 0.5234833659491194 0.33984375 0.5430528375733854 0.3583984375 0.550880626223092 0.373046875 0.550880626223092 0.3896484375 0.5430528375733854 0.4013671875 0.5293542074363992 0.41015625 0.5078277886497065 0.4072265625 0.48630136986301364 0.40234375 0.47749510763209385 0.3876953125 0.4667318982387475 0.3759765625 0.4637964774951076 0.3623046875 0.4647749510763209 0.3388671875 0.47749510763209385 0.314453125 0.4794520547945205 0.3046875 0.4931506849315069 0.3046875 0.5009784735812133 0.310546875 0.5068493150684932
0 0.673828125 0.5166340508806262 0.69140625 0.5499021526418787 0.701171875 0.557729941291585 0.72265625 0.5528375733855186 0.7255859375 0.5420743639921721 0.716796875 0.5185909980430529 0.7177734375 0.5048923679060665 0.7001953125 0.4735812133072407 0.6962890625 0.46966731898238745 0.6875 0.46966731898238745 0.66796875 0.47651663405088057 0.6669921875 0.4921722113502935 0.673828125 0.5166340508806262
0 0.70703125 0.8816046966731899 0.74609375 0.8913894324853228 0.7646484375 0.885518590998043 0.775390625 0.87573385518591 0.7890625 0.8561643835616438 0.791015625 0.8414872798434441 0.7841796875 0.8297455968688844 0.7705078125 0.8199608610567515 0.7373046875 0.8160469667318981 0.7197265625 0.8277886497064578 0.708984375 0.8512720156555773 0.7041015625 0.8727984344422699 0.70703125 0.8816046966731899
0 0.8779296875 0.6037181996086105 0.8896484375 0.6046966731898238 0.896484375 0.598825831702544 0.8974609375 0.5900195694716242 0.8896484375 0.5782778864970646 0.8828125 0.5772994129158512 0.8720703125 0.5841487279843445 0.8720703125 0.598825831702544 0.8779296875 0.6037181996086105
0 0.4375 0.1908023483365949 0.4345703125 0.19863013698630136 0.431640625 0.20156555772994128 0.4287109375 0.20254403131115456 0.4287109375 0.2054794520547945 0.4306640625 0.20939334637964774 0.435546875 0.21330724070450097 0.4404296875 0.21330724070450097 0.4453125 0.21037181996086102 0.4560546875 0.19863013698630136 0.4599609375 0.1888454011741683 0.4609375 0.17416829745596868 0.4609375 0.1643835616438356 0.4599609375 0.162426614481409 0.4580078125 0.16046966731898238 0.453125 0.15949119373776907 0.4482421875 0.16046966731898238 0.4453125 0.16144814090019569 0.4404296875 0.16829745596868884 0.4375 0.18101761252446183 0.4375 0.1908023483365949
0 0.4111328125 0.3747553816046966 0.4150390625 0.37084148727984345 0.4150390625 0.36203522504892366 0.4111328125 0.3590998043052837 0.40234375 0.3610567514677104 0.40234375 0.37181996086105673 0.4111328125 0.3747553816046966
0 0.314453125 0.8767123287671232 0.3232421875 0.8776908023483365 0.3291015625 0.8737769080234834 0.33203125 0.8620352250489237 0.3271484375 0.8551859099804305 0.3173828125 0.8542074363992171 0.3115234375 0.8590998043052837 0.3095703125 0.8698630136986301 0.314453125 0.8767123287671232