0 0.5498046875 0.6614481409001957 0.556640625 0.6682974559686887 0.5859375 0.6819960861056751 0.6044921875 0.6819960861056751 0.62109375 0.6731898238747553 0.640625 0.649706457925636 0.6533203125 0.6164383561643836 0.650390625 0.6066536203522505 0.640625 0.5968688845401174 0.6259765625 0.5909980430528375 0.595703125 0.5900195694716242 0.576171875 0.5772994129158512 0.5654296875 0.5772994129158512 0.560546875 0.5880626223091976 0.5478515625 0.5949119373776908 0.5439453125 0.6056751467710371 0.54296875 0.6389432485322896 0.5498046875 0.6614481409001957
0 0.4140625 0.27103718199608606 0.4296875 0.28180039138943247 0.4306640625 0.29060665362035226 0.4375 0.29647749510763205 0.4521484375 0.2984344422700587 0.4697265625 0.27984344422700586 0.482421875 0.27984344422700586 0.498046875 0.2886497064579256 0.51171875 0.27788649706457924 0.51953125 0.24853228962818003 0.5048828125 0.22407045009784735 0.4541015625 0.2035225048923679 0.431640625 0.19960861056751467 0.41796875 0.2035225048923679 0.4013671875 0.2172211350293542 0.404296875 0.25538160469667315 0.4140625 0.27103718199608606
0 0.1162109375 0.14090019569471623 0.1513671875 0.12818003913894324 0.158203125 0.11252446183953033 0.150390625 0.10469667318982387 0.1396484375 0.10469667318982387 0.1279296875 0.11350293542074363 0.1142578125 0.11056751467710371 0.10546875 0.11643835616438356 0.10546875 0.136986301369863 0.1162109375 0.14090019569471623
0 0.240234375 0.16927592954990214 0.2470703125 0.17025440313111545 0.2705078125 0.15753424657534246 0.27734375 0.14187866927592954 0.2724609375 0.13405088062622308 0.2646484375 0.13209393346379647 0.240234375 0.1506849315068493 0.23828125 0.16536203522504891 0.240234375 0.16927592954990214
0 0.3447265625 0.37573385518590996 0.359375 0.3776908023483366 0.3701171875 0.37084148727984345 0.373046875 0.350293542074364 0.3642578125 0.3395303326810176 0.34765625 0.337573385518591 0.3349609375 0.34833659491193736 0.3349609375 0.363013698630137 0.3447265625 0.37573385518590996
0 0 0.286692759295499 0.00390625 0.29060665362035226 0.029296875 0.2974559686888454 0.0380859375 0.2896281800391389 0.0380859375 0.27984344422700586 0.0322265625 0.2729941291585127 0.0048828125 0.2720156555772994 0 0.27690802348336596 0 0.286692759295499
0 0.2177734375 0.49510763209393344 0.2216796875 0.5107632093933463 0.220703125 0.5225048923679061 0.205078125 0.5499021526418787 0.2216796875 0.5772994129158512 0.236328125 0.5831702544031311 0.244140625 0.5919765166340508 0.267578125 0.6056751467710371 0.2978515625 0.601761252446184 0.33203125 0.5753424657534246 0.3447265625 0.5704500978473581 0.365234375 0.5322896281800391 0.365234375 0.5185909980430529 0.3798828125 0.5088062622309197 0.3828125 0.49412915851272016 0.373046875 0.4804305283757338 0.3486328125 0.4833659491193737 0.3388671875 0.47847358121330724 0.3310546875 0.4677103718199608 0.30859375 0.46086105675146766 0.267578125 0.46868884540117417 0.2333984375 0.4569471624266145 0.21875 0.4657534246575342 0.2060546875 0.4667318982387475 0.2060546875 0.474559686888454 0.2177734375 0.49510763209393344
0 0.033203125 0.8395303326810175 0.01171875 0.8365949119373777 0 0.8424657534246576 0 0.9990215264187867 0.009765625 0.9990215264187867 0.03515625 0.9706457925636007 0.046875 0.9735812133072406 0.0517578125 0.9696673189823874 0.05078125 0.961839530332681 0.0400390625 0.9540117416829744 0.0390625 0.933463796477495 0.0537109375 0.9246575342465754 0.052734375 0.9158512720156555 0.060546875 0.9109589041095889 0.0595703125 0.9041095890410957 0.083984375 0.8953033268101761 0.0849609375 0.9001956947162426 0.08984375 0.9001956947162426 0.1064453125 0.9324853228962817 0.1064453125 0.9412915851272015 0.119140625 0.9481409001956946 0.123046875 0.9579256360078278 0.1357421875 0.9559686888454012 0.1396484375 0.9442270058708415 0.1513671875 0.9412915851272015 0.154296875 0.9275929549902152 0.150390625 0.9187866927592955 0.150390625 0.8825831702544031 0.1474609375 0.8776908023483365 0.1650390625 0.8395303326810175 0.1650390625 0.8326810176125244 0.158203125 0.821917808219178 0.1728515625 0.8033268101761252 0.1708984375 0.7896281800391389 0.1611328125 0.7896281800391389 0.1513671875 0.7994129158512719 0.087890625 0.8062622309197651 0.05859375 0.8013698630136986 0.048828125 0.8072407045009784 0.0400390625 0.834637964774951 0.033203125 0.8395303326810175
0 0.7412109375 0.2671232876712329 0.755859375 0.25929549902152643 0.7763671875 0.23091976516634052 0.7724609375 0.21428571428571427 0.7529296875 0.19863013698630136 0.7412109375 0.20156555772994128 0.7265625 0.22211350293542073 0.7197265625 0.2534246575342466 0.7412109375 0.2671232876712329
0 0.8359375 0.6545988258317025 0.8505859375 0.6575342465753424 0.8564453125 0.6536203522504892 0.859375 0.6438356164383562 0.8505859375 0.6291585127201565 0.841796875 0.6272015655577299 0.8310546875 0.6360078277886496 0.8310546875 0.6477495107632094 0.8359375 0.6545988258317025
0 0.7861328125 0.984344422700587 0.8173828125 0.9863013698630138 0.826171875 0.9784735812133072 0.826171875 0.9510763209393346 0.8203125 0.9461839530332681 0.8134765625 0.9481409001956946 0.80078125 0.9569471624266145 0.787109375 0.958904109589041 0.78125 0.9686888454011742 0.78125 0.9774951076320939 0.7861328125 0.984344422700587
0 0.88671875 0.9755381604696673 0.8916015625 0.9706457925636007 0.892578125 0.9628180039138943 0.884765625 0.9540117416829744 0.8779296875 0.9540117416829744 0.8720703125 0.9598825831702543 0.8740234375 0.9745596868884541 0.88671875 0.9755381604696673
0 0.234375 0.735812133072407 0.2447919921875 0.735812133072407 0.263671875 0.7465753424657533 0.2763671875 0.7407045009784736 0.2783203125 0.7309197651663404 0.2724609375 0.7191780821917808 0.265625 0.7162426614481409 0.2529296875 0.7191780821917808 0.2421875 0.7113502935420744 0.2294921875 0.7162426614481409 0.2275390625 0.7250489236790607 0.234375 0.735812133072407
0 0.6357421875 0.363013698630137 0.6484375 0.37084148727984345 0.6611328125 0.37084148727984345 0.671875 0.3561643835616438 0.66015625 0.3414872798434442 0.65234375 0.337573385518591 0.6416015625 0.33659491193737767 0.6328125 0.3424657534246575 0.6318359375 0.3532289628180039 0.6357421875 0.363013698630137
0 0.26171875 0.10567514677103718 0.26171875 0.11448140900195694 0.2626953125 0.11741682974559686 0.2666015625 0.12133072407045009 0.26953125 0.1223091976516634 0.2744140625 0.1223091976516634 0.275390625 0.12133072407045009 0.2783203125 0.12133072407045009 0.2822265625 0.11937377690802346 0.2900390625 0.11937377690802346 0.2919921875 0.11741682974559686 0.2919921875 0.11350293542074363 0.2890625 0.10567514677103718 0.287109375 0.10176125244618395 0.2822265625 0.09686888454011741 0.2802734375 0.0958904109589041 0.27734375 0.0958904109589041 0.2763671875 0.0949119373776908 0.2744140625 0.0958904109589041 0.271484375 0.0958904109589041 0.26953125 0.09686888454011741 0.263671875 0.10273972602739725 0.263671875 0.10371819960861055 0.26171875 0.10567514677103718