0 0.6337890625 0.1643835616438356 0.63671875 0.17416829745596868 0.6474609375 0.18493150684931506 0.66015625 0.18688845401174167 0.720703125 0.16731898238747553 0.716796875 0.15753424657534246 0.7177734375 0.12818003913894324 0.7138671875 0.11252446183953033 0.6982421875 0.09393346379647749 0.6728515625 0.09099804305283757 0.6416015625 0.11839530332681017 0.6337890625 0.14481409001956946 0.6337890625 0.1643835616438356
0 0.7783203125 0.09295499021526418 0.79296875 0.09197651663405088 0.798828125 0.0821917808219178 0.7978515625 0.07240704500978473 0.7900390625 0.06555772994129158 0.77734375 0.0675146771037182 0.771484375 0.07534246575342465 0.7705078125 0.08512720156555773 0.7783203125 0.09295499021526418
0 0.8134765625 0.060665362035225046 0.81640625 0.07142857142857142 0.8232421875 0.07827788649706457 0.8388671875 0.08512720156555773 0.8583984375 0.07729941291585127 0.859375 0.05772994129158513 0.8515625 0.04598825831702544 0.8173828125 0.04207436399217221 0.8134765625 0.04598825831702544 0.8134765625 0.060665362035225046
0 0.3564453125 0.2279843444227006 0.38671875 0.23483365949119372 0.400390625 0.22896281800391388 0.4013671875 0.20254403131115456 0.388671875 0.18688845401174167 0.373046875 0.18199608610567514 0.3505859375 0.19863013698630136 0.3486328125 0.2162426614481409 0.3564453125 0.2279843444227006
0 0.3994140625 0.2651663405088062 0.4365234375 0.2876712328767123 0.447265625 0.2827788649706458 0.4755859375 0.24755381604696672 0.470703125 0.2299412915851272 0.4521484375 0.21819960861056747 0.4462890625 0.2172211350293542 0.427734375 0.22896281800391388 0.404296875 0.22602739726027393 0.3955078125 0.2328767123287671 0.39453125 0.25538160469667315 0.3994140625 0.2651663405088062
0 0.181640625 0.37279843444227 0.1904296875 0.37084148727984345 0.1962890625 0.3542074363992172 0.1943359375 0.3424657534246575 0.1884765625 0.337573385518591 0.1806640625 0.337573385518591 0.1728515625 0.34540117416829746 0.1748046875 0.3679060665362035 0.181640625 0.37279843444227
0 0.4072265625 0.10078277886497064 0.4208984375 0.10273972602739725 0.42578125 0.09882583170254403 0.4287109375 0.08806262230919765 0.421875 0.07436399217221135 0.4111328125 0.07338551859099804 0.40234375 0.0812133072407045 0.4013671875 0.09099804305283757 0.4072265625 0.10078277886497064
0 0.203125 0.8170254403131114 0.2197265625 0.824853228962818 0.2470703125 0.821917808219178 0.2705078125 0.8405088062622308 0.2900390625 0.8365949119373777 0.3115234375 0.8434442270058709 0.34765625 0.8336594911937377 0.3623046875 0.8268101761252445 0.3740234375 0.8072407045009784 0.3681640625 0.7651663405088062 0.390625 0.7544031311154599 0.396484375 0.7377690802348337 0.4130859375 0.723091976516634 0.4130859375 0.7133072407045009 0.400390625 0.6956947162426614 0.390625 0.6917808219178082 0.375 0.6986301369863013 0.328125 0.6859099804305283 0.3037109375 0.687866927592955 0.283203125 0.700587084148728 0.267578125 0.723091976516634 0.2568359375 0.783757338551859 0.2490234375 0.7896281800391389 0.23046875 0.7886497064579256 0.2177734375 0.796477495107632 0.2060546875 0.7984344422700587 0.2021484375 0.7954990215264187 0.19921875 0.7994129158512719 0.1982421875 0.8072407045009784 0.203125 0.8170254403131114
0 0.27734375 0.6966731898238747 0.28515625 0.6966731898238747 0.294921875 0.687866927592955 0.294921875 0.678082191780822 0.2890625 0.6722113502935421 0.2783203125 0.6712328767123287 0.2705078125 0.678082191780822 0.26953125 0.6859099804305283 0.27734375 0.6966731898238747
0 0.3916015625 0.9080234833659491 0.404296875 0.913894324853229 0.41796875 0.9275929549902152 0.427734375 0.9246575342465754 0.4306640625 0.9148727984344422 0.41796875 0.8904109589041095 0.3935546875 0.8659491193737768 0.38671875 0.8620352250489237 0.34765625 0.8581213307240704 0.3408203125 0.8600782778864969 0.3916015625 0.9080234833659491
0 0.337890625 0.684931506849315 0.3583984375 0.6819960861056751 0.3662109375 0.6692759295499021 0.36328125 0.6604696673189824 0.3564453125 0.6565557729941291 0.3388671875 0.6575342465753424 0.330078125 0.6663405088062622 0.330078125 0.6819960861056751 0.337890625 0.684931506849315
0 0.3916015625 0.6360078277886496 0.40234375 0.6379647749510763 0.41796875 0.6340508806262231 0.4228515625 0.6291585127201565 0.4287109375 0.601761252446184 0.4208984375 0.5880626223091976 0.404296875 0.5870841487279843 0.38671875 0.6056751467710371 0.384765625 0.6252446183953033 0.3916015625 0.6360078277886496
0 0.5048828125 0.5704500978473581 0.5185546875 0.5724070450097847 0.529296875 0.5636007827788649 0.529296875 0.5528375733855186 0.5185546875 0.5420743639921721 0.509765625 0.5420743639921721 0.5009765625 0.550880626223092 0.5009765625 0.5636007827788649 0.5048828125 0.5704500978473581
0 0.857421875 0.6712328767123287 0.884765625 0.6819960861056751 0.89453125 0.678082191780822 0.89453125 0.6653620352250489 0.875 0.6565557729941291 0.8583984375 0.6369863013698629 0.84765625 0.6340508806262231 0.83984375 0.6409001956947162 0.83984375 0.6536203522504892 0.857421875 0.6712328767123287
0 0.8603515625 0.7338551859099803 0.8681640625 0.735812133072407 0.8779296875 0.7299412915851271 0.8798828125 0.7201565557729941 0.87109375 0.7093933463796478 0.8623046875 0.7084148727984344 0.8544921875 0.7162426614481409 0.8544921875 0.7270058708414873 0.8603515625 0.7338551859099803
0 0.5478515625 0.9452054794520548 0.5576171875 0.9500978473581213 0.56640625 0.949119373776908 0.5615234375 0.9324853228962817 0.544921875 0.9275929549902152 0.54296875 0.9344422700587083 0.5478515625 0.9452054794520548
0 0.63671875 0.6105675146771037 0.64453125 0.6046966731898238 0.640625 0.5909980430528375 0.6328125 0.5900195694716242 0.6279296875 0.5949119373776908 0.6298828125 0.6105675146771037 0.63671875 0.6105675146771037