0 0.232421875 0.25440313111545987 0.248046875 0.2602739726027397 0.2568359375 0.2720156555772994 0.279296875 0.2671232876712329 0.3017578125 0.2446183953033268 0.2998046875 0.2338551859099804 0.2861328125 0.2328767123287671 0.2822265625 0.22896281800391388 0.287109375 0.21037181996086102 0.275390625 0.19471624266144813 0.2578125 0.19373776908023482 0.228515625 0.2172211350293542 0.2255859375 0.2455968688845401 0.232421875 0.25440313111545987
0 0.1220703125 0.6389432485322896 0.134765625 0.6516634050880625 0.1357421875 0.6761252446183953 0.130859375 0.6888454011741683 0.1337890625 0.7270058708414873 0.1513671875 0.74853228962818 0.166015625 0.7534246575342466 0.1767578125 0.7514677103718199 0.1845703125 0.74559686888454 0.240234375 0.6585127201565557 0.2373046875 0.6457925636007827 0.2265625 0.6330724070450098 0.23046875 0.6164383561643836 0.228515625 0.6027397260273972 0.2216796875 0.5949119373776908 0.201171875 0.586105675146771 0.1884765625 0.5645792563600782 0.16796875 0.5557729941291585 0.1494140625 0.5694716242661448 0.1201171875 0.6056751467710371 0.119140625 0.6301369863013698 0.1220703125 0.6389432485322896
0 0.1533203125 0.4432485322896282 0.1611328125 0.4432485322896282 0.169921875 0.43639921722113495 0.16796875 0.42074363992172203 0.1630859375 0.41780821917808214 0.1513671875 0.4187866927592955 0.14453125 0.4246575342465754 0.14453125 0.43542074363992167 0.1533203125 0.4432485322896282
0 0.015625 0.5058708414872799 0.017578125 0.5225048923679061 0.0302734375 0.5283757338551859 0.0361328125 0.5234833659491194 0.0400390625 0.5048923679060665 0.0341796875 0.47847358121330724 0.0224609375 0.4735812133072407 0.01171875 0.48630136986301364 0.009765625 0.49412915851272016 0.015625 0.5058708414872799
0 0 0.6643835616438356 0.009765625 0.6741682974559686 0.009765625 0.6986301369863013 0.021484375 0.7133072407045009 0.0224609375 0.7270058708414873 0.0322265625 0.7446183953033267 0.0419921875 0.7495107632093932 0.048828125 0.7436399217221135 0.056640625 0.7152641878669275 0.0634765625 0.7064579256360078 0.0556640625 0.687866927592955 0.041015625 0.6702544031311154 0.0439453125 0.6506849315068493 0.00390625 0.6536203522504892 0 0.6565557729941291 0 0.6643835616438356
0 0.8671875 0.6457925636007827 0.8720703125 0.687866927592955 0.876953125 0.6927592954990215 0.916015625 0.7054794520547945 0.9287109375 0.7045009784735812 0.943359375 0.697651663405088 0.951171875 0.684931506849315 0.9482421875 0.6712328767123287 0.9501953125 0.6516634050880625 0.931640625 0.6301369863013698 0.9150390625 0.601761252446184 0.890625 0.6027397260273972 0.8828125 0.5998043052837574 0.8759765625 0.6046966731898238 0.8720703125 0.6144814090019569 0.875 0.6291585127201565 0.8671875 0.6457925636007827
0 0.93359375 0.5753424657534246 0.953125 0.5812133072407045 0.9599609375 0.5782778864970646 0.96484375 0.5675146771037182 0.9609375 0.5518590998043053 0.939453125 0.5303326810176124 0.9345703125 0.5322896281800391 0.927734375 0.5518590998043053 0.9267578125 0.560665362035225 0.93359375 0.5753424657534246
0 0.1689453125 0.9178082191780822 0.1787109375 0.9187866927592955 0.1962890625 0.9099804305283756 0.197265625 0.9031311154598824 0.1923828125 0.8953033268101761 0.1806640625 0.8874755381604696 0.169921875 0.892367906066536 0.166015625 0.9050880626223092 0.1689453125 0.9178082191780822
0 0.3154296875 0.7465753424657533 0.330078125 0.7495107632093932 0.3369140625 0.7446183953033267 0.3388671875 0.735812133072407 0.330078125 0.726027397260274 0.3212890625 0.7240704500978473 0.3125 0.7279843444227005 0.3115234375 0.738747553816047 0.3154296875 0.7465753424657533
0 0.3798828125 0.9990215264187867 0.376953125 0.987279843444227 0.3701171875 0.9804305283757339 0.357421875 0.971624266144814 0.3515625 0.9765166340508806 0.3515625 0.9990215264187867 0.3798828125 0.9990215264187867
0 0.3466796875 0.25538160469667315 0.3544921875 0.25440313111545987 0.36328125 0.24363992172211352 0.36328125 0.2338551859099804 0.3544921875 0.22602739726027393 0.3486328125 0.22602739726027393 0.341796875 0.2328767123287671 0.3427734375 0.25146771037182 0.3466796875 0.25538160469667315
0 0.3017578125 0.21330724070450097 0.3115234375 0.21135029354207435 0.3193359375 0.19863013698630136 0.3125 0.1898238747553816 0.2998046875 0.1908023483365949 0.294921875 0.19667318982387474 0.2958984375 0.20841487279843443 0.3017578125 0.21330724070450097
0 0.5048828125 0.07632093933463796 0.5087890625 0.06164383561643836 0.5009765625 0.05675146771037182 0.4921875 0.05870841487279843 0.4912109375 0.07045009784735812 0.5048828125 0.07632093933463796
0 0.552734375 0.15166340508806261 0.560546875 0.1506849315068493 0.5634765625 0.14481409001956946 0.5615234375 0.13307240704500978 0.541015625 0.13405088062622308 0.5390625 0.136986301369863 0.552734375 0.15166340508806261
0 0.6162109375 0.02837573385518591 0.625 0.0273972602739726 0.6318359375 0.018590998043052837 0.6240234375 0.008806262230919765 0.6025390625 0.009784735812133072 0.6015625 0.015655577299412915 0.6162109375 0.02837573385518591
0 0.6845703125 0.07045009784735812 0.6923828125 0.06457925636007827 0.6923828125 0.05772994129158513 0.68359375 0.0547945205479452 0.6728515625 0.05968688845401173 0.673828125 0.07045009784735812 0.6845703125 0.07045009784735812