0 0.2744140625 0.28180039138943247 0.298828125 0.3023483365949119 0.322265625 0.3082191780821918 0.337890625 0.30724070450097846 0.3515625 0.2974559686888454 0.3681640625 0.273972602739726 0.375 0.24853228962818003 0.3720703125 0.22407045009784735 0.365234375 0.21135029354207435 0.349609375 0.19765166340508805 0.333984375 0.1908023483365949 0.3056640625 0.1917808219178082 0.2861328125 0.19863013698630136 0.2763671875 0.20939334637964774 0.2646484375 0.24070450097847357 0.263671875 0.2583170254403131 0.2744140625 0.28180039138943247
0 0.1142578125 0.44520547945205474 0.1376953125 0.4500978473581213 0.1484375 0.4432485322896282 0.1513671875 0.42759295499021527 0.140625 0.40802348336594907 0.1171875 0.4060665362035225 0.103515625 0.4187866927592955 0.1044921875 0.43542074363992167 0.1142578125 0.44520547945205474
0 0.599609375 0.7270058708414873 0.6123046875 0.7318982387475538 0.6259765625 0.7270058708414873 0.6279296875 0.7113502935420744 0.6171875 0.6956947162426614 0.6044921875 0.6937377690802349 0.5927734375 0.700587084148728 0.5908203125 0.7152641878669275 0.599609375 0.7270058708414873
0 0.69921875 0.9324853228962817 0.71875 0.9412915851272015 0.7333984375 0.9422700587084147 0.7392578125 0.9422700587084147 0.75 0.9324853228962817 0.7470703125 0.892367906066536 0.7314453125 0.8708414872798433 0.712890625 0.8639921722113503 0.7001953125 0.8639921722113503 0.68359375 0.8718199608610566 0.67578125 0.8816046966731899 0.67578125 0.9001956947162426 0.69921875 0.9324853228962817
0 0.7177734375 0.9990215264187867 0.7177734375 0.9863013698630138 0.7109375 0.9794520547945205 0.6982421875 0.9774951076320939 0.6904296875 0.9853228962818003 0.69140625 0.9990215264187867 0.7177734375 0.9990215264187867
0 0.4287109375 0.45205479452054786 0.455078125 0.4667318982387475 0.4677734375 0.4598825831702544 0.47265625 0.4500978473581213 0.4736328125 0.43542074363992167 0.462890625 0.4227005870841487 0.447265625 0.4158512720156556 0.435546875 0.4158512720156556 0.421875 0.42563600782778865 0.4208984375 0.4393346379647749 0.4287109375 0.45205479452054786
0 0.43359375 0.6956947162426614 0.4482421875 0.697651663405088 0.453125 0.6947162426614482 0.4482421875 0.6819960861056751 0.4404296875 0.675146771037182 0.431640625 0.6741682974559686 0.4248046875 0.6790606653620352 0.42578125 0.6898238747553815 0.43359375 0.6956947162426614
0 0.7470703125 0.809197651663405 0.7578125 0.8072407045009784 0.7607421875 0.8033268101761252 0.7578125 0.786692759295499 0.7490234375 0.783757338551859 0.7421875 0.7886497064579256 0.7421875 0.8052837573385518 0.7470703125 0.809197651663405
0 0.8994140625 0.9031311154598824 0.9150390625 0.9041095890410957 0.9208984375 0.8982387475538159 0.923828125 0.8864970645792564 0.919921875 0.8776908023483365 0.9033203125 0.8747553816046967 0.8955078125 0.8835616438356164 0.89453125 0.8972602739726027 0.8994140625 0.9031311154598824
0 0.09375 0.136986301369863 0.1103515625 0.14677103718199608 0.1220703125 0.14383561643835616 0.130859375 0.12720156555772993 0.1259765625 0.11741682974559686 0.11328125 0.11252446183953033 0.1044921875 0.11937377690802346 0.0927734375 0.13307240704500978 0.09375 0.136986301369863
0 0.37890625 0.10567514677103718 0.3916015625 0.10665362035225048 0.4033203125 0.09980430528375733 0.4013671875 0.09099804305283757 0.388671875 0.0812133072407045 0.37890625 0.0812133072407045 0.3720703125 0.08904109589041095 0.3720703125 0.09882583170254403 0.37890625 0.10567514677103718
0 0.01171875 0.3062622309197652 0.0244140625 0.30332681017612523 0.0302734375 0.29647749510763205 0.029296875 0.2886497064579256 0.01953125 0.28180039138943247 0.01171875 0.2827788649706458 0.005859375 0.29060665362035226 0.0048828125 0.30039138943248533 0.01171875 0.3062622309197652