0 0.25 0.3043052837573385 0.2626953125 0.3199608610567514 0.28515625 0.324853228962818 0.2998046875 0.3238747553816047 0.3115234375 0.31604696673189825 0.31640625 0.3062622309197652 0.337890625 0.3043052837573385 0.3447265625 0.2974559686888454 0.3427734375 0.2896281800391389 0.3349609375 0.28180039138943247 0.3095703125 0.2720156555772994 0.306640625 0.25440313111545987 0.2900390625 0.24363992172211352 0.2783203125 0.2455968688845401 0.2548828125 0.2651663405088062 0.2490234375 0.2974559686888454 0.25 0.3043052837573385
0 0.0947265625 0.24168297455968685 0.107421875 0.2328767123287671 0.1025390625 0.223091976516634 0.0947265625 0.22211350293542073 0.0908203125 0.22602739726027393 0.0888671875 0.2328767123287671 0.0947265625 0.24168297455968685
0 0.0771484375 0.0273972602739726 0.0888671875 0.026418786692759294 0.1025390625 0.019569471624266144 0.109375 0 0.0625 0 0.060546875 0.008806262230919765 0.060546875 0.019569471624266144 0.0771484375 0.0273972602739726
0 0.400390625 0.14677103718199608 0.4111328125 0.14677103718199608 0.4189453125 0.14187866927592954 0.419921875 0.1350293542074364 0.4404296875 0.111545988258317 0.451171875 0.1086105675146771 0.453125 0.09295499021526418 0.4443359375 0.08708414872798434 0.431640625 0.08708414872798434 0.4228515625 0.09882583170254403 0.4072265625 0.09882583170254403 0.3896484375 0.12328767123287672 0.390625 0.13894324853228962 0.400390625 0.14677103718199608
0 0.390625 0.036203522504892366 0.3935546875 0.04794520547945205 0.3994140625 0.051859099804305274 0.41015625 0.04892367906066536 0.4140625 0.04207436399217221 0.4052734375 0.0273972602739726 0.40234375 0.012720156555772993 0.3896484375 0.00684931506849315 0.3798828125 0.014677103718199608 0.3798828125 0.025440313111545987 0.390625 0.036203522504892366
0 0.27734375 0.5469667318982387 0.2890625 0.5430528375733854 0.2958984375 0.5293542074363992 0.3095703125 0.5205479452054794 0.3173828125 0.5088062622309197 0.3115234375 0.48532289628180036 0.2939453125 0.4755381604696673 0.26953125 0.48727984344422703 0.2548828125 0.5009784735812133 0.2529296875 0.5185909980430529 0.27734375 0.5469667318982387
0 0.8154296875 0.20450097847358123 0.828125 0.2123287671232877 0.845703125 0.2338551859099804 0.8564453125 0.23483365949119372 0.8662109375 0.23091976516634052 0.8740234375 0.20645792563600782 0.8740234375 0.1917808219178082 0.8681640625 0.17906066536203522 0.8564453125 0.17221135029354206 0.841796875 0.17123287671232876 0.82421875 0.1761252446183953 0.814453125 0.18493150684931506 0.8125 0.19765166340508805 0.8154296875 0.20450097847358123
0 0.0625 0.7534246575342466 0.0712890625 0.7759295499021526 0.083984375 0.7769080234833659 0.0927734375 0.7681017612524461 0.126953125 0.7544031311154599 0.1328125 0.74853228962818 0.130859375 0.735812133072407 0.1005859375 0.7162426614481409 0.0908203125 0.7152641878669275 0.08203125 0.7191780821917808 0.0703125 0.7113502935420744 0.0576171875 0.7211350293542074 0.0498046875 0.7495107632093932 0.0625 0.7534246575342466
0 0.0107421875 0.9432485322896282 0.0185546875 0.949119373776908 0.03125 0.9432485322896282 0.03515625 0.9363992172211351 0.0341796875 0.9266144814090019 0.01953125 0.913894324853229 0.0068359375 0.9090019569471623 0.0029296875 0.9109589041095889 0 0.9236790606653621 0.0107421875 0.9432485322896282
0 0.01171875 0.8336594911937377 0.0224609375 0.8326810176125244 0.0302734375 0.824853228962818 0.029296875 0.8160469667318981 0.021484375 0.8101761252446182 0.0126953125 0.809197651663405 0.005859375 0.8150684931506849 0.0048828125 0.8238747553816047 0.01171875 0.8336594911937377
0 0.427734375 0.834637964774951 0.4375 0.837573385518591 0.45703125 0.834637964774951 0.4599609375 0.8150684931506849 0.453125 0.796477495107632 0.4462890625 0.7896281800391389 0.4248046875 0.796477495107632 0.4140625 0.8052837573385518 0.4150390625 0.8209393346379648 0.427734375 0.834637964774951
0 0.83984375 0.9090019569471623 0.84375 0.9178082191780822 0.859375 0.9315068493150684 0.873046875 0.933463796477495 0.8818359375 0.9305283757338552 0.896484375 0.9158512720156555 0.8984375 0.9041095890410957 0.89453125 0.8913894324853228 0.8779296875 0.8776908023483365 0.8583984375 0.8767123287671232 0.8388671875 0.8845401174168297 0.8369140625 0.8992172211350293 0.83984375 0.9090019569471623
0 0.5810546875 0.7857142857142857 0.61328125 0.793542074363992 0.6474609375 0.8101761252446182 0.666015625 0.8111545988258317 0.6806640625 0.8052837573385518 0.6943359375 0.8170254403131114 0.7109375 0.8209393346379648 0.7197265625 0.8209393346379648 0.7333984375 0.8140900195694716 0.7353515625 0.7925636007827788 0.728515625 0.7671232876712328 0.7333984375 0.7583170254403131 0.7333984375 0.7446183953033267 0.697265625 0.7270058708414873 0.6904296875 0.7201565557729941 0.689453125 0.7123287671232876 0.6787109375 0.6966731898238747 0.6748046875 0.678082191780822 0.6630859375 0.6663405088062622 0.650390625 0.6673189823874754 0.6435546875 0.6741682974559686 0.6435546875 0.6868884540117416 0.6494140625 0.697651663405088 0.6494140625 0.7123287671232876 0.64453125 0.726027397260274 0.63671875 0.7299412915851271 0.619140625 0.7289628180039138 0.60546875 0.7162426614481409 0.5986328125 0.7162426614481409 0.578125 0.7289628180039138 0.572265625 0.7407045009784736 0.572265625 0.7690802348336595 0.5810546875 0.7857142857142857
0 0.4716796875 0.8062622309197651 0.490234375 0.8111545988258317 0.501953125 0.8013698630136986 0.501953125 0.7827788649706457 0.490234375 0.7749510763209393 0.4775390625 0.783757338551859 0.466796875 0.7857142857142857 0.4619140625 0.7925636007827788 0.4599609375 0.796477495107632 0.4716796875 0.8062622309197651
0 0.5185546875 0.4246575342465754 0.5361328125 0.4246575342465754 0.552734375 0.43542074363992167 0.5595703125 0.43346379647749506 0.564453125 0.42661448140900193 0.5595703125 0.410958904109589 0.5458984375 0.40998043052837574 0.53125 0.39921722113502933 0.521484375 0.398238747553816 0.51171875 0.4070450097847358 0.51171875 0.41780821917808214 0.5185546875 0.4246575342465754