0 0.5673828125 0.3698630136986301 0.5751953125 0.37279843444227 0.6083984375 0.3659491193737769 0.6240234375 0.3277886497064579 0.6171875 0.3180039138943248 0.5849609375 0.2974559686888454 0.5712890625 0.3023483365949119 0.5478515625 0.32289628180039137 0.5478515625 0.35127201565557725 0.5673828125 0.3698630136986301
0 0.5947265625 0.5499021526418787 0.6083984375 0.5792563600782779 0.6259765625 0.5880626223091976 0.63671875 0.5851272015655578 0.6435546875 0.5655577299412916 0.6337890625 0.5332681017612524 0.619140625 0.5254403131115459 0.6015625 0.5362035225048923 0.5947265625 0.5430528375733854 0.5947265625 0.5499021526418787
0 0.6318359375 0.49804305283757333 0.6591796875 0.5 0.6728515625 0.4911937377690802 0.669921875 0.48140900195694714 0.6611328125 0.4755381604696673 0.64453125 0.47847358121330724 0.6298828125 0.474559686888454 0.6259765625 0.47749510763209385 0.6240234375 0.4882583170254403 0.6318359375 0.49804305283757333
0 0.046875 0.6242661448140899 0.046875 0.6526418786692758 0.04296875 0.6575342465753424 0.046875 0.675146771037182 0.0810546875 0.6996086105675146 0.087890625 0.7162426614481409 0.1064453125 0.7348336594911937 0.111328125 0.7475538160469667 0.1240234375 0.7544031311154599 0.1259765625 0.7622309197651662 0.1357421875 0.7622309197651662 0.146484375 0.7475538160469667 0.140625 0.7270058708414873 0.142578125 0.6927592954990215 0.140625 0.6859099804305283 0.130859375 0.6819960861056751 0.1259765625 0.6692759295499021 0.11328125 0.6585127201565557 0.1259765625 0.6369863013698629 0.1240234375 0.6262230919765166 0.126953125 0.6232876712328766 0.1162109375 0.62133072407045 0.1083984375 0.611545988258317 0.09375 0.6046966731898238 0.09375 0.595890410958904 0.099609375 0.5949119373776908 0.0947265625 0.5792563600782779 0.0908203125 0.5802348336594911 0.0693359375 0.5626223091976517 0.0576171875 0.5636007827788649 0.046875 0.5782778864970646 0.033203125 0.6046966731898238 0.046875 0.6242661448140899
0 0.0634765625 0.8522504892367906 0.0869140625 0.8551859099804305 0.1005859375 0.8688845401174168 0.109375 0.8659491193737768 0.1123046875 0.8590998043052837 0.109375 0.8483365949119372 0.09765625 0.8317025440313112 0.068359375 0.8287671232876711 0.05859375 0.8336594911937377 0.056640625 0.8454011741682974 0.0634765625 0.8522504892367906
0 0.3935546875 0.5215264187866928 0.404296875 0.5225048923679061 0.408203125 0.5185909980430529 0.41015625 0.5088062622309197 0.404296875 0.5009784735812133 0.396484375 0.49804305283757333 0.388671875 0.5048923679060665 0.388671875 0.5146771037181995 0.3935546875 0.5215264187866928
0 0.8212890625 0.32093933463796476 0.8349609375 0.3219178082191781 0.83984375 0.3180039138943248 0.8447265625 0.2984344422700587 0.837890625 0.2827788649706458 0.8310546875 0.27984344422700586 0.8203125 0.2827788649706458 0.814453125 0.2974559686888454 0.8154296875 0.31213307240704496 0.8212890625 0.32093933463796476
0 0.083984375 0.3542074363992172 0.1044921875 0.3659491193737769 0.1142578125 0.36203522504892366 0.1201171875 0.34442270058708413 0.11328125 0.32974559686888455 0.0908203125 0.33072407045009783 0.0810546875 0.33561643835616434 0.0791015625 0.3473581213307241 0.083984375 0.3542074363992172
0 0.2353515625 0.6262230919765166 0.244140625 0.6281800391389433 0.2509765625 0.6242661448140899 0.2529296875 0.6135029354207436 0.2490234375 0.6046966731898238 0.2373046875 0.6037181996086105 0.2314453125 0.608610567514677 0.2294921875 0.6164383561643836 0.2353515625 0.6262230919765166
0 0.1884765625 0.9422700587084147 0.19921875 0.9442270058708415 0.205078125 0.9393346379647749 0.2041015625 0.9266144814090019 0.1923828125 0.9236790606653621 0.185546875 0.9285714285714285 0.1845703125 0.9373776908023483 0.1884765625 0.9422700587084147
0 0.63671875 0.8356164383561643 0.642578125 0.8414872798434441 0.6435546875 0.87573385518591 0.6650390625 0.8816046966731899 0.66796875 0.8933463796477495 0.6728515625 0.8913894324853228 0.685546875 0.8953033268101761 0.6865234375 0.8884540117416829 0.7001953125 0.8767123287671232 0.7099609375 0.8806262230919766 0.71875 0.8747553816046967 0.740234375 0.8767123287671232 0.74609375 0.8708414872798433 0.751953125 0.8747553816046967 0.759765625 0.8727984344422699 0.76953125 0.8620352250489237 0.77734375 0.8620352250489237 0.779296875 0.8669275929549901 0.7939453125 0.8454011741682974 0.8056640625 0.8170254403131114 0.8037109375 0.8033268101761252 0.7861328125 0.7827788649706457 0.765625 0.7798434442270058 0.740234375 0.7827788649706457 0.72265625 0.7592954990215264 0.6923828125 0.7377690802348337 0.681640625 0.7397260273972602 0.638671875 0.7827788649706457 0.6357421875 0.7886497064579256 0.63671875 0.8356164383561643
0 0.291015625 0.2162426614481409 0.35546875 0.23091976516634052 0.3759765625 0.22896281800391388 0.3896484375 0.21819960861056747 0.4208984375 0.20645792563600782 0.423828125 0.19863013698630136 0.4228515625 0.18199608610567514 0.4150390625 0.175146771037182 0.3486328125 0.18297455968688844 0.3046875 0.16829745596868884 0.2822265625 0.17318982387475537 0.28125 0.18297455968688844 0.291015625 0.2162426614481409
0 0.466796875 0.5596868884540117 0.4716796875 0.5538160469667319 0.4697265625 0.5293542074363992 0.458984375 0.5215264187866928 0.4501953125 0.5303326810176124 0.4521484375 0.557729941291585 0.466796875 0.5596868884540117