0 0.2998046875 0.19960861056751467 0.314453125 0.19863013698630136 0.3232421875 0.2172211350293542 0.333984375 0.22700587084148727 0.3583984375 0.2279843444227006 0.373046875 0.21037181996086102 0.3681640625 0.18688845401174167 0.3583984375 0.175146771037182 0.34765625 0.16927592954990214 0.32421875 0.17906066536203522 0.314453125 0.17416829745596868 0.296875 0.17416829745596868 0.291015625 0.18199608610567514 0.291015625 0.19275929549902152 0.2998046875 0.19960861056751467
0 0.2177734375 0.31213307240704496 0.23046875 0.31702544031311153 0.259765625 0.31604696673189825 0.2646484375 0.31213307240704496 0.2705078125 0.29549902152641877 0.2685546875 0.2857142857142857 0.2451171875 0.2700587084148728 0.23046875 0.27103718199608606 0.224609375 0.27690802348336596 0.2158203125 0.30919765166340507 0.2177734375 0.31213307240704496
0 0.3125 0.3679060665362035 0.328125 0.3659491193737769 0.3388671875 0.3542074363992172 0.33984375 0.3395303326810176 0.3310546875 0.33170254403131116 0.3173828125 0.32583170254403127 0.3056640625 0.33463796477495106 0.3056640625 0.3571428571428571 0.3125 0.3679060665362035
0 0.181640625 0.6007827788649707 0.1845703125 0.6418786692759295 0.189453125 0.649706457925636 0.2021484375 0.6565557729941291 0.22265625 0.6506849315068493 0.2451171875 0.6154598825831703 0.24609375 0.6056751467710371 0.23828125 0.5880626223091976 0.2197265625 0.5714285714285714 0.201171875 0.5616438356164383 0.1787109375 0.5626223091976517 0.1689453125 0.5724070450097847 0.16796875 0.5772994129158512 0.181640625 0.6007827788649707
0 0.2373046875 0.9119373776908024 0.2392578125 0.9217221135029353 0.2509765625 0.9315068493150684 0.283203125 0.9354207436399216 0.3134765625 0.9070450097847358 0.3212890625 0.8874755381604696 0.3232421875 0.8698630136986301 0.310546875 0.8483365949119372 0.29296875 0.847358121330724 0.2734375 0.8551859099804305 0.2529296875 0.8727984344422699 0.2470703125 0.8835616438356164 0.2451171875 0.9011741682974559 0.2373046875 0.9119373776908024
0 0.677734375 0.1360078277886497 0.6865234375 0.14090019569471623 0.70703125 0.14090019569471623 0.7275390625 0.13307240704500978 0.7353515625 0.11643835616438356 0.7353515625 0.0958904109589041 0.7197265625 0.0675146771037182 0.705078125 0.06555772994129158 0.6923828125 0.07045009784735812 0.6748046875 0.09001956947162426 0.6708984375 0.12622309197651663 0.677734375 0.1360078277886497
0 0.7919921875 0.25048923679060664 0.8037109375 0.2534246575342466 0.8125 0.2632093933463796 0.8251953125 0.2583170254403131 0.8203125 0.22700587084148727 0.810546875 0.2152641878669276 0.7958984375 0.20841487279843443 0.7822265625 0.22015655577299414 0.7841796875 0.24070450097847357 0.7919921875 0.25048923679060664
0 0.8310546875 0.4393346379647749 0.8818359375 0.4647749510763209 0.888671875 0.4647749510763209 0.89453125 0.4598825831702544 0.8994140625 0.43542074363992167 0.892578125 0.410958904109589 0.87109375 0.40410958904109584 0.8623046875 0.3943248532289628 0.8525390625 0.39041095890410954 0.83984375 0.3923679060665362 0.8251953125 0.40998043052837574 0.82421875 0.423679060665362 0.8310546875 0.4393346379647749
0 0.76171875 0.9041095890410957 0.7763671875 0.9031311154598824 0.791015625 0.8904109589041095 0.79296875 0.8727984344422699 0.7724609375 0.8532289628180039 0.7578125 0.8522504892367906 0.7470703125 0.8561643835616438 0.7373046875 0.8688845401174168 0.740234375 0.8904109589041095 0.76171875 0.9041095890410957
0 0.48828125 0.8943248532289628 0.50390625 0.9041095890410957 0.5166015625 0.8992172211350293 0.525390625 0.8767123287671232 0.51953125 0.8600782778864969 0.51171875 0.8561643835616438 0.498046875 0.8561643835616438 0.4873046875 0.8590998043052837 0.48046875 0.8659491193737768 0.4794921875 0.8806262230919766 0.48828125 0.8943248532289628
0 0.564453125 0.7994129158512719 0.5703125 0.7896281800391389 0.5654296875 0.783757338551859 0.556640625 0.7827788649706457 0.5537109375 0.793542074363992 0.564453125 0.7994129158512719
0 0.388671875 0.7847358121330724 0.3974609375 0.786692759295499 0.4091796875 0.7690802348336595 0.4111328125 0.7592954990215264 0.3994140625 0.7524461839530332 0.38671875 0.7651663405088062 0.384765625 0.7788649706457925 0.388671875 0.7847358121330724
0 0.234375 0.7524461839530332 0.244140625 0.7436399217221135 0.2490234375 0.7162426614481409 0.244140625 0.7103718199608611 0.2333984375 0.7084148727984344 0.2255859375 0.7181996086105674 0.220703125 0.7436399217221135 0.234375 0.7524461839530332