0 0.6494140625 0.09784735812133072 0.654296875 0.10469667318982387 0.6689453125 0.11056751467710371 0.6728515625 0.11839530332681017 0.6708984375 0.12915851272015655 0.681640625 0.136986301369863 0.6982421875 0.12818003913894324 0.720703125 0.12622309197651663 0.7333984375 0.11252446183953033 0.7548828125 0.10273972602739725 0.763671875 0.08806262230919765 0.7587890625 0.05283757338551859 0.736328125 0.03718199608610567 0.7236328125 0.03718199608610567 0.71484375 0.05283757338551859 0.703125 0.060665362035225046 0.6923828125 0.0557729941291585 0.6748046875 0.05968688845401173 0.6552734375 0.07729941291585127 0.6484375 0.08414872798434442 0.6494140625 0.09784735812133072
0 0.298828125 0.1634050880626223 0.3125 0.16046966731898238 0.3349609375 0.1643835616438356 0.3525390625 0.15655577299412915 0.3583984375 0.13013698630136986 0.353515625 0.12035225048923678 0.3388671875 0.1086105675146771 0.3125 0.1076320939334638 0.2998046875 0.11643835616438356 0.296875 0.1360078277886497 0.294921875 0.15753424657534246 0.298828125 0.1634050880626223
0 0.4091796875 0.18786692759295498 0.4208984375 0.19275929549902152 0.4375 0.18395303326810175 0.4619140625 0.18395303326810175 0.486328125 0.1771037181996086 0.49609375 0.16829745596868884 0.5009765625 0.14774951076320939 0.4951171875 0.14090019569471623 0.4853515625 0.1379647749510763 0.478515625 0.11545988258317026 0.4716796875 0.1086105675146771 0.4384765625 0.1095890410958904 0.4287109375 0.11937377690802346 0.421875 0.14187866927592954 0.4033203125 0.16731898238747553 0.40234375 0.17416829745596868 0.4091796875 0.18786692759295498
0 0.6162109375 0.5567514677103718 0.6259765625 0.5587084148727983 0.6474609375 0.547945205479452 0.66796875 0.5459882583170254 0.6728515625 0.5420743639921721 0.6748046875 0.5322896281800391 0.6640625 0.5078277886497065 0.654296875 0.5048923679060665 0.640625 0.5107632093933463 0.6171875 0.5107632093933463 0.6064453125 0.4990215264187866 0.6044921875 0.47749510763209385 0.5986328125 0.46868884540117417 0.587890625 0.4628180039138943 0.576171875 0.4628180039138943 0.5712890625 0.4667318982387475 0.5712890625 0.48140900195694714 0.6162109375 0.5567514677103718
0 0.7685546875 0.2328767123287671 0.7734375 0.22700587084148727 0.7724609375 0.2172211350293542 0.765625 0.2123287671232877 0.7548828125 0.2152641878669276 0.755859375 0.2299412915851272 0.7685546875 0.2328767123287671
0 0.576171875 0.3150684931506849 0.5849609375 0.31017612524461835 0.5849609375 0.30332681017612523 0.578125 0.29452054794520544 0.56640625 0.299412915851272 0.5673828125 0.31409001956947163 0.576171875 0.3150684931506849
0 0.51171875 0.36692759295499017 0.51953125 0.3679060665362035 0.525390625 0.3639921722113503 0.5263671875 0.3561643835616438 0.5224609375 0.34931506849315064 0.51171875 0.34931506849315064 0.5087890625 0.3542074363992172 0.5078125 0.36203522504892366 0.51171875 0.36692759295499017
0 0.5732421875 0.7103718199608611 0.57421875 0.723091976516634 0.58984375 0.7377690802348337 0.6455078125 0.7397260273972602 0.65234375 0.7348336594911937 0.6513671875 0.7240704500978473 0.638671875 0.7084148727984344 0.6298828125 0.7025440313111545 0.619140625 0.7015655577299412 0.6064453125 0.684931506849315 0.5859375 0.6927592954990215 0.5732421875 0.6898238747553815 0.56640625 0.697651663405088 0.56640625 0.7045009784735812 0.5732421875 0.7103718199608611
0 0.451171875 0.8072407045009784 0.4658203125 0.8131115459882583 0.4833984375 0.8317025440313112 0.4970703125 0.8336594911937377 0.52734375 0.8150684931506849 0.5234375 0.8033268101761252 0.498046875 0.7984344422700587 0.48828125 0.7925636007827788 0.462890625 0.7651663405088062 0.4443359375 0.7749510763209393 0.443359375 0.783757338551859 0.451171875 0.8072407045009784
0 0.529296875 0.7583170254403131 0.5400390625 0.7544031311154599 0.5419921875 0.74559686888454 0.5380859375 0.7397260273972602 0.529296875 0.738747553816047 0.5234375 0.7436399217221135 0.5224609375 0.7504892367906066 0.529296875 0.7583170254403131
0 0.541015625 0.8904109589041095 0.544921875 0.8992172211350293 0.5390625 0.9070450097847358 0.541015625 0.9158512720156555 0.5625 0.9275929549902152 0.58203125 0.9256360078277887 0.587890625 0.9315068493150684 0.587890625 0.9461839530332681 0.6064453125 0.9500978473581213 0.6123046875 0.9598825831702543 0.6328125 0.9628180039138943 0.6396484375 0.9598825831702543 0.6435546875 0.920743639921722 0.6494140625 0.913894324853229 0.6533203125 0.9168297455968688 0.66796875 0.913894324853229 0.669921875 0.9090019569471623 0.6708984375 0.8659491193737768 0.6650390625 0.8620352250489237 0.6416015625 0.8659491193737768 0.626953125 0.8493150684931507 0.6171875 0.8542074363992171 0.611328125 0.8679060665362035 0.5986328125 0.8786692759295498 0.5830078125 0.8581213307240704 0.5595703125 0.850293542074364 0.5458984375 0.8512720156555773 0.529296875 0.8708414872798433 0.529296875 0.8825831702544031 0.541015625 0.8904109589041095
0 0.2041015625 0.9500978473581213 0.220703125 0.9452054794520548 0.2392578125 0.9481409001956946 0.248046875 0.9422700587084147 0.2470703125 0.9344422700587083 0.2236328125 0.913894324853229 0.2119140625 0.9168297455968688 0.2001953125 0.9315068493150684 0.1982421875 0.9461839530332681 0.2041015625 0.9500978473581213
0 0.369140625 0.9696673189823874 0.3720703125 0.9882583170254403 0.37890625 0.9990215264187867 0.427734375 0.9990215264187867 0.4326171875 0.9931506849315068 0.4345703125 0.9863013698630138 0.431640625 0.9804305283757339 0.4140625 0.9667318982387474 0.40234375 0.9637964774951076 0.392578125 0.9520547945205479 0.375 0.9549902152641877 0.369140625 0.9608610567514676 0.369140625 0.9696673189823874