0 0.5810546875 0.043052837573385516 0.603515625 0.040117416829745595 0.6083984375 0.03424657534246575 0.6083984375 0.022504892367906065 0.6015625 0.015655577299412915 0.572265625 0.022504892367906065 0.5703125 0.03228962818003914 0.5810546875 0.043052837573385516
0 0.27734375 0.21330724070450097 0.27734375 0.223091976516634 0.2529296875 0.23581213307240706 0.2509765625 0.2495107632093933 0.2578125 0.2563600782778865 0.26953125 0.2534246575342466 0.3115234375 0.2622309197651663 0.3291015625 0.2602739726027397 0.3486328125 0.2651663405088062 0.3720703125 0.23581213307240706 0.390625 0.22407045009784735 0.39453125 0.2172211350293542 0.3896484375 0.19863013698630136 0.365234375 0.1908023483365949 0.3427734375 0.19569471624266144 0.330078125 0.21135029354207435 0.3232421875 0.2279843444227006 0.3173828125 0.2279843444227006 0.298828125 0.22211350293542073 0.2958984375 0.19471624266144813 0.2880859375 0.18101761252446183 0.2763671875 0.17906066536203522 0.265625 0.18786692759295498 0.2666015625 0.20058708414872797 0.27734375 0.21330724070450097
0 0.396484375 0.286692759295499 0.4013671875 0.3062622309197652 0.421875 0.31898238747553814 0.43359375 0.3180039138943248 0.45703125 0.30724070450097846 0.498046875 0.27984344422700586 0.50390625 0.2720156555772994 0.498046875 0.2602739726027397 0.4755859375 0.26614481409001955 0.4326171875 0.2632093933463796 0.40625 0.2563600782778865 0.39453125 0.2446183953033268 0.3876953125 0.2455968688845401 0.3837890625 0.25440313111545987 0.3828125 0.2720156555772994 0.396484375 0.286692759295499
0 0.3974609375 0.2074363992172211 0.41796875 0.2074363992172211 0.431640625 0.19960861056751467 0.4599609375 0.20645792563600782 0.46875 0.19667318982387474 0.462890625 0.1771037181996086 0.4453125 0.16536203522504891 0.4189453125 0.162426614481409 0.4013671875 0.16536203522504891 0.3828125 0.15753424657534246 0.3720703125 0.16634050880626222 0.3759765625 0.18493150684931506 0.3974609375 0.2074363992172211
0 0.048828125 0.4070450097847358 0.0576171875 0.40900195694716246 0.06640625 0.40313111545988256 0.0693359375 0.3923679060665362 0.064453125 0.3835616438356164 0.0517578125 0.3816046966731898 0.0439453125 0.38943248532289626 0.0439453125 0.40019569471624267 0.048828125 0.4070450097847358
0 0.140625 0.423679060665362 0.1513671875 0.4227005870841487 0.1591796875 0.410958904109589 0.15625 0.3972602739726027 0.1416015625 0.3884540117416829 0.1298828125 0.3962818003913894 0.1298828125 0.4148727984344422 0.140625 0.423679060665362
0 0.310546875 0.13405088062622308 0.318359375 0.13111545988258316 0.318359375 0.12133072407045009 0.3134765625 0.11545988258317026 0.30078125 0.11741682974559686 0.302734375 0.13013698630136986 0.310546875 0.13405088062622308
0 0.7041015625 0.6272015655577299 0.71484375 0.6379647749510763 0.7275390625 0.6399217221135028 0.755859375 0.6262230919765166 0.765625 0.6076320939334637 0.765625 0.5949119373776908 0.7548828125 0.5772994129158512 0.736328125 0.573385518590998 0.716796875 0.5792563600782779 0.69921875 0.601761252446184 0.6982421875 0.6125244618395304 0.7041015625 0.6272015655577299
0 0.681640625 0.8326810176125244 0.6953125 0.8463796477495107 0.71484375 0.8522504892367906 0.712890625 0.863013698630137 0.7197265625 0.87573385518591 0.7314453125 0.8796477495107631 0.744140625 0.8767123287671232 0.751953125 0.8669275929549901 0.75390625 0.8512720156555773 0.7607421875 0.8365949119373777 0.76953125 0.8277886497064578 0.767578125 0.8140900195694716 0.75390625 0.8052837573385518 0.740234375 0.8111545988258317 0.7177734375 0.7886497064579256 0.685546875 0.7769080234833659 0.66796875 0.7602739726027397 0.66015625 0.7641878669275929 0.6591796875 0.7886497064579256 0.681640625 0.8326810176125244
0 0.4140625 0.9598825831702543 0.4306640625 0.971624266144814 0.4404296875 0.971624266144814 0.4443359375 0.9677103718199609 0.4423828125 0.9530332681017611 0.4287109375 0.9373776908023483 0.4169921875 0.9363992172211351 0.41015625 0.9422700587084147 0.4091796875 0.9500978473581213 0.4140625 0.9598825831702543
0 0.7470703125 0.9892367906066536 0.763671875 0.9882583170254403 0.765625 0.9735812133072406 0.7607421875 0.9667318982387474 0.7509765625 0.9647749510763208 0.7421875 0.9686888454011742 0.7421875 0.9804305283757339 0.7470703125 0.9892367906066536
0 0.19921875 0.6594911937377691 0.2080078125 0.662426614481409 0.21484375 0.6585127201565557 0.2177734375 0.6457925636007827 0.212890625 0.6389432485322896 0.203125 0.6369863013698629 0.1962890625 0.6428571428571428 0.1953125 0.6536203522504892 0.19921875 0.6594911937377691
0 0.6123046875 0.6790606653620352 0.623046875 0.6868884540117416 0.6396484375 0.6859099804305283 0.6494140625 0.6947162426614482 0.6572265625 0.7093933463796478 0.6650390625 0.7133072407045009 0.6669921875 0.7211350293542074 0.6826171875 0.732876712328767 0.71875 0.7348336594911937 0.7275390625 0.7318982387475538 0.74609375 0.7015655577299412 0.7578125 0.6898238747553815 0.7568359375 0.6810176125244618 0.7509765625 0.6731898238747553 0.7392578125 0.6682974559686887 0.72265625 0.6682974559686887 0.7197265625 0.6712328767123287 0.69921875 0.6604696673189824 0.6953125 0.662426614481409 0.6787109375 0.6545988258317025 0.6591796875 0.6379647749510763 0.6435546875 0.6379647749510763 0.634765625 0.6311154598825832 0.6240234375 0.6301369863013698 0.6025390625 0.6399217221135028 0.6015625 0.649706457925636 0.6123046875 0.6790606653620352
0 0.1025390625 0.6956947162426614 0.115234375 0.697651663405088 0.126953125 0.6917808219178082 0.1298828125 0.6810176125244618 0.1240234375 0.6643835616438356 0.10546875 0.6594911937377691 0.0947265625 0.6673189823874754 0.09375 0.684931506849315 0.1025390625 0.6956947162426614
0 0.51171875 0.9246575342465754 0.5185546875 0.9275929549902152 0.529296875 0.920743639921722 0.5302734375 0.9109589041095889 0.5224609375 0.8992172211350293 0.5126953125 0.9001956947162426 0.5078125 0.9070450097847358 0.5068359375 0.9158512720156555 0.51171875 0.9246575342465754