0 0.2548828125 0.37279843444227 0.259765625 0.3698630136986301 0.2666015625 0.3770381604696673 0.2685546875 0.3953033268101761 0.291015625 0.4070450097847358 0.337890625 0.3933463796477495 0.3447265625 0.3835616438356164 0.3857421875 0.3679060665362035 0.3896484375 0.3542074363992172 0.400390625 0.34540117416829746 0.38671875 0.29549902152641877 0.3779296875 0.2827788649706458 0.3837890625 0.2700587084148728 0.380859375 0.2622309197651663 0.357421875 0.24657534246575344 0.3291015625 0.2446183953033268 0.322265625 0.24755381604696672 0.29296875 0.27495107632093935 0.27734375 0.30332681017612523 0.2587890625 0.31409001956947163 0.240234375 0.34540117416829746 0.240234375 0.36497064579256355 0.2548828125 0.37279843444227
0 0.154296875 0.4344422700587084 0.1630859375 0.4403131115459883 0.181640625 0.4383561643835616 0.19140625 0.44227005870841485 0.2060546875 0.4315068493150685 0.2197265625 0.40410958904109584 0.2197265625 0.3913894324853229 0.2099609375 0.3796477495107632 0.1748046875 0.3825831702544031 0.158203125 0.3923679060665362 0.1474609375 0.4070450097847358 0.146484375 0.42074363992172203 0.154296875 0.4344422700587084
0 0.38671875 0.44520547945205474 0.3896484375 0.44911937377690797 0.4052734375 0.44911937377690797 0.43359375 0.4187866927592955 0.4384765625 0.40802348336594907 0.4384765625 0.3639921722113503 0.4248046875 0.3532289628180039 0.404296875 0.3532289628180039 0.3935546875 0.36888454011741684 0.3916015625 0.3835616438356164 0.384765625 0.3933463796477495 0.3818359375 0.4138943248532289 0.38671875 0.44520547945205474
0 0.521484375 0.4931506849315069 0.537109375 0.4911937377690802 0.54296875 0.4833659491193737 0.5419921875 0.47749510763209385 0.5263671875 0.4403131115459883 0.521484375 0.43542074363992167 0.5126953125 0.43542074363992167 0.5029296875 0.44520547945205474 0.50390625 0.474559686888454 0.521484375 0.4931506849315069
0 0.2119140625 0.4716242661448141 0.228515625 0.46183953033268105 0.224609375 0.4510763209393346 0.212890625 0.4510763209393346 0.20703125 0.4559686888454012 0.205078125 0.4637964774951076 0.2119140625 0.4716242661448141
0 0.3271484375 0.9227005870841486 0.341796875 0.9275929549902152 0.38671875 0.9735812133072406 0.4140625 0.9745596868884541 0.4248046875 0.961839530332681 0.4453125 0.9569471624266145 0.455078125 0.9412915851272015 0.470703125 0.9383561643835616 0.48046875 0.9295499021526418 0.4873046875 0.9148727984344422 0.4892578125 0.8992172211350293 0.4814453125 0.8864970645792564 0.47265625 0.8864970645792564 0.4560546875 0.8962818003913894 0.4501953125 0.8953033268101761 0.43359375 0.8708414872798433 0.4248046875 0.8718199608610566 0.408203125 0.8933463796477495 0.400390625 0.8943248532289628 0.3828125 0.8718199608610566 0.3642578125 0.8610567514677104 0.3544921875 0.8679060665362035 0.35546875 0.8796477495107631 0.3486328125 0.8943248532289628 0.3349609375 0.8943248532289628 0.322265625 0.9099804305283756 0.3212890625 0.9168297455968688 0.3271484375 0.9227005870841486
0 0.7421875 0.8189823874755382 0.763671875 0.8199608610567515 0.76953125 0.8150684931506849 0.76171875 0.7925636007827788 0.7490234375 0.7896281800391389 0.7333984375 0.8003913894324853 0.7333984375 0.809197651663405 0.7421875 0.8189823874755382
0 0.6943359375 0.18786692759295498 0.7099609375 0.1908023483365949 0.724609375 0.18395303326810175 0.7412109375 0.18199608610567514 0.755859375 0.1643835616438356 0.7724609375 0.15949119373776907 0.779296875 0.1360078277886497 0.7744140625 0.12328767123287672 0.765625 0.11937377690802346 0.7578125 0.1223091976516634 0.7568359375 0.12915851272015655 0.744140625 0.14285714285714285 0.724609375 0.13307240704500978 0.705078125 0.13307240704500978 0.69140625 0.14090019569471623 0.6845703125 0.15362035225048923 0.6865234375 0.18003913894324852 0.6943359375 0.18786692759295498
0 0.7509765625 0.920743639921722 0.75 0.9285714285714285 0.7578125 0.9383561643835616 0.7685546875 0.9393346379647749 0.7900390625 0.933463796477495 0.80859375 0.9452054794520548 0.83984375 0.949119373776908 0.8486328125 0.9442270058708415 0.859375 0.9295499021526418 0.853515625 0.8962818003913894 0.8388671875 0.892367906066536 0.8232421875 0.8825831702544031 0.775390625 0.87573385518591 0.7587890625 0.8806262230919766 0.744140625 0.8953033268101761 0.744140625 0.9109589041095889 0.7509765625 0.920743639921722
0 0.7568359375 0.48727984344422703 0.7666015625 0.49021526418786693 0.7744140625 0.48532289628180036 0.7763671875 0.47651663405088057 0.771484375 0.4677103718199608 0.76171875 0.4647749510763209 0.75390625 0.4716242661448141 0.751953125 0.4804305283757338 0.7568359375 0.48727984344422703
0 0.970703125 0.5567514677103718 0.978515625 0.5547945205479452 0.982421875 0.5499021526418787 0.98046875 0.5401174168297456 0.9736328125 0.5362035225048923 0.9658203125 0.5391389432485323 0.96484375 0.5528375733855186 0.970703125 0.5567514677103718