0 0.78515625 0.5088062622309197 0.8076171875 0.5156555772994129 0.826171875 0.5146771037181995 0.857421875 0.5009784735812133 0.8759765625 0.4804305283757338 0.876953125 0.4432485322896282 0.873046875 0.4315068493150685 0.8486328125 0.40802348336594907 0.8310546875 0.40313111545988256 0.798828125 0.40802348336594907 0.791015625 0.41193737769080235 0.7685546875 0.44129158512720157 0.7646484375 0.4735812133072407 0.78515625 0.5088062622309197
0 0.3899130859375 0.837573385518591 0.3967490234375 0.8767123287671232 0.4045615234375 0.8816046966731899 0.4250693359375 0.8786692759295498 0.4387412109375 0.847358121330724 0.4377646484375 0.8258317025440313 0.43566992187500003 0.8158268101761251 0.442826171875 0.8129060665362035 0.4475302734375 0.8033268101761252 0.4436240234375 0.7915851272015655 0.4358115234375 0.7857142857142857 0.4250693359375 0.786692759295499 0.4179111328125 0.7911320939334637 0.411814453125 0.8012230919765166 0.3916708984375 0.8062681017612524 0.3868994140625 0.8152954990215264 0.375767578125 0.8152954990215264 0.3723349609375 0.8189823874755382 0.3733115234375 0.8297455968688844 0.3899130859375 0.837573385518591
0 0.67578125 0.7103718199608611 0.681640625 0.7133072407045009 0.708984375 0.7103718199608611 0.7119140625 0.7025440313111545 0.70703125 0.6937377690802349 0.685546875 0.6829745596868884 0.673828125 0.6898238747553815 0.669921875 0.7035225048923679 0.67578125 0.7103718199608611
0 0.19921875 0.7025440313111545 0.2216796875 0.6986301369863013 0.244140625 0.7064579256360078 0.2587890625 0.7054794520547945 0.265625 0.700587084148728 0.2578125 0.6712328767123287 0.244140625 0.6565557729941291 0.23046875 0.6506849315068493 0.21875 0.6526418786692758 0.2099609375 0.6643835616438356 0.19921875 0.6702544031311154 0.1962890625 0.6771037181996086 0.1943359375 0.6986301369863013 0.19921875 0.7025440313111545
0 0.455078125 0.4647749510763209 0.4697265625 0.4735812133072407 0.482421875 0.46966731898238745 0.484375 0.4569471624266145 0.4794921875 0.4500978473581213 0.4541015625 0.4510763209393346 0.4521484375 0.4598825831702544 0.455078125 0.4647749510763209
0 0.08984375 0.3561643835616438 0.099609375 0.35518590998043054 0.1044921875 0.34637964774951074 0.1025390625 0.33463796477495106 0.0908203125 0.33072407045009783 0.0830078125 0.337573385518591 0.0830078125 0.35127201565557725 0.08984375 0.3561643835616438
0 0.056640625 0.4500978473581213 0.0751953125 0.446183953033268 0.078125 0.4344422700587084 0.07421875 0.42759295499021527 0.052734375 0.41193737769080235 0.0439453125 0.4138943248532289 0.044921875 0.44422700587084146 0.056640625 0.4500978473581213
0 0.03125 0.18493150684931506 0.056640625 0.19863013698630136 0.0654296875 0.19471624266144813 0.0888671875 0.19667318982387474 0.1123046875 0.19275929549902152 0.1376953125 0.15459882583170254 0.1259765625 0.11741682974559686 0.1123046875 0.09980430528375733 0.099609375 0.09393346379647749 0.0771484375 0.10469667318982387 0.0771484375 0.1223091976516634 0.0673828125 0.14383561643835616 0.0361328125 0.14187866927592954 0.0283203125 0.15166340508806261 0.02734375 0.17416829745596868 0.03125 0.18493150684931506
0 0.146484375 0.11350293542074363 0.1630859375 0.12133072407045009 0.1689453125 0.12133072407045009 0.1748046875 0.11545988258317026 0.1767578125 0.10371819960861055 0.1640625 0.08512720156555773 0.1533203125 0.08512720156555773 0.1435546875 0.09197651663405088 0.142578125 0.10567514677103718 0.146484375 0.11350293542074363
0 0.22119140625 0.09686888454011741 0.23046875 0.111545988258317 0.2392578125 0.11252446183953033 0.2548828125 0.10273972602739725 0.2548828125 0.09686888454011741 0.248046875 0.09197651663405088 0.2333984375 0.06360078277886497 0.2236328125 0.06262230919765166 0.208984375 0.07925636007827788 0.2080078125 0.09099804305283757 0.22119140625 0.09686888454011741
0 0.2890625 0.23776908023483365 0.30078125 0.23581213307240706 0.3046875 0.2279843444227006 0.3046875 0.20450097847358123 0.294921875 0.19960861056751467 0.2861328125 0.21330724070450097 0.283203125 0.2328767123287671 0.2890625 0.23776908023483365
0 0.4013671875 0.44227005870841485 0.408203125 0.44129158512720157 0.4140625 0.4324853228962818 0.408203125 0.42563600782778865 0.396484375 0.42857142857142855 0.3955078125 0.43639921722113495 0.4013671875 0.44227005870841485