0 0.5244140625 0.223091976516634 0.5517578125 0.23874755381604693 0.5732421875 0.24363992172211352 0.5947265625 0.2279843444227006 0.6083984375 0.21037181996086102 0.6171875 0.16927592954990214 0.630859375 0.15753424657534246 0.6298828125 0.12524461839530332 0.6015625 0.11545988258317026 0.59375 0.12720156555772993 0.556640625 0.13405088062622308 0.5361328125 0.14774951076320939 0.51953125 0.175146771037182 0.5166015625 0.19960861056751467 0.5244140625 0.223091976516634
0 0.220703125 0.2925636007827789 0.2158203125 0.29549902152641877 0.2197265625 0.31017612524461835 0.2265625 0.31017612524461835 0.2314453125 0.30332681017612523 0.2373046875 0.30332681017612523 0.25 0.31213307240704496 0.2685546875 0.3131115459882583 0.2880859375 0.30039138943248533 0.287109375 0.2847358121330724 0.2783203125 0.2759295499021526 0.2587890625 0.26810176125244617 0.2392578125 0.2720156555772994 0.2275390625 0.29549902152641877 0.220703125 0.2925636007827789
0 0.390625 0.2788649706457925 0.404296875 0.2876712328767123 0.4130859375 0.286692759295499 0.4287109375 0.27690802348336596 0.4375 0.25146771037182 0.4296875 0.2338551859099804 0.41796875 0.22700587084148727 0.4033203125 0.22896281800391388 0.384765625 0.2495107632093933 0.3837890625 0.25929549902152643 0.390625 0.2788649706457925
0 0.1123046875 0.2328767123287671 0.146484375 0.23972602739726026 0.1630859375 0.23776908023483365 0.1728515625 0.2299412915851272 0.181640625 0.21330724070450097 0.185546875 0.1908023483365949 0.177734375 0.18199608610567514 0.1708984375 0.18003913894324852 0.1640625 0.18688845401174167 0.1162109375 0.19667318982387474 0.1123046875 0.19863013698630136 0.10546875 0.2191780821917808 0.1044921875 0.22700587084148727 0.1123046875 0.2328767123287671
0 0.7431640625 0.4021526418786692 0.7626953125 0.41780821917808214 0.779296875 0.41976516634050876 0.802734375 0.4021526418786692 0.8115234375 0.40410958904109584 0.8349609375 0.3933463796477495 0.8427734375 0.3796477495107632 0.869140625 0.3542074363992172 0.8720703125 0.33463796477495106 0.8623046875 0.3199608610567514 0.8486328125 0.31898238747553814 0.8388671875 0.324853228962818 0.8330078125 0.34833659491193736 0.8232421875 0.3590998043052837 0.7998046875 0.35127201565557725 0.78125 0.3590998043052837 0.7607421875 0.35812133072407043 0.7431640625 0.3698630136986301 0.740234375 0.37573385518590996 0.7431640625 0.4021526418786692
0 0.9736328125 0.5371819960861057 0.98046875 0.5391389432485323 0.9931640625 0.5342465753424658 0.9990234375 0.5293542074363992 0.9990234375 0.48630136986301364 0.9892578125 0.5 0.9736328125 0.5048923679060665 0.96484375 0.5146771037181995 0.96484375 0.5273972602739725 0.9736328125 0.5371819960861057
0 0.5810546875 0.7534246575342466 0.59375 0.7514677103718199 0.59765625 0.7446183953033267 0.595703125 0.732876712328767 0.58984375 0.7279843444227005 0.576171875 0.7318982387475538 0.576171875 0.7495107632093932 0.5810546875 0.7534246575342466
0 0.6787109375 0.7553816046966731 0.6953125 0.7534246575342466 0.701171875 0.7475538160469667 0.6962890625 0.732876712328767 0.6796875 0.732876712328767 0.673828125 0.7367906066536203 0.673828125 0.7495107632093932 0.6787109375 0.7553816046966731
0 0.72265625 0.9295499021526418 0.7412109375 0.9236790606653621 0.7548828125 0.9285714285714285 0.76953125 0.9158512720156555 0.7705078125 0.9080234833659491 0.765625 0.9001956947162426 0.7333984375 0.8796477495107631 0.72265625 0.8796477495107631 0.7099609375 0.8913894324853228 0.69921875 0.892367906066536 0.6982421875 0.9099804305283756 0.72265625 0.9295499021526418
0 0.0654296875 0.7651663405088062 0.0732421875 0.7651663405088062 0.0791015625 0.7602739726027397 0.0810546875 0.7514677103718199 0.078125 0.74559686888454 0.06640625 0.7436399217221135 0.0615234375 0.7495107632093932 0.060546875 0.7583170254403131 0.0654296875 0.7651663405088062
0 0.03515625 0.7661448140900196 0.0458984375 0.7641878669275929 0.0498046875 0.7475538160469667 0.0498046875 0.7270058708414873 0.0458984375 0.7162426614481409 0.0322265625 0.7152641878669275 0.017578125 0.7397260273972602 0.01953125 0.7573385518590998 0.03515625 0.7661448140900196
0 0.0849609375 0.9892367906066536 0.0986328125 0.9882583170254403 0.095703125 0.9686888454011742 0.0751953125 0.9549902152641877 0.0673828125 0.9569471624266145 0.0693359375 0.9804305283757339 0.0849609375 0.9892367906066536