0 0.12109375 0.2700587084148728 0.1357421875 0.2974559686888454 0.16796875 0.3111545988258317 0.177734375 0.3062622309197652 0.1826171875 0.29158512720156554 0.173828125 0.2651663405088062 0.1640625 0.25146771037182 0.150390625 0.24657534246575344 0.1357421875 0.24853228962818003 0.123046875 0.23679060665362034 0.10546875 0.24070450097847357 0.103515625 0.26125244618395305 0.12109375 0.2700587084148728
0 0.462890625 0.3062622309197652 0.46484375 0.3277886497064579 0.484375 0.3473581213307241 0.5078125 0.3542074363992172 0.529296875 0.3522504892367906 0.541015625 0.34833659491193736 0.5546875 0.33463796477495106 0.5595703125 0.3180039138943248 0.55859375 0.30724070450097846 0.55078125 0.29549902152641877 0.53515625 0.2847358121330724 0.515625 0.2759295499021526 0.498046875 0.27788649706457924 0.490234375 0.27103718199608606 0.4765625 0.2671232876712329 0.46875 0.2690802348336595 0.455078125 0.2837573385518591 0.4521484375 0.29060665362035226 0.462890625 0.3062622309197652
0 0.669921875 0.25929549902152643 0.6787109375 0.2651663405088062 0.6923828125 0.2632093933463796 0.7001953125 0.2455968688845401 0.7060546875 0.24363992172211352 0.712890625 0.2338551859099804 0.7119140625 0.223091976516634 0.69921875 0.2123287671232877 0.6767578125 0.20939334637964774 0.66796875 0.2172211350293542 0.666015625 0.22407045009784735 0.6640625 0.2455968688845401 0.669921875 0.25929549902152643
0 0.8564453125 0.3532289628180039 0.861328125 0.36203522504892366 0.8603515625 0.3776908023483366 0.8505859375 0.3913894324853229 0.8525390625 0.4021526418786692 0.859375 0.4050880626223091 0.89453125 0.38454011741682975 0.900390625 0.3590998043052837 0.9130859375 0.34442270058708413 0.9091796875 0.3219178082191781 0.9013671875 0.31213307240704496 0.888671875 0.3062622309197652 0.875 0.3062622309197652 0.85546875 0.32093933463796476 0.8369140625 0.3199608610567514 0.830078125 0.3268101761252446 0.8310546875 0.3414872798434442 0.8564453125 0.3532289628180039
0 0.919921875 0.38747553816046965 0.9326171875 0.38649706457925637 0.9375 0.3796477495107632 0.935546875 0.36888454011741684 0.9296875 0.36497064579256355 0.9130859375 0.37084148727984345 0.912109375 0.3796477495107632 0.919921875 0.38747553816046965
0 0.48046875 0.46868884540117417 0.4912109375 0.47064579256360073 0.4970703125 0.4657534246575342 0.498046875 0.4559686888454012 0.4931640625 0.4481409001956947 0.4833984375 0.44520547945205474 0.4765625 0.45205479452054786 0.4755859375 0.46086105675146766 0.48046875 0.46868884540117417
0 0.2958984375 0.446183953033268 0.3212890625 0.4628180039138943 0.34765625 0.46868884540117417 0.376953125 0.4500978473581213 0.38671875 0.42857142857142855 0.38671875 0.40313111545988256 0.39453125 0.398238747553816 0.3984375 0.3835616438356164 0.38671875 0.37181996086105673 0.375 0.37279843444227 0.369140625 0.3786692759295499 0.3447265625 0.3610567514677104 0.341796875 0.3639921722113503 0.330078125 0.363013698630137 0.306640625 0.37377690802348335 0.2890625 0.398238747553816 0.2880859375 0.4295499021526418 0.2958984375 0.446183953033268
0 0.6865234375 0.7798434442270058 0.6953125 0.783757338551859 0.716796875 0.7778864970645791 0.744140625 0.7808219178082191 0.7529296875 0.7769080234833659 0.7607421875 0.7661448140900196 0.775390625 0.7279843444227005 0.7763671875 0.7123287671232876 0.7607421875 0.6937377690802349 0.73046875 0.6800391389432485 0.716796875 0.6467710371819961 0.7060546875 0.6409001956947162 0.6962890625 0.6506849315068493 0.703125 0.6790606653620352 0.6875 0.7054794520547945 0.681640625 0.7250489236790607 0.6806640625 0.7700587084148728 0.6865234375 0.7798434442270058
0 0.8173828125 0.8835616438356164 0.82421875 0.8835616438356164 0.84765625 0.8718199608610566 0.853515625 0.8639921722113503 0.853515625 0.8414872798434441 0.8427734375 0.8297455968688844 0.8193359375 0.8297455968688844 0.8056640625 0.8434442270058709 0.8076171875 0.8659491193737768 0.8173828125 0.8835616438356164
0 0.69140625 0.8395303326810175 0.7099609375 0.8434442270058709 0.720703125 0.834637964774951 0.7216796875 0.8189823874755382 0.712890625 0.8082191780821917 0.697265625 0.8062622309197651 0.685546875 0.8160469667318981 0.6845703125 0.8258317025440313 0.69140625 0.8395303326810175
0 0.4482421875 0.8101761252446182 0.46484375 0.8140900195694716 0.4755859375 0.8082191780821917 0.4814453125 0.7925636007827788 0.4765625 0.7681017612524461 0.458984375 0.7622309197651662 0.4501953125 0.7651663405088062 0.44140625 0.7798434442270058 0.44140625 0.7984344422700587 0.4482421875 0.8101761252446182
0 0.4267578125 0.87573385518591 0.4384765625 0.8933463796477495 0.5078125 0.913894324853229 0.5224609375 0.913894324853229 0.5302734375 0.9080234833659491 0.5302734375 0.8933463796477495 0.5517578125 0.8659491193737768 0.546875 0.8483365949119372 0.52734375 0.8199608610567515 0.5009765625 0.8072407045009784 0.48046875 0.809197651663405 0.455078125 0.8258317025440313 0.451171875 0.8356164383561643 0.4384765625 0.8395303326810175 0.4287109375 0.8483365949119372 0.42578125 0.8542074363992171 0.4267578125 0.87573385518591
0 0.6298828125 0.8317025440313112 0.6376953125 0.834637964774951 0.6484375 0.8277886497064578 0.6513671875 0.8131115459882583 0.6455078125 0.8043052837573385 0.6298828125 0.8013698630136986 0.619140625 0.8101761252446182 0.6181640625 0.8189823874755382 0.6298828125 0.8317025440313112
0 0.5908203125 0.7974559686888454 0.609375 0.793542074363992 0.6162109375 0.7847358121330724 0.6162109375 0.7778864970645791 0.6083984375 0.7690802348336595 0.5908203125 0.7671232876712328 0.5830078125 0.7720156555772995 0.5830078125 0.786692759295499 0.5908203125 0.7974559686888454
0 0.2626953125 0.8708414872798433 0.2685546875 0.8718199608610566 0.27734375 0.8659491193737768 0.2783203125 0.8590998043052837 0.2666015625 0.8434442270058709 0.2578125 0.8424657534246576 0.25 0.850293542074364 0.2490234375 0.8561643835616438 0.2626953125 0.8708414872798433
0 0.3369140625 0.9363992172211351 0.345703125 0.9383561643835616 0.35546875 0.9324853228962817 0.357421875 0.9178082191780822 0.353515625 0.9109589041095889 0.3408203125 0.9070450097847358 0.33203125 0.9168297455968688 0.3310546875 0.9266144814090019 0.3369140625 0.9363992172211351
0 0.6328125 0.2690802348336595 0.6416015625 0.27495107632093935 0.6494140625 0.2729941291585127 0.6552734375 0.26418786692759294 0.6513671875 0.25048923679060664 0.6474609375 0.24755381604696672 0.6328125 0.24853228962818003 0.6298828125 0.25146771037182 0.6328125 0.2690802348336595
0 0.5380859375 0.008806262230919765 0.5498046875 0.019569471624266144 0.5810546875 0.019569471624266144 0.5888671875 0 0.5380859375 0 0.5380859375 0.008806262230919765
0 0.44140625 0.1360078277886497 0.4521484375 0.14285714285714285 0.462890625 0.13992172211350293 0.4677734375 0.12328767123287672 0.4609375 0.1095890410958904 0.453125 0.10567514677103718 0.4365234375 0.1095890410958904 0.4345703125 0.1223091976516634 0.44140625 0.1360078277886497
0 0.609375 0.22602739726027393 0.62109375 0.22700587084148727 0.62890625 0.22015655577299414 0.6298828125 0.20254403131115456 0.619140625 0.1917808219178082 0.6123046875 0.1908023483365949 0.6005859375 0.20156555772994128 0.6005859375 0.2123287671232877 0.609375 0.22602739726027393
0 0.0595703125 0.4921722113502935 0.064453125 0.4882583170254403 0.06640625 0.47847358121330724 0.0595703125 0.4647749510763209 0.0498046875 0.4647749510763209 0.0439453125 0.4716242661448141 0.0458984375 0.4892367906066536 0.0595703125 0.4921722113502935