0 0.1787109375 0.15166340508806261 0.1748046875 0.15851272015655576 0.1513671875 0.16927592954990214 0.1435546875 0.18101761252446183 0.146484375 0.19765166340508805 0.1552734375 0.20254403131115456 0.146484375 0.22113502935420742 0.162109375 0.2446183953033268 0.158203125 0.25048923679060664 0.16015625 0.2729941291585127 0.1669921875 0.2827788649706458 0.18359375 0.2876712328767123 0.216796875 0.2876712328767123 0.224609375 0.2925636007827789 0.23046875 0.30528375733855184 0.2490234375 0.30039138943248533 0.2646484375 0.31702544031311153 0.275390625 0.32093933463796476 0.2861328125 0.31898238747553814 0.294921875 0.30528375733855184 0.30859375 0.3043052837573385 0.341796875 0.2759295499021526 0.345703125 0.25146771037182 0.33984375 0.23776908023483365 0.33984375 0.19471624266144813 0.35546875 0.1908023483365949 0.3623046875 0.18493150684931506 0.3701171875 0.17221135029354206 0.3720703125 0.16046966731898238 0.306640625 0.12622309197651663 0.3134765625 0.09882583170254403 0.30078125 0.08610567514677103 0.29296875 0.08610567514677103 0.2783203125 0.0949119373776908 0.25 0.09001956947162426 0.24609375 0.08414872798434442 0.23046875 0.07632093933463796 0.2119140625 0.0821917808219178 0.189453125 0.07338551859099804 0.1767578125 0.07729941291585127 0.1728515625 0.08414872798434442 0.166015625 0.12328767123287672 0.1787109375 0.15166340508806261
0 0.4814453125 0.4315068493150685 0.4873046875 0.43542074363992167 0.52734375 0.4344422700587084 0.54296875 0.40117416829745595 0.55078125 0.3590998043052837 0.546875 0.3542074363992172 0.5498046875 0.34442270058708413 0.5439453125 0.33170254403131116 0.5322265625 0.32093933463796476 0.517578125 0.32093933463796476 0.51171875 0.31702544031311153 0.486328125 0.3219178082191781 0.478515625 0.32583170254403127 0.466796875 0.35518590998043054 0.462890625 0.39041095890410954 0.4814453125 0.4315068493150685
0 0.0361328125 0.5772994129158512 0.029296875 0.5880626223091976 0.029296875 0.6056751467710371 0.0419921875 0.6154598825831703 0.0419921875 0.6193737769080234 0.0849609375 0.6311154598825832 0.1015625 0.6056751467710371 0.1123046875 0.598825831702544 0.126953125 0.601761252446184 0.1474609375 0.586105675146771 0.15625 0.5567514677103718 0.15625 0.5430528375733854 0.150390625 0.5273972602739725 0.1552734375 0.5039138943248532 0.15234375 0.4990215264187866 0.12890625 0.49021526418786693 0.123046875 0.4823874755381604 0.099609375 0.4833659491193737 0.068359375 0.5117416829745596 0.0537109375 0.5146771037181995 0.0517578125 0.5225048923679061 0.0361328125 0.5332681017612524 0.0263671875 0.5499021526418787 0.025390625 0.5567514677103718 0.0361328125 0.5772994129158512
0 0.7900390625 0.3131115459882583 0.826171875 0.3610567514677104 0.845703125 0.3747553816046966 0.9189453125 0.3698630136986301 0.9599609375 0.3747553816046966 0.98046875 0.36203522504892366 0.9814453125 0.3522504892367906 0.96484375 0.3082191780821918 0.9677734375 0.30039138943248533 0.96484375 0.2837573385518591 0.953125 0.2651663405088062 0.931640625 0.24755381604696672 0.9189453125 0.24363992172211352 0.8603515625 0.2455968688845401 0.841796875 0.24070450097847357 0.810546875 0.27103718199608606 0.796875 0.2759295499021526 0.7880859375 0.29060665362035226 0.78515625 0.30332681017612523 0.7900390625 0.3131115459882583
0 0.64453125 0.5293542074363992 0.65625 0.5293542074363992 0.66796875 0.5244618395303327 0.671875 0.5185909980430529 0.6708984375 0.5068493150684932 0.6611328125 0.4990215264187866 0.646484375 0.49804305283757333 0.6357421875 0.5068493150684932 0.634765625 0.5195694716242661 0.64453125 0.5293542074363992
0 0.8125 0.44911937377690797 0.818359375 0.4598825831702544 0.83203125 0.4637964774951076 0.845703125 0.46183953033268105 0.8486328125 0.45303326810176126 0.841796875 0.43346379647749506 0.814453125 0.4187866927592955 0.8076171875 0.4187866927592955 0.798828125 0.42661448140900193 0.798828125 0.4383561643835616 0.8125 0.44911937377690797
0 0.8515625 0.43737769080234834 0.873046875 0.446183953033268 0.8828125 0.446183953033268 0.890625 0.4393346379647749 0.900390625 0.4148727984344422 0.890625 0.4021526418786692 0.861328125 0.40019569471624267 0.845703125 0.4246575342465754 0.8447265625 0.42857142857142855 0.8515625 0.43737769080234834
0 0.5712890625 0.7524461839530332 0.5869140625 0.7465753424657533 0.5908203125 0.7416829745596869 0.587890625 0.7201565557729941 0.5703125 0.7084148727984344 0.5634765625 0.7084148727984344 0.5576171875 0.7133072407045009 0.560546875 0.7426614481409002 0.5712890625 0.7524461839530332
0 0.552734375 0.8258317025440313 0.5615234375 0.8326810176125244 0.583984375 0.8258317025440313 0.587890625 0.8209393346379648 0.5888671875 0.7974559686888454 0.5576171875 0.7671232876712328 0.55078125 0.7681017612524461 0.5419921875 0.7788649706457925 0.5400390625 0.8072407045009784 0.552734375 0.8258317025440313
0 0.4248046875 0.9706457925636007 0.4326171875 0.9794520547945205 0.4423828125 0.9794520547945205 0.470703125 0.9677103718199609 0.486328125 0.9540117416829744 0.49609375 0.9344422700587083 0.5048828125 0.9285714285714285 0.4990234375 0.913894324853229 0.48079394531249997 0.9099804305283756 0.4697265625 0.8992172211350293 0.4697265625 0.8835616438356164 0.4609375 0.8776908023483365 0.453125 0.8796477495107631 0.423828125 0.9041095890410957 0.4169921875 0.9236790606653621 0.416015625 0.9452054794520548 0.4248046875 0.9706457925636007
0 0.9208984375 0.7172211350293541 0.9130859375 0.7377690802348337 0.9287109375 0.7583170254403131 0.9541015625 0.7632093933463796 0.9775390625 0.7495107632093932 0.9853515625 0.7348336594911937 0.986328125 0.7162426614481409 0.9765625 0.697651663405088 0.9599609375 0.6917808219178082 0.9404296875 0.6956947162426614 0.919921875 0.6927592954990215 0.91015625 0.697651663405088 0.91015625 0.7064579256360078 0.9208984375 0.7172211350293541
0 0.337890625 0.9031311154598824 0.345703125 0.9041095890410957 0.353515625 0.8953033268101761 0.34765625 0.8727984344422699 0.3427734375 0.8679060665362035 0.333984375 0.8727984344422699 0.3310546875 0.8933463796477495 0.337890625 0.9031311154598824