0 0.5498046875 0.47064579256360073 0.55078125 0.4833659491193737 0.568359375 0.5019569471624266 0.58984375 0.5136986301369862 0.6181640625 0.5176125244618395 0.638671875 0.5107632093933463 0.6474609375 0.5136986301369862 0.666015625 0.48630136986301364 0.6689453125 0.46966731898238745 0.6650390625 0.4589041095890411 0.640625 0.42857142857142855 0.6201171875 0.4315068493150685 0.5986328125 0.4217221135029354 0.578125 0.423679060665362 0.564453125 0.42857142857142855 0.5458984375 0.44227005870841485 0.5439453125 0.4598825831702544 0.5498046875 0.47064579256360073
0 0.6611328125 0.007827788649706457 0.6669921875 0.0273972602739726 0.6640625 0.04598825831702544 0.6767578125 0.05675146771037182 0.6865234375 0.08414872798434442 0.7119140625 0.09784735812133072 0.7109375 0.1076320939334638 0.71875 0.12622309197651663 0.76953125 0.1506849315068493 0.787109375 0.1506849315068493 0.7822265625 0.14383561643835616 0.7978515625 0.1223091976516634 0.794921875 0.10078277886497064 0.7890625 0.09197651663405088 0.771484375 0.08806262230919765 0.7646484375 0.07436399217221135 0.75 0.06360078277886497 0.7587890625 0.023483365949119372 0.765625 0.0136986301369863 0.7724609375 0.010763209393346379 0.775390625 0 0.6552734375 0 0.6533203125 0.004892367906066536 0.6611328125 0.007827788649706457
0 0.4287109375 0.6682974559686887 0.431640625 0.6868884540117416 0.44140625 0.697651663405088 0.4716796875 0.6966731898238747 0.484375 0.7093933463796478 0.494140625 0.7123287671232876 0.5048828125 0.7093933463796478 0.5068359375 0.7035225048923679 0.525390625 0.697651663405088 0.54296875 0.6996086105675146 0.546875 0.6761252446183953 0.54296875 0.6575342465753424 0.525390625 0.6467710371819961 0.5166015625 0.6457925636007827 0.5048828125 0.6585127201565557 0.4873046875 0.6614481409001957 0.453125 0.6418786692759295 0.4453125 0.6399217221135028 0.4384765625 0.6438356164383562 0.4287109375 0.6614481409001957 0.4287109375 0.6682974559686887
0 0.3955078125 0.7553816046966731 0.4111328125 0.7641878669275929 0.4208984375 0.7632093933463796 0.4267578125 0.7573385518590998 0.4296875 0.7407045009784736 0.4169921875 0.723091976516634 0.3984375 0.7201565557729941 0.3837890625 0.7318982387475538 0.3828125 0.7377690802348337 0.3955078125 0.7553816046966731
0 0.46875 0.7661448140900196 0.494140625 0.7661448140900196 0.498046875 0.7632093933463796 0.501953125 0.7514677103718199 0.4970703125 0.7309197651663404 0.4736328125 0.723091976516634 0.4638671875 0.732876712328767 0.462890625 0.7583170254403131 0.46875 0.7661448140900196
0 0.802734375 0.6986301369863013 0.81640625 0.697651663405088 0.82421875 0.6888454011741683 0.8251953125 0.675146771037182 0.8173828125 0.6673189823874754 0.8037109375 0.6682974559686887 0.794921875 0.6771037181996086 0.7958984375 0.6917808219178082 0.802734375 0.6986301369863013
0 0.7431640625 0.6956947162426614 0.7587890625 0.6917808219178082 0.7685546875 0.6800391389432485 0.765625 0.6594911937377691 0.75390625 0.6526418786692758 0.744140625 0.6506849315068493 0.7265625 0.6643835616438356 0.7265625 0.6819960861056751 0.7431640625 0.6956947162426614
0 0.1259765625 0.6761252446183953 0.126953125 0.687866927592955 0.13671875 0.7025440313111545 0.146484375 0.7074363992172211 0.1650390625 0.7093933463796478 0.1806640625 0.687866927592955 0.171875 0.6379647749510763 0.1640625 0.6320939334637965 0.15234375 0.6320939334637965 0.1337890625 0.6506849315068493 0.1318359375 0.6673189823874754 0.1259765625 0.6761252446183953
0 0.1015625 0.38747553816046965 0.1123046875 0.38747553816046965 0.126953125 0.3767123287671233 0.130859375 0.3590998043052837 0.1279296875 0.3542074363992172 0.119140625 0.3532289628180039 0.0947265625 0.36888454011741684 0.0966796875 0.3835616438356164 0.1015625 0.38747553816046965
0 0.900390625 0.2759295499021526 0.9111328125 0.27788649706457924 0.9189453125 0.27103718199608606 0.921875 0.2583170254403131 0.9150390625 0.24853228962818003 0.904296875 0.24657534246575344 0.89453125 0.2534246575342466 0.8935546875 0.26614481409001955 0.900390625 0.2759295499021526
0 0.57421875 0.3111545988258317 0.583984375 0.3111545988258317 0.5986328125 0.31898238747553814 0.6123046875 0.31017612524461835 0.6103515625 0.2896281800391389 0.595703125 0.27495107632093935 0.5771484375 0.2759295499021526 0.568359375 0.2925636007827789 0.5673828125 0.3013698630136986 0.57421875 0.3111545988258317