0 0.4208984375 0.2788649706457925 0.4287109375 0.2857142857142857 0.4521484375 0.28180039138943247 0.4716796875 0.30528375733855184 0.4912109375 0.3062622309197652 0.51953125 0.2886497064579256 0.51953125 0.27495107632093935 0.501953125 0.23679060665362034 0.517578125 0.20058708414872797 0.515625 0.175146771037182 0.51171875 0.16927592954990214 0.4912109375 0.15851272015655576 0.4794921875 0.13209393346379647 0.4658203125 0.13013698630136986 0.458984375 0.13307240704500978 0.453125 0.13992172211350293 0.4521484375 0.15362035225048923 0.4462890625 0.1634050880626223 0.4248046875 0.17906066536203522 0.423828125 0.19373776908023482 0.4326171875 0.21037181996086102 0.4287109375 0.22015655577299414 0.4150390625 0.22407045009784735 0.4072265625 0.23091976516634052 0.4052734375 0.23874755381604693 0.40625 0.25440313111545987 0.4208984375 0.2788649706457925
0 0.55859375 0.3561643835616438 0.5673828125 0.35518590998043054 0.5771484375 0.34540117416829746 0.59765625 0.337573385518591 0.6171875 0.33561643835616434 0.625 0.3277886497064579 0.638671875 0.29549902152641877 0.63671875 0.2788649706457925 0.625 0.26125244618395305 0.609375 0.25929549902152643 0.6005859375 0.26418786692759294 0.5927734375 0.27495107632093935 0.5732421875 0.27788649706457924 0.5615234375 0.2925636007827789 0.5576171875 0.31409001956947163 0.5458984375 0.31898238747553814 0.5390625 0.3277886497064579 0.541015625 0.34637964774951074 0.55859375 0.3561643835616438
0 0.373046875 0.37377690802348335 0.3857421875 0.3747553816046966 0.3974609375 0.3659491193737769 0.3974609375 0.3561643835616438 0.390625 0.34442270058708413 0.375 0.34442270058708413 0.365234375 0.3522504892367906 0.3642578125 0.3659491193737769 0.373046875 0.37377690802348335
0 0.9287109375 0.223091976516634 0.9501953125 0.21819960861056747 0.966796875 0.22113502935420742 0.986328125 0.20058708414872797 0.9873046875 0.1898238747553816 0.9833984375 0.18199608610567514 0.9697265625 0.175146771037182 0.9609375 0.175146771037182 0.9375 0.18688845401174167 0.9228515625 0.2054794520547945 0.9208984375 0.2162426614481409 0.9287109375 0.223091976516634
0 0.4248046875 0.6301369863013698 0.4345703125 0.6281800391389433 0.4453125 0.6506849315068493 0.4560546875 0.6477495107632094 0.470703125 0.6350293542074363 0.4736328125 0.6203522504892367 0.4697265625 0.6046966731898238 0.4794921875 0.5596868884540117 0.4697265625 0.5352250489236791 0.4599609375 0.5332681017612524 0.4443359375 0.5459882583170254 0.451171875 0.5675146771037182 0.44921875 0.573385518590998 0.439453125 0.5880626223091976 0.423828125 0.5949119373776908 0.4208984375 0.6027397260273972 0.4208984375 0.6272015655577299 0.4248046875 0.6301369863013698
0 0.6240234375 0.8786692759295498 0.62109375 0.8943248532289628 0.630859375 0.9109589041095889 0.6396484375 0.9148727984344422 0.673828125 0.9031311154598824 0.6953125 0.9197651663405088 0.69921875 0.9315068493150684 0.7109375 0.9324853228962817 0.716796875 0.9266144814090019 0.72265625 0.9080234833659491 0.720703125 0.8962818003913894 0.712890625 0.8913894324853228 0.7041015625 0.8933463796477495 0.6953125 0.8874755381604696 0.6845703125 0.8620352250489237 0.685546875 0.8551859099804305 0.671875 0.8444227005870841 0.6640625 0.8297455968688844 0.640625 0.8277886497064578 0.6142578125 0.850293542074364 0.6123046875 0.8620352250489237 0.6240234375 0.8786692759295498
0 0.84375 0.9050880626223092 0.8564453125 0.9050880626223092 0.86328125 0.8992172211350293 0.865234375 0.8904109589041095 0.8603515625 0.8816046966731899 0.8466796875 0.8786692759295498 0.837890625 0.885518590998043 0.837890625 0.8982387475538159 0.84375 0.9050880626223092
0 0.890625 0.8444227005870841 0.8984375 0.8463796477495107 0.90625 0.8414872798434441 0.9072265625 0.8317025440313112 0.90234375 0.824853228962818 0.8935546875 0.8238747553816047 0.88671875 0.8277886497064578 0.8857421875 0.8385518590998042 0.890625 0.8444227005870841
0 0.7744140625 0.8483365949119372 0.783203125 0.850293542074364 0.7861328125 0.8405088062622308 0.783203125 0.8277886497064578 0.775390625 0.8228962818003913 0.765625 0.8277886497064578 0.767578125 0.8405088062622308 0.7744140625 0.8483365949119372
0 0.783203125 0.9520547945205479 0.794921875 0.9549902152641877 0.802734375 0.9500978473581213 0.8046875 0.9422700587084147 0.7998046875 0.9344422700587083 0.791015625 0.9285714285714285 0.7822265625 0.933463796477495 0.7783203125 0.9452054794520548 0.783203125 0.9520547945205479
0 0.650912109375 0.8056409001956947 0.655416015625 0.8006262230919765 0.660421875 0.8094021526418785 0.666427734375 0.8189305283757339 0.674435546875 0.8229422700587085 0.6789404296875 0.8221898238747553 0.6839453125 0.8184285714285714 0.6902021484375 0.8114080234833659 0.6962080078125 0.8068943248532289 0.700712890625 0.8023816046966731 0.7074697265625 0.795862035225049 0.7137255859375 0.793605675146771 0.7197314453125 0.792853228962818 0.728240234375 0.7878385518590998 0.728240234375 0.7798140900195695 0.723986328125 0.7732954990215264 0.721984375 0.7720410958904108 0.7062177734375 0.7717906066536202 0.6994609375 0.777307240704501 0.6962080078125 0.7730440313111546 0.69545703125 0.7650205479452055 0.7002119140625 0.7592534246575342 0.70646875 0.7552416829745596 0.7134755859375 0.7457133072407045 0.720232421875 0.7477191780821917 0.7249873046875 0.7504774951076321 0.7254873046875 0.7582504892367906 0.7312431640625 0.766023483365949 0.7402529296875 0.7670264187866926 0.7440068359375 0.7615097847358121 0.755267578125 0.7532358121330723 0.7562685546875 0.7574980430528375 0.7562685546875 0.7672769080234834 0.7540166015625 0.783825831702544 0.7607734375 0.7993727984344422 0.7735361328125 0.7968649706457925 0.7805439453125 0.7893424657534246 0.784046875 0.7775577299412915 0.7805439453125 0.7655215264187867 0.7765390625 0.7519814090019569 0.7675302734375 0.7422025440313111 0.7615244140625 0.7309187866927592 0.7537666015625 0.7226448140900195 0.743755859375 0.7138688845401173 0.7309931640625 0.7113610567514677 0.727740234375 0.7055939334637964 0.7272392578125 0.694812133072407 0.7249873046875 0.6867886497064579 0.7197314453125 0.677761252446184 0.70646875 0.6780127201565558 0.6924541015625 0.6815225048923679 0.6789404296875 0.6825254403131116 0.674685546875 0.6770088062622309 0.6654267578125 0.6727465753424657 0.654916015625 0.6727465753424657 0.6429033203125 0.678513698630137 0.6331435546875 0.6913013698630136 0.6313916015625 0.7035880626223092 0.6223828125 0.7106086105675147 0.620380859375 0.7254031311154598 0.61087109375 0.7306682974559686 0.6056162109375 0.7419520547945205 0.6043642578125 0.7552416829745596 0.605115234375 0.7662739726027397 0.6061162109375 0.7760528375733855 0.599109375 0.7775577299412915 0.5921015625 0.777307240704501 0.5833427734375 0.7840772994129158 0.5773369140625 0.7943571428571428 0.5755849609375 0.800876712328767 0.568828125 0.8046379647749511 0.5610703125 0.810655577299413 0.5580673828125 0.8199334637964775 0.5610703125 0.8307152641878668 0.56457421875 0.8397426614481409 0.57258203125 0.84776614481409 0.590099609375 0.8515273972602738 0.60311328125 0.8419990215264187 0.612373046875 0.8309657534246574 0.6176279296875 0.8246976516634051 0.6276376953125 0.8169246575342466 0.63414453125 0.8071457925636008 0.6348955078125 0.7986203522504892 0.6441552734375 0.8033845401174167 0.650912109375 0.8056409001956947
0 0.8486328125 0.7299412915851271 0.8515625 0.735812133072407 0.853515625 0.7377690802348337 0.859375 0.7407045009784736 0.87109375 0.7407045009784736 0.8759765625 0.7367906066536203 0.8779296875 0.732876712328767 0.8779296875 0.7270058708414873 0.8759765625 0.7211350293542074 0.8720703125 0.7152641878669275 0.87109375 0.7152641878669275 0.869140625 0.7133072407045009 0.859375 0.7133072407045009 0.8583984375 0.7142857142857142 0.85546875 0.7142857142857142 0.8505859375 0.7181996086105674 0.8486328125 0.7221135029354208 0.8486328125 0.7299412915851271
0 0.6220703125 0.030332681017612523 0.63671875 0.03424657534246575 0.6884765625 0.02446183953033268 0.6962890625 0.01761252446183953 0.705078125 0 0.61328125 0 0.611328125 0.007827788649706457 0.61328125 0.023483365949119372 0.6220703125 0.030332681017612523