0 0.6650390625 0.9461839530332681 0.6708984375 0.9755381604696673 0.6640625 0.9774951076320939 0.654296875 0.971624266144814 0.6396484375 0.9745596868884541 0.6328125 0.987279843444227 0.63671875 0.9990215264187867 0.78125 0.9990215264187867 0.7783203125 0.9892367906066536 0.7666015625 0.9765166340508806 0.767578125 0.9628180039138943 0.77734375 0.9432485322896282 0.7861328125 0.9344422700587083 0.7880859375 0.9246575342465754 0.75390625 0.892367906066536 0.728515625 0.8864970645792564 0.703125 0.8962818003913894 0.6780595703125 0.9194393346379648 0.6669921875 0.9227005870841486 0.6611328125 0.9148727984344422 0.654296875 0.913894324853229 0.64453125 0.9275929549902152 0.6533203125 0.9442270058708415 0.6650390625 0.9461839530332681
0 0.5859375 0.9461839530332681 0.591796875 0.9481409001956946 0.6015625 0.9432485322896282 0.603515625 0.9344422700587083 0.5966796875 0.9246575342465754 0.5888671875 0.9227005870841486 0.5810546875 0.9285714285714285 0.5810546875 0.9403131115459882 0.5859375 0.9461839530332681
0 0.69707421875 0.8433571428571428 0.68942578125 0.8552426614481409 0.6877265625 0.8683454011741683 0.6877265625 0.8763277886497065 0.6919521484375 0.8833424657534245 0.6984921875 0.8867465753424657 0.708720703125 0.8868258317025439 0.716896484375 0.883004892367906 0.7186484375 0.8764784735812132 0.723314453125 0.874894324853229 0.73726171875 0.8743972602739726 0.740447265625 0.8664794520547945 0.740447265625 0.8552661448140899 0.7341728515625 0.8464148727984343 0.7272138671875 0.8459628180039138 0.7192880859375 0.8402191780821917 0.7118837890625 0.8359823874755381 0.7057109375 0.8378767123287669 0.69707421875 0.8433571428571428
0 0.6376953125 0.793542074363992 0.6640625 0.796477495107632 0.6884765625 0.7808219178082191 0.6845703125 0.7583170254403131 0.66796875 0.7416829745596869 0.646484375 0.7397260273972602 0.6337890625 0.7465753424657533 0.6259765625 0.7583170254403131 0.6259765625 0.7808219178082191 0.6376953125 0.793542074363992
0 0.625 0.46966731898238745 0.6337890625 0.4755381604696673 0.66015625 0.4804305283757338 0.6962890625 0.4657534246575342 0.7021484375 0.4569471624266145 0.703125 0.4158512720156556 0.6943359375 0.40019569471624267 0.6826171875 0.3933463796477495 0.6474609375 0.38649706457925637 0.62109375 0.410958904109589 0.6142578125 0.42661448140900193 0.6142578125 0.45401174168297453 0.625 0.46966731898238745
0 0.72265625 0.4794520547945205 0.7294921875 0.46966731898238745 0.7294921875 0.4628180039138943 0.7197265625 0.4598825831702544 0.7119140625 0.4667318982387475 0.7119140625 0.47651663405088057 0.72265625 0.4794520547945205
0 0.6796875 0.48532289628180036 0.6806640625 0.48630136986301364 0.6806640625 0.4931506849315069 0.6826171875 0.49706457925636005 0.6962890625 0.5048923679060665 0.7021484375 0.5048923679060665 0.7041015625 0.5039138943248532 0.70703125 0.5009784735812133 0.7080078125 0.49804305283757333 0.7080078125 0.4911937377690802 0.7060546875 0.48727984344422703 0.7021484375 0.48630136986301364 0.6982421875 0.4833659491193737 0.6982421875 0.47651663405088057 0.6962890625 0.4726027397260274 0.6923828125 0.47064579256360073 0.685546875 0.4735812133072407 0.6826171875 0.47651663405088057 0.681640625 0.47651663405088057 0.6796875 0.4804305283757338 0.6796875 0.48532289628180036
0 0.791015625 0.1360078277886497 0.7998046875 0.13894324853228962 0.8134765625 0.136986301369863 0.8212890625 0.13307240704500978 0.828125 0.1223091976516634 0.8291015625 0.09980430528375733 0.81640625 0.08806262230919765 0.7919921875 0.08806262230919765 0.783203125 0.0949119373776908 0.7802734375 0.10469667318982387 0.78125 0.12524461839530332 0.791015625 0.1360078277886497
0 0.4775390625 0.09882583170254403 0.4912109375 0.10469667318982387 0.498046875 0.13111545988258316 0.5166015625 0.13013698630136986 0.53125 0.12426614481409001 0.5390625 0.11056751467710371 0.5390625 0.10273972602739725 0.5146484375 0.04794520547945205 0.4990234375 0.03816046966731898 0.486328125 0.03718199608610567 0.4736328125 0.04207436399217221 0.46484375 0.0557729941291585 0.4638671875 0.07925636007827788 0.4775390625 0.09882583170254403
0 0.8525390625 0.3043052837573385 0.8759765625 0.3043052837573385 0.8984375 0.2925636007827789 0.9072265625 0.2788649706457925 0.9091796875 0.26418786692759294 0.904296875 0.2328767123287671 0.8974609375 0.2279843444227006 0.875 0.22700587084148727 0.85546875 0.23483365949119372 0.849609375 0.24363992172211352 0.83984375 0.27788649706457924 0.8408203125 0.29452054794520544 0.8525390625 0.3043052837573385
0 0.8828125 0.5616438356164383 0.9013671875 0.5645792563600782 0.9150390625 0.5587084148727983 0.9150390625 0.5499021526418787 0.90625 0.538160469667319 0.880859375 0.5410958904109588 0.876953125 0.5450097847358121 0.876953125 0.5567514677103718 0.8828125 0.5616438356164383
0 0.978515625 0.8864970645792564 0.978515625 0.8943248532289628 0.98046875 0.9001956947162426 0.984375 0.9041095890410957 0.986328125 0.9050880626223092 0.9892578125 0.9050880626223092 0.990234375 0.9060665362035225 0.9990234375 0.9050880626223092 0.9990234375 0.8718199608610566 0.9921875 0.8718199608610566 0.9892578125 0.8727984344422699 0.9833984375 0.87573385518591 0.9814453125 0.8776908023483365 0.9794921875 0.8816046966731899 0.9794921875 0.885518590998043 0.978515625 0.8864970645792564
0 0.177734375 0.6536203522504892 0.1982421875 0.662426614481409 0.216796875 0.662426614481409 0.2353515625 0.6585127201565557 0.2509765625 0.6438356164383562 0.26171875 0.6272015655577299 0.2666015625 0.6037181996086105 0.2607421875 0.5851272015655578 0.2529296875 0.5772994129158512 0.2412109375 0.5724070450097847 0.21875 0.5704500978473581 0.1796875 0.5870841487279843 0.1650390625 0.611545988258317 0.1640625 0.6281800391389433 0.177734375 0.6536203522504892
0 0.0634765625 0.6301369863013698 0.072265625 0.6369863013698629 0.0849609375 0.6399217221135028 0.09765625 0.6506849315068493 0.080078125 0.6682974559686887 0.068359375 0.6927592954990215 0.0712890625 0.700587084148728 0.08984375 0.7035225048923679 0.0986328125 0.7015655577299412 0.10546875 0.6927592954990215 0.1240234375 0.6956947162426614 0.1474609375 0.6819960861056751 0.1455078125 0.6448140900195695 0.12890625 0.6330724070450098 0.1259765625 0.6056751467710371 0.1142578125 0.586105675146771 0.09375 0.5763209393346379 0.078125 0.5753424657534246 0.0615234375 0.5841487279843445 0.0537109375 0.5978473581213307 0.052734375 0.6105675146771037 0.0634765625 0.6301369863013698
0 0.3037109375 0.6927592954990215 0.3115234375 0.6937377690802349 0.3232421875 0.6859099804305283 0.3427734375 0.6555772994129158 0.3330078125 0.6448140900195695 0.3134765625 0.6457925636007827 0.30859375 0.6585127201565557 0.2978515625 0.662426614481409 0.2919921875 0.6692759295499021 0.2919921875 0.6810176125244618 0.3037109375 0.6927592954990215
0 0.275390625 0.9119373776908024 0.291015625 0.9109589041095889 0.3134765625 0.8992172211350293 0.32421875 0.8845401174168297 0.326171875 0.8727984344422699 0.3193359375 0.863013698630137 0.294921875 0.87573385518591 0.283203125 0.8747553816046967 0.2685546875 0.8884540117416829 0.26953125 0.9070450097847358 0.275390625 0.9119373776908024
0 0.5830078125 0.4726027397260274 0.580078125 0.47651663405088057 0.58203125 0.4921722113502935 0.5732421875 0.49706457925636005 0.5693359375 0.5048923679060665 0.5810546875 0.5195694716242661 0.6025390625 0.5303326810176124 0.6103515625 0.5303326810176124 0.6201171875 0.5254403131115459 0.6328125 0.5117416829745596 0.62890625 0.49510763209393344 0.6123046875 0.4735812133072407 0.61328125 0.4589041095890411 0.607421875 0.44227005870841485 0.60546875 0.41976516634050876 0.5986328125 0.41193737769080235 0.587890625 0.41193737769080235 0.576171875 0.4217221135029354 0.5712890625 0.43542074363992167 0.5712890625 0.44911937377690797 0.5830078125 0.4726027397260274