0 0.275390625 0.35812133072407043 0.3056640625 0.3953033268101761 0.3212890625 0.3972602739726027 0.330078125 0.3933463796477495 0.3427734375 0.3796477495107632 0.38671875 0.30919765166340507 0.3916015625 0.29060665362035226 0.3896484375 0.2602739726027397 0.3740234375 0.2338551859099804 0.3603515625 0.22407045009784735 0.341796875 0.2152641878669276 0.3115234375 0.2162426614481409 0.2958984375 0.223091976516634 0.2724609375 0.2446183953033268 0.2587890625 0.2886497064579256 0.26171875 0.3277886497064579 0.275390625 0.35812133072407043
0 0.4208984375 0.6731898238747553 0.435546875 0.678082191780822 0.4453125 0.6761252446183953 0.455078125 0.6682974559686887 0.458984375 0.6428571428571428 0.4443359375 0.6242661448140899 0.423828125 0.6223091976516634 0.41015625 0.6399217221135028 0.4091796875 0.6594911937377691 0.4208984375 0.6731898238747553
0 0.482421875 0.7465753424657533 0.4951171875 0.7475538160469667 0.501953125 0.7436399217221135 0.505859375 0.726027397260274 0.5009765625 0.7181996086105674 0.486328125 0.7142857142857142 0.4755859375 0.7201565557729941 0.47265625 0.732876712328767 0.482421875 0.7465753424657533
0 0.7197265625 0.18688845401174167 0.724609375 0.18101761252446183 0.7236328125 0.17221135029354206 0.716796875 0.16829745596868884 0.708984375 0.17123287671232876 0.7080078125 0.18395303326810175 0.7197265625 0.18688845401174167
0 0.7939453125 0.026418786692759294 0.802734375 0.025440313111545987 0.80859375 0.016634050880626222 0.8017578125 0.007827788649706457 0.79296875 0.008806262230919765 0.787109375 0.014677103718199608 0.787109375 0.022504892367906065 0.7939453125 0.026418786692759294
0 0.623046875 0.42661448140900193 0.6259765625 0.4246575342465754 0.6357421875 0.4324853228962818 0.6611328125 0.4344422700587084 0.66796875 0.4432485322896282 0.6572265625 0.4804305283757338 0.66015625 0.5048923679060665 0.6494140625 0.5215264187866928 0.6513671875 0.5459882583170254 0.6484375 0.5567514677103718 0.6572265625 0.5772994129158512 0.669921875 0.5831702544031311 0.6904296875 0.5831702544031311 0.7099609375 0.5880626223091976 0.748046875 0.5724070450097847 0.759765625 0.5489236790606653 0.7509765625 0.5117416829745596 0.76171875 0.5107632093933463 0.7822265625 0.5303326810176124 0.794921875 0.5371819960861057 0.80859375 0.5352250489236791 0.8310546875 0.5215264187866928 0.826171875 0.48532289628180036 0.77734375 0.44911937377690797 0.779296875 0.4344422700587084 0.7578125 0.4217221135029354 0.751953125 0.410958904109589 0.748046875 0.3835616438356164 0.73828125 0.36203522504892366 0.7216796875 0.33170254403131116 0.7080078125 0.3199608610567514 0.689453125 0.3111545988258317 0.6591796875 0.3082191780821918 0.6474609375 0.3023483365949119 0.638671875 0.3062622309197652 0.62890625 0.3238747553816047 0.62109375 0.38747553816046965 0.6123046875 0.3972602739726027 0.611328125 0.40802348336594907 0.623046875 0.42661448140900193
0 0.572265625 0.4295499021526418 0.5673828125 0.44520547945205474 0.572265625 0.46086105675146766 0.5859375 0.46868884540117417 0.60546875 0.4647749510763209 0.61328125 0.4559686888454012 0.6171875 0.43542074363992167 0.611328125 0.4227005870841487 0.591796875 0.40802348336594907 0.58984375 0.3943248532289628 0.5732421875 0.3933463796477495 0.5546875 0.4070450097847358 0.5556640625 0.41780821917808214 0.572265625 0.4295499021526418
0 0.3500087890625 0.6223512720156555 0.3440556640625 0.6171320939334637 0.3348779296875 0.6158894324853228 0.32569921875 0.6196174168297456 0.328923828125 0.6270733855185909 0.3319013671875 0.6325420743639921 0.3381025390625 0.6330391389432485 0.3462880859375 0.635027397260274 0.3472802734375 0.6395009784735812 0.3388466796875 0.6472054794520548 0.3361181640625 0.6559050880626223 0.32867578125 0.6561536203522504 0.320986328125 0.6588874755381605 0.3202421875 0.6668405088062622 0.324458984375 0.6730538160469667 0.3331416015625 0.6737994129158513 0.3361181640625 0.6817534246575342 0.3428154296875 0.6902035225048924 0.3527373046875 0.6949256360078279 0.371341796875 0.6971624266144814 0.3805205078125 0.6954227005870841 0.3889541015625 0.6911976516634051 0.3936669921875 0.6837416829745597 0.3949072265625 0.673550880626223 0.3946591796875 0.6668405088062622 0.3911865234375 0.6559050880626223 0.401109375 0.6601301369863013 0.406814453125 0.6546624266144814 0.40557421875 0.6481996086105675 0.402845703125 0.6422348336594912 0.3996201171875 0.6360215264187866 0.3958994140625 0.6305528375733854 0.3926748046875 0.622848336594912 0.3815126953125 0.6136526418786692 0.373326171875 0.6124099804305284 0.361916015625 0.6171320939334637 0.35869140625 0.6253336594911938 0.361419921875 0.6355244618395303 0.355466796875 0.6265763209393346 0.3500087890625 0.6223512720156555
0 0.3076171875 0.7064579256360078 0.3076171875 0.7133072407045009 0.30859375 0.7152641878669275 0.3125 0.7191780821917808 0.314453125 0.7201565557729941 0.3203125 0.7201565557729941 0.32421875 0.7162426614481409 0.3251953125 0.7133072407045009 0.3251953125 0.7045009784735812 0.3232421875 0.6996086105675146 0.3203125 0.697651663405088 0.3193359375 0.6986301369863013 0.31640625 0.6986301369863013 0.3095703125 0.7035225048923679 0.3095703125 0.7045009784735812 0.3076171875 0.7064579256360078
0 0.330078125 0.7181996086105674 0.3310546875 0.7211350293542074 0.33203125 0.723091976516634 0.3369140625 0.7250489236790607 0.3388671875 0.7250489236790607 0.3427734375 0.7201565557729941 0.34375 0.7103718199608611 0.3427734375 0.7084148727984344 0.33984375 0.7064579256360078 0.3349609375 0.7064579256360078 0.3310546875 0.7093933463796478 0.330078125 0.7123287671232876 0.330078125 0.7181996086105674
0 0.4765625 0.8033268101761252 0.4775390625 0.8062622309197651 0.482421875 0.8101761252446182 0.4873046875 0.8101761252446182 0.498046875 0.8052837573385518 0.5 0.8033268101761252 0.4990234375 0.8023483365949119 0.4990234375 0.7994129158512719 0.498046875 0.7984344422700587 0.484375 0.7906066536203522 0.4814453125 0.7915851272015655 0.4794921875 0.793542074363992 0.4765625 0.7994129158512719 0.4765625 0.8033268101761252