0 0.43359375 0.23091976516634052 0.4482421875 0.25929549902152643 0.474609375 0.286692759295499 0.4921875 0.31213307240704496 0.5439453125 0.32583170254403127 0.580078125 0.30919765166340507 0.60546875 0.2837573385518591 0.62109375 0.23483365949119372 0.615234375 0.19471624266144813 0.591796875 0.1506849315068493 0.5634765625 0.1223091976516634 0.53125 0.1086105675146771 0.5068359375 0.1086105675146771 0.4677734375 0.11839530332681017 0.4560546875 0.12524461839530332 0.4423828125 0.14090019569471623 0.4267578125 0.1771037181996086 0.42578125 0.19373776908023482 0.43359375 0.23091976516634052
0 0.3876953125 0.3473581213307241 0.39453125 0.35518590998043054 0.412109375 0.36007827788649704 0.41796875 0.37279843444227 0.4287109375 0.37573385518590996 0.435546875 0.3698630136986301 0.43359375 0.3610567514677104 0.439453125 0.34540117416829746 0.455078125 0.32093933463796476 0.4541015625 0.31017612524461835 0.4443359375 0.299412915851272 0.4453125 0.2886497064579256 0.4306640625 0.25244618395303325 0.4189453125 0.2446183953033268 0.400390625 0.25048923679060664 0.3818359375 0.2896281800391389 0.37890625 0.3268101761252446 0.3876953125 0.3473581213307241
0 0.48046875 0.09784735812133072 0.5087890625 0.09393346379647749 0.5244140625 0.07436399217221135 0.51953125 0.04892367906066536 0.513671875 0.04500978473581213 0.4951171875 0.04794520547945205 0.4755859375 0.08414872798434442 0.4755859375 0.09393346379647749 0.48046875 0.09784735812133072
0 0.05078125 0.004892367906066536 0.0595703125 0.0273972602739726 0.0712890625 0.03913894324853229 0.0908203125 0.04500978473581213 0.1171875 0.04207436399217221 0.1259765625 0.04794520547945205 0.12109375 0.05968688845401173 0.1259765625 0.0675146771037182 0.1416015625 0.06653620352250489 0.1513671875 0.07729941291585127 0.158203125 0.07925636007827788 0.1923828125 0.06360078277886497 0.1923828125 0.0557729941291585 0.19921875 0.04403131115459882 0.197265625 0.03718199608610567 0.169921875 0.007827788649706457 0.171875 0 0.05078125 0 0.05078125 0.004892367906066536
0 0.2138671875 0.557729941291585 0.232421875 0.560665362035225 0.24609375 0.5518590998043053 0.2470703125 0.5293542074363992 0.2373046875 0.5166340508806262 0.21875 0.5136986301369862 0.2099609375 0.5176125244618395 0.2021484375 0.5283757338551859 0.203125 0.5440313111545988 0.2138671875 0.557729941291585
0 0.484375 0.48140900195694714 0.4970703125 0.4892367906066536 0.5185546875 0.4843444227005871 0.53125 0.45792563600782776 0.5244140625 0.42661448140900193 0.5087890625 0.4138943248532289 0.490234375 0.4070450097847358 0.4755859375 0.410958904109589 0.46875 0.42661448140900193 0.466796875 0.4500978473581213 0.484375 0.48140900195694714
0 0.357421875 0.34540117416829746 0.36328125 0.3385518590998043 0.3623046875 0.3111545988258317 0.349609375 0.3131115459882583 0.3408203125 0.33072407045009783 0.3447265625 0.34637964774951074 0.357421875 0.34540117416829746
0 0.568359375 0.4187866927592955 0.587890625 0.4324853228962818 0.61328125 0.4403131115459883 0.62890625 0.4403131115459883 0.642578125 0.43542074363992167 0.6611328125 0.41976516634050876 0.6650390625 0.4050880626223091 0.6640625 0.3884540117416829 0.64453125 0.35518590998043054 0.6162109375 0.34833659491193736 0.5947265625 0.34833659491193736 0.5732421875 0.35518590998043054 0.5634765625 0.3659491193737769 0.5625 0.40998043052837574 0.568359375 0.4187866927592955
0 0.4736328125 0.9041095890410957 0.494140625 0.913894324853229 0.5146484375 0.9080234833659491 0.5224609375 0.8943248532289628 0.5234375 0.8845401174168297 0.5166015625 0.8698630136986301 0.5029296875 0.8581213307240704 0.48046875 0.8590998043052837 0.470703125 0.8698630136986301 0.4677734375 0.8796477495107631 0.466796875 0.8864970645792564 0.4736328125 0.9041095890410957
0 0.759765625 0.8835616438356164 0.7666015625 0.8913894324853228 0.7900390625 0.8992172211350293 0.794921875 0.9080234833659491 0.79296875 0.9227005870841486 0.8017578125 0.9315068493150684 0.8154296875 0.9295499021526418 0.8251953125 0.9109589041095889 0.84765625 0.9080234833659491 0.8564453125 0.9031311154598824 0.8701171875 0.8835616438356164 0.87109375 0.8727984344422699 0.8642578125 0.8571428571428571 0.8310546875 0.834637964774951 0.7841796875 0.8336594911937377 0.7685546875 0.8405088062622308 0.7568359375 0.8542074363992171 0.7548828125 0.8698630136986301 0.759765625 0.8835616438356164
0 0.908203125 0.8072407045009784 0.923828125 0.8140900195694716 0.9501953125 0.8150684931506849 0.9755859375 0.8082191780821917 0.9892578125 0.7974559686888454 0.9990234375 0.7769080234833659 0.9921875 0.7240704500978473 0.9716796875 0.7045009784735812 0.9580078125 0.7103718199608611 0.943359375 0.7084148727984344 0.931640625 0.6966731898238747 0.923828125 0.697651663405088 0.9150390625 0.7025440313111545 0.8837890625 0.7504892367906066 0.8896484375 0.7857142857142857 0.908203125 0.8072407045009784
0 0.8798828125 0.10176125244618395 0.888671875 0.1086105675146771 0.9013671875 0.10567514677103718 0.9111328125 0.09001956947162426 0.908203125 0.07632093933463796 0.8935546875 0.06457925636007827 0.8828125 0.06555772994129158 0.8759765625 0.07240704500978473 0.873046875 0.08610567514677103 0.8798828125 0.10176125244618395
0 0.23046875 0.6457925636007827 0.2392578125 0.6467710371819961 0.248046875 0.6379647749510763 0.248046875 0.6301369863013698 0.2412109375 0.62133072407045 0.232421875 0.6193737769080234 0.2216796875 0.6262230919765166 0.220703125 0.6340508806262231 0.23046875 0.6457925636007827
0 0.88671875 0.9148727984344422 0.896484375 0.9197651663405088 0.9111328125 0.9148727984344422 0.9140625 0.8992172211350293 0.9033203125 0.8864970645792564 0.8896484375 0.8835616438356164 0.8828125 0.8943248532289628 0.8798828125 0.9070450097847358 0.88671875 0.9148727984344422
0 0.755859375 0.8385518590998042 0.7666015625 0.8385518590998042 0.7958984375 0.8277886497064578 0.7919921875 0.8209393346379648 0.7802734375 0.8160469667318981 0.7607421875 0.8228962818003913 0.7470703125 0.8209393346379648 0.7431640625 0.824853228962818 0.755859375 0.8385518590998042