0 0.6884765625 0.5645792563600782 0.705078125 0.5782778864970646 0.7099609375 0.5890410958904109 0.7197265625 0.5949119373776908 0.7412109375 0.5968688845401174 0.7529296875 0.5949119373776908 0.7578125 0.5900195694716242 0.7763671875 0.5919765166340508 0.79296875 0.5880626223091976 0.8134765625 0.5763209393346379 0.8046875 0.5391389432485323 0.7919921875 0.5205479452054794 0.7646484375 0.49804305283757333 0.7333984375 0.49804305283757333 0.6923828125 0.5283757338551859 0.6845703125 0.538160469667319 0.68359375 0.5528375733855186 0.6884765625 0.5645792563600782
0 0.2919921875 0.4892367906066536 0.3037109375 0.50293542074364 0.3193359375 0.5078277886497065 0.3544921875 0.5078277886497065 0.37890625 0.48140900195694714 0.3876953125 0.4628180039138943 0.380859375 0.4393346379647749 0.349609375 0.41291585127201563 0.32421875 0.41193737769080235 0.3076171875 0.4158512720156556 0.2998046875 0.4227005870841487 0.2958984375 0.4383561643835616 0.2978515625 0.4559686888454012 0.2919921875 0.4892367906066536
0 0.1923828125 0.3962818003913894 0.2138671875 0.4187866927592955 0.244140625 0.41976516634050876 0.2607421875 0.410958904109589 0.2705078125 0.40019569471624267 0.2734375 0.38943248532289626 0.2705078125 0.37279843444227 0.244140625 0.33072407045009783 0.234375 0.33072407045009783 0.208984375 0.34442270058708413 0.1875 0.36888454011741684 0.1865234375 0.3786692759295499 0.1923828125 0.3962818003913894
0 0.0673828125 0.3424657534246575 0.0888671875 0.3561643835616438 0.0986328125 0.35812133072407043 0.1064453125 0.35518590998043054 0.12109375 0.3610567514677104 0.12890625 0.35518590998043054 0.130859375 0.34540117416829746 0.126953125 0.3277886497064579 0.1181640625 0.31409001956947163 0.0986328125 0.30919765166340507 0.0556640625 0.30919765166340507 0.0546875 0.31409001956947163 0.0673828125 0.3424657534246575
0 0.578125 0.21330724070450097 0.5927734375 0.2191780821917808 0.6171875 0.21819960861056747 0.6435546875 0.21037181996086102 0.654296875 0.18493150684931506 0.6484375 0.17318982387475537 0.6142578125 0.15459882583170254 0.5908203125 0.16927592954990214 0.5693359375 0.19667318982387474 0.5693359375 0.20841487279843443 0.578125 0.21330724070450097
0 0.6572265625 0.17416829745596868 0.66796875 0.17416829745596868 0.67578125 0.16731898238747553 0.67578125 0.15557729941291584 0.6669921875 0.14774951076320939 0.658203125 0.14677103718199608 0.6494140625 0.15459882583170254 0.6494140625 0.1643835616438356 0.6572265625 0.17416829745596868
0 0.6845703125 0.2035225048923679 0.6953125 0.19960861056751467 0.701171875 0.19275929549902152 0.6962890625 0.18395303326810175 0.6796875 0.18297455968688844 0.673828125 0.18688845401174167 0.6748046875 0.19569471624266144 0.6845703125 0.2035225048923679
0 0.669921875 0.12622309197651663 0.712890625 0.13111545988258316 0.73828125 0.12328767123287672 0.744140625 0.11643835616438356 0.7451171875 0.1086105675146771 0.7373046875 0.08708414872798434 0.728515625 0.07729941291585127 0.7099609375 0.06947162426614481 0.681640625 0.06653620352250489 0.6572265625 0.08317025440313111 0.66015625 0.1095890410958904 0.669921875 0.12622309197651663
0 0.873046875 0.12622309197651663 0.890625 0.13111545988258316 0.9052734375 0.1223091976516634 0.904296875 0.1086105675146771 0.890625 0.0958904109589041 0.8701171875 0.0949119373776908 0.86328125 0.10371819960861055 0.86328125 0.11545988258317026 0.873046875 0.12622309197651663
0 0.4404296875 0.6555772994129158 0.423828125 0.6741682974559686 0.4248046875 0.7113502935420744 0.4306640625 0.7270058708414873 0.4560546875 0.7309197651663404 0.4677734375 0.723091976516634 0.486328125 0.6839530332681016 0.5224609375 0.6966731898238747 0.5302734375 0.6966731898238747 0.546875 0.6859099804305283 0.548828125 0.6614481409001957 0.5185546875 0.6252446183953033 0.48828125 0.6144814090019569 0.47265625 0.6144814090019569 0.439453125 0.6046966731898238 0.431640625 0.608610567514677 0.42578125 0.6291585127201565 0.427734375 0.6428571428571428 0.4404296875 0.6555772994129158
0 0.689453125 0.7250489236790607 0.69921875 0.7250489236790607 0.7041015625 0.7211350293542074 0.7060546875 0.7133072407045009 0.701171875 0.7045009784735812 0.689453125 0.7025440313111545 0.6845703125 0.7074363992172211 0.68359375 0.7172211350293541 0.689453125 0.7250489236790607
0 0.517578125 0.7749510763209393 0.529296875 0.7749510763209393 0.5400390625 0.7641878669275929 0.564453125 0.7612524461839529 0.5712890625 0.7475538160469667 0.5625 0.7338551859099803 0.5537109375 0.732876712328767 0.541015625 0.7397260273972602 0.521484375 0.7397260273972602 0.509765625 0.7504892367906066 0.51171875 0.7700587084148728 0.517578125 0.7749510763209393
0 0.3984375 0.8033268101761252 0.41015625 0.8023483365949119 0.421875 0.7925636007827788 0.421875 0.7778864970645791 0.4091796875 0.7632093933463796 0.396484375 0.7622309197651662 0.3798828125 0.7729941291585127 0.3798828125 0.7896281800391389 0.3984375 0.8033268101761252