0 0.3447265625 0.8082191780821917 0.3701171875 0.8385518590998042 0.400390625 0.8483365949119372 0.4462890625 0.837573385518591 0.4619140625 0.824853228962818 0.4921875 0.7818003913894325 0.501953125 0.74853228962818 0.5009765625 0.732876712328767 0.4892578125 0.7064579256360078 0.4697265625 0.6888454011741683 0.4296875 0.675146771037182 0.3984375 0.6771037181996086 0.37109375 0.6868884540117416 0.3447265625 0.7074363992172211 0.328125 0.7299412915851271 0.3310546875 0.7788649706457925 0.3447265625 0.8082191780821917
0 0.30859375 0.7025440313111545 0.3291015625 0.7035225048923679 0.333984375 0.6996086105675146 0.328125 0.6741682974559686 0.31640625 0.6741682974559686 0.306640625 0.684931506849315 0.3056640625 0.6986301369863013 0.30859375 0.7025440313111545
0 0.2978515625 0.913894324853229 0.306640625 0.9168297455968688 0.318359375 0.9099804305283756 0.3212890625 0.8962818003913894 0.314453125 0.8864970645792564 0.2939453125 0.8767123287671232 0.2802734375 0.8835616438356164 0.2822265625 0.8992172211350293 0.2978515625 0.913894324853229
0 0.3486328125 0.9814090019569471 0.37109375 0.9804305283757339 0.39453125 0.9647749510763208 0.3935546875 0.9540117416829744 0.3857421875 0.949119373776908 0.3662109375 0.9579256360078278 0.34765625 0.9559686888454012 0.3369140625 0.9608610567514676 0.337890625 0.9745596868884541 0.3486328125 0.9814090019569471
0 0.0791015625 0.6066536203522505 0.087890625 0.608610567514677 0.095703125 0.6027397260273972 0.0966796875 0.5909980430528375 0.0869140625 0.5812133072407045 0.0810546875 0.5802348336594911 0.072265625 0.5880626223091976 0.072265625 0.598825831702544 0.0791015625 0.6066536203522505
0 0.0166015625 0.598825831702544 0.029296875 0.5998043052837574 0.0390625 0.5929549902152641 0.0400390625 0.5812133072407045 0.0302734375 0.5714285714285714 0.017578125 0.5704500978473581 0.0107421875 0.5772994129158512 0.009765625 0.5870841487279843 0.0166015625 0.598825831702544
0 0.3330078125 0.43737769080234834 0.3466796875 0.44422700587084146 0.37890625 0.446183953033268 0.390625 0.4549902152641878 0.400390625 0.45303326810176126 0.408203125 0.4403131115459883 0.4072265625 0.4315068493150685 0.400390625 0.4217221135029354 0.4072265625 0.3610567514677104 0.421875 0.35127201565557725 0.4248046875 0.337573385518591 0.4140625 0.3277886497064579 0.4013671875 0.32974559686888455 0.3916015625 0.3405088062622309 0.3564453125 0.3277886497064579 0.34375 0.3287671232876712 0.3125 0.36692759295499017 0.3076171875 0.3786692759295499 0.306640625 0.40802348336594907 0.3330078125 0.43737769080234834
0 0.2587890625 0.42563600782778865 0.2666015625 0.42661448140900193 0.2734375 0.4217221135029354 0.2734375 0.4070450097847358 0.2607421875 0.40410958904109584 0.2548828125 0.40900195694716246 0.2529296875 0.41780821917808214 0.2587890625 0.42563600782778865
0 0.1572265625 0.8581213307240704 0.16796875 0.8581213307240704 0.1748046875 0.8512720156555773 0.1748046875 0.8405088062622308 0.1650390625 0.8307240704500979 0.154296875 0.8336594911937377 0.1494140625 0.8395303326810175 0.1484375 0.850293542074364 0.1572265625 0.8581213307240704
0 0.234375 0.8111545988258317 0.25 0.8111545988258317 0.2802734375 0.796477495107632 0.2890625 0.7651663405088062 0.287109375 0.7475538160469667 0.279296875 0.7299412915851271 0.2734375 0.7270058708414873 0.2587890625 0.7289628180039138 0.234375 0.7142857142857142 0.208984375 0.7436399217221135 0.20703125 0.7690802348336595 0.234375 0.8111545988258317
0 0.5078125 0.3972602739726027 0.5380859375 0.41780821917808214 0.5419921875 0.43542074363992167 0.5703125 0.4315068493150685 0.5869140625 0.4403131115459883 0.5947265625 0.45401174168297453 0.607421875 0.4589041095890411 0.615234375 0.4589041095890411 0.623046875 0.45205479452054786 0.62890625 0.42563600782778865 0.6220703125 0.41193737769080235 0.609375 0.40410958904109584 0.607421875 0.3835616438356164 0.6298828125 0.36888454011741684 0.6328125 0.36007827788649704 0.6328125 0.32974559686888455 0.6298828125 0.3268101761252446 0.6015625 0.33463796477495106 0.58984375 0.3590998043052837 0.5810546875 0.3571428571428571 0.5654296875 0.33463796477495106 0.5498046875 0.3287671232876712 0.515625 0.3395303326810176 0.5107421875 0.350293542074364 0.513671875 0.37573385518590996 0.5078125 0.3972602739726027