0 0.556640625 0.9735812133072406 0.5693359375 0.9774951076320939 0.572265625 0.9921722113502934 0.5771484375 0.9970645792563599 0.6279296875 0.9990215264187867 0.6357421875 0.9823874755381604 0.6298828125 0.9559686888454012 0.599609375 0.920743639921722 0.58203125 0.9109589041095889 0.5693359375 0.9109589041095889 0.5634765625 0.913894324853229 0.5546875 0.9315068493150684 0.552734375 0.961839530332681 0.556640625 0.9735812133072406
0 0.314453125 0.4667318982387475 0.3134765625 0.48727984344422703 0.3271484375 0.5195694716242661 0.3388671875 0.5293542074363992 0.3642578125 0.5401174168297456 0.3974609375 0.5391389432485323 0.4228515625 0.5303326810176124 0.4326171875 0.512720156555773 0.4326171875 0.5039138943248532 0.396484375 0.4598825831702544 0.39453125 0.42563600782778865 0.373046875 0.398238747553816 0.3623046875 0.3943248532289628 0.3544921875 0.3972602739726027 0.34375 0.41193737769080235 0.326171875 0.42074363992172203 0.3193359375 0.4315068493150685 0.3212890625 0.45205479452054786 0.314453125 0.4667318982387475
0 0.365234375 0.8228962818003913 0.376953125 0.8209393346379648 0.392578125 0.8062622309197651 0.3916015625 0.796477495107632 0.3720703125 0.7759295499021526 0.337890625 0.7818003913894325 0.33203125 0.7876712328767124 0.3330078125 0.8003913894324853 0.365234375 0.8228962818003913
0 0.1298828125 0.7534246575342466 0.1376953125 0.7544031311154599 0.1455078125 0.7495107632093932 0.14453125 0.7338551859099803 0.138671875 0.7240704500978473 0.1259765625 0.7191780821917808 0.1181640625 0.7270058708414873 0.1171875 0.7367906066536203 0.1298828125 0.7534246575342466
0 0.37109375 0.9882583170254403 0.3837890625 0.9902152641878669 0.392578125 0.9833659491193737 0.39453125 0.9706457925636007 0.3896484375 0.9628180039138943 0.3740234375 0.9608610567514676 0.3671875 0.9657534246575341 0.365234375 0.9774951076320939 0.37109375 0.9882583170254403
0 0.5185546875 0.35518590998043054 0.5224609375 0.3659491193737769 0.53515625 0.37377690802348335 0.6123046875 0.35127201565557725 0.615234375 0.34540117416829746 0.6259765625 0.3395303326810176 0.6181640625 0.31898238747553814 0.5947265625 0.30724070450097846 0.53125 0.30919765166340507 0.521484375 0.31702544031311153 0.515625 0.3268101761252446 0.5185546875 0.35518590998043054
0 0.7646484375 0.3933463796477495 0.7890625 0.40410958904109584 0.8037109375 0.40410958904109584 0.8134765625 0.3884540117416829 0.8330078125 0.3796477495107632 0.841796875 0.3287671232876712 0.8291015625 0.3238747553816047 0.814453125 0.32583170254403127 0.8056640625 0.3395303326810176 0.7841796875 0.3561643835616438 0.7763671875 0.37279843444227 0.76171875 0.3835616438356164 0.7607421875 0.38943248532289626 0.7646484375 0.3933463796477495
0 0.708984375 0.4148727984344422 0.716796875 0.4148727984344422 0.7294921875 0.4060665362035225 0.7275390625 0.39041095890410954 0.7060546875 0.3679060665362035 0.6953125 0.3679060665362035 0.681640625 0.3796477495107632 0.6806640625 0.3884540117416829 0.708984375 0.4148727984344422
0 0.6181640625 0.4217221135029354 0.654296875 0.42857142857142855 0.6689453125 0.4217221135029354 0.677734375 0.40410958904109584 0.6611328125 0.38649706457925637 0.6435546875 0.38454011741682975 0.6357421875 0.38649706457925637 0.61328125 0.40802348336594907 0.6123046875 0.4148727984344422 0.6181640625 0.4217221135029354
0 0.4638671875 0.611545988258317 0.4765625 0.6095890410958904 0.4794921875 0.5998043052837574 0.4755859375 0.5939334637964775 0.466796875 0.5919765166340508 0.4599609375 0.595890410958904 0.458984375 0.6037181996086105 0.4638671875 0.611545988258317
0 0.349609375 0.5841487279843445 0.3623046875 0.5753424657534246 0.36328125 0.5665362035225049 0.353515625 0.560665362035225 0.341796875 0.573385518590998 0.341796875 0.5802348336594911 0.349609375 0.5841487279843445
0 0.525390625 0.6389432485322896 0.5380859375 0.6418786692759295 0.541015625 0.6369863013698629 0.5390625 0.6291585127201565 0.533203125 0.6252446183953033 0.525390625 0.6272015655577299 0.5224609375 0.6291585127201565 0.525390625 0.6389432485322896
0 0.8125 0.8199608610567515 0.82421875 0.8199608610567515 0.8349609375 0.8101761252446182 0.8349609375 0.7925636007827788 0.8271484375 0.7857142857142857 0.8134765625 0.7818003913894325 0.8037109375 0.7925636007827788 0.802734375 0.7994129158512719 0.8125 0.8199608610567515
0 0.3388671875 0.9246575342465754 0.35546875 0.9158512720156555 0.361328125 0.8913894324853228 0.357421875 0.8835616438356164 0.341796875 0.8806262230919766 0.3203125 0.9001956947162426 0.32421875 0.9178082191780822 0.3388671875 0.9246575342465754
0 0.3369140625 0.9951076320939334 0.34375 0.9853228962818003 0.33984375 0.9706457925636007 0.3330078125 0.9706457925636007 0.3271484375 0.9784735812133072 0.3271484375 0.9931506849315068 0.3369140625 0.9951076320939334
0 0.5869140625 0.793542074363992 0.595703125 0.7974559686888454 0.609375 0.7749510763209393 0.6044921875 0.7671232876712328 0.58984375 0.7710371819960861 0.5869140625 0.773972602739726 0.5869140625 0.793542074363992
0 0.3564453125 0.7544031311154599 0.3798828125 0.7524461839530332 0.388671875 0.7465753424657533 0.3896484375 0.726027397260274 0.3828125 0.7142857142857142 0.3486328125 0.7074363992172211 0.337890625 0.7152641878669275 0.33984375 0.7348336594911937 0.3564453125 0.7544031311154599
0 0.7392578125 0.6330724070450098 0.740234375 0.6614481409001957 0.74609375 0.6692759295499021 0.759765625 0.6673189823874754 0.76953125 0.6467710371819961 0.78125 0.6360078277886496 0.7939453125 0.6330724070450098 0.802734375 0.6183953033268101 0.80078125 0.6076320939334637 0.7900390625 0.6046966731898238 0.765625 0.5880626223091976 0.734375 0.5919765166340508 0.7275390625 0.598825831702544 0.7275390625 0.6125244618395304 0.7392578125 0.6330724070450098
0 0.439453125 0.2671232876712329 0.46484375 0.2690802348336595 0.4697265625 0.2729941291585127 0.4755859375 0.2700587084148728 0.4765625 0.25440313111545987 0.466796875 0.24070450097847357 0.4453125 0.23874755381604693 0.4326171875 0.2446183953033268 0.431640625 0.25440313111545987 0.439453125 0.2671232876712329
0 0.369140625 0.3219178082191781 0.380859375 0.32093933463796476 0.3876953125 0.3023483365949119 0.3798828125 0.2788649706457925 0.3564453125 0.273972602739726 0.3525390625 0.2788649706457925 0.3515625 0.29647749510763205 0.369140625 0.3219178082191781
0 0.189453125 0.4931506849315069 0.19921875 0.49510763209393344 0.205078125 0.4911937377690802 0.20703125 0.4833659491193737 0.2021484375 0.474559686888454 0.1943359375 0.4716242661448141 0.1865234375 0.47651663405088057 0.1845703125 0.4843444227005871 0.189453125 0.4931506849315069
0 0.1669921875 0.15753424657534246 0.1923828125 0.15459882583170254 0.2021484375 0.14383561643835616 0.208984375 0.1076320939334638 0.1953125 0.0958904109589041 0.17578125 0.10273972602739725 0.1533203125 0.12035225048923678 0.154296875 0.13992172211350293 0.1669921875 0.15753424657534246
0 0.07421875 0.34637964774951074 0.0859375 0.34540117416829746 0.099609375 0.3385518590998043 0.11328125 0.3180039138943248 0.1064453125 0.3023483365949119 0.087890625 0.29452054794520544 0.0693359375 0.2974559686888454 0.0546875 0.31017612524461835 0.056640625 0.32974559686888455 0.07421875 0.34637964774951074
0 0.0771484375 0.0821917808219178 0.0859375 0.0821917808219178 0.0908203125 0.0675146771037182 0.087890625 0.0547945205479452 0.076171875 0.04892367906066536 0.0634765625 0.05675146771037182 0.0654296875 0.07240704500978473 0.0771484375 0.0821917808219178