0 0.462890625 0.3062622309197652 0.48046875 0.3287671232876712 0.4873046875 0.33170254403131116 0.537109375 0.3180039138943248 0.5703125 0.3219178082191781 0.5888671875 0.30332681017612523 0.5810546875 0.2857142857142857 0.572265625 0.2837573385518591 0.5576171875 0.26614481409001955 0.5439453125 0.26125244618395305 0.51953125 0.26125244618395305 0.50390625 0.27103718199608606 0.47265625 0.2690802348336595 0.4599609375 0.27984344422700586 0.458984375 0.29549902152641877 0.462890625 0.3062622309197652
0 0.6162109375 0.5078277886497065 0.6328125 0.512720156555773 0.6435546875 0.5342465753424658 0.6513671875 0.5362035225048923 0.677734375 0.5146771037181995 0.6787109375 0.5009784735812133 0.6650390625 0.4921722113502935 0.6630859375 0.47064579256360073 0.6494140625 0.45401174168297453 0.640625 0.45303326810176126 0.6337890625 0.45792563600782776 0.6318359375 0.46868884540117417 0.6357421875 0.47847358121330724 0.6318359375 0.4833659491193737 0.6162109375 0.4833659491193737 0.609375 0.48727984344422703 0.6083984375 0.5009784735812133 0.6162109375 0.5078277886497065
0 0.056640625 0.586105675146771 0.06640625 0.5909980430528375 0.0732421875 0.6135029354207436 0.0869140625 0.6183953033268101 0.09765625 0.6144814090019569 0.103515625 0.6066536203522505 0.1083984375 0.5841487279843445 0.107421875 0.5450097847358121 0.0859375 0.5313111545988258 0.0771484375 0.5313111545988258 0.056640625 0.538160469667319 0.0419921875 0.5528375733855186 0.0439453125 0.5714285714285714 0.056640625 0.586105675146771
0 0.3408203125 0.7348336594911937 0.3583984375 0.7367906066536203 0.3759765625 0.7475538160469667 0.3916015625 0.7475538160469667 0.4267578125 0.7367906066536203 0.4423828125 0.7201565557729941 0.45703125 0.6908023483365949 0.4892578125 0.6565557729941291 0.4990234375 0.6409001956947162 0.498046875 0.6311154598825832 0.4453125 0.5812133072407045 0.427734375 0.5792563600782779 0.419921875 0.5821917808219178 0.41015625 0.601761252446184 0.41015625 0.6183953033268101 0.3994140625 0.6301369863013698 0.3876953125 0.6536203522504892 0.369140625 0.6722113502935421 0.365234375 0.6956947162426614 0.333984375 0.7172211350293541 0.33203125 0.7270058708414873 0.3408203125 0.7348336594911937
0 0.916015625 0.7309197651663404 0.927734375 0.7318982387475538 0.943359375 0.7172211350293541 0.9443359375 0.7025440313111545 0.9248046875 0.687866927592955 0.9111328125 0.6868884540117416 0.9033203125 0.6947162426614482 0.904296875 0.7093933463796478 0.916015625 0.7309197651663404
0 0.19140625 0.5919765166340508 0.2021484375 0.5939334637964775 0.2099609375 0.5890410958904109 0.2119140625 0.5772994129158512 0.20703125 0.5675146771037182 0.1953125 0.5665362035225049 0.1884765625 0.5724070450097847 0.1865234375 0.5851272015655578 0.19140625 0.5919765166340508
0 0.232421875 0.6692759295499021 0.248046875 0.6673189823874754 0.25 0.6555772994129158 0.24609375 0.649706457925636 0.2373046875 0.6477495107632094 0.2294921875 0.6536203522504892 0.228515625 0.662426614481409 0.232421875 0.6692759295499021
0 0.2705078125 0.5684931506849316 0.2900390625 0.5782778864970646 0.2998046875 0.5753424657534246 0.3271484375 0.5469667318982387 0.3232421875 0.5293542074363992 0.298828125 0.5215264187866928 0.279296875 0.5254403131115459 0.2626953125 0.5401174168297456 0.26171875 0.5499021526418787 0.2705078125 0.5684931506849316
0 0.806640625 0.1761252446183953 0.8203125 0.175146771037182 0.8330078125 0.1643835616438356 0.83203125 0.149706457925636 0.822265625 0.14285714285714285 0.8125 0.14579256360078277 0.80078125 0.15851272015655576 0.7998046875 0.16731898238747553 0.806640625 0.1761252446183953
0 0.58203125 0.7925636007827788 0.587890625 0.8062622309197651 0.6015625 0.8140900195694716 0.61328125 0.8150684931506849 0.6259765625 0.8101761252446182 0.6435546875 0.7915851272015655 0.6435546875 0.7788649706457925 0.6337890625 0.7710371819960861 0.6044921875 0.7681017612524461 0.5869140625 0.7769080234833659 0.5810546875 0.7857142857142857 0.58203125 0.7925636007827788
0 0.865234375 0.9227005870841486 0.8740234375 0.9315068493150684 0.88671875 0.9324853228962817 0.892578125 0.9246575342465754 0.890625 0.9099804305283756 0.87890625 0.9011741682974559 0.8662109375 0.9041095890410957 0.86328125 0.9099804305283756 0.865234375 0.9227005870841486