0 0.140625 0.09686888454011741 0.1484375 0.1086105675146771 0.1640625 0.11350293542074363 0.158203125 0.13992172211350293 0.1630859375 0.15753424657534246 0.1787109375 0.18297455968688844 0.2060546875 0.1888454011741683 0.2177734375 0.1780821917808219 0.2177734375 0.15753424657534246 0.2314453125 0.14579256360078277 0.23046875 0.1360078277886497 0.2265625 0.13405088062622308 0.2373046875 0.1095890410958904 0.236328125 0.10078277886497064 0.2451171875 0.0812133072407045 0.2431640625 0.07534246575342465 0.1962890625 0.03816046966731898 0.181640625 0.03913894324853229 0.1611328125 0.051859099804305274 0.154296875 0.060665362035225046 0.140625 0.08806262230919765 0.140625 0.09686888454011741
0 0.505859375 0.16536203522504891 0.5126953125 0.17025440313111545 0.515625 0.18003913894324852 0.5302734375 0.18395303326810175 0.5341796875 0.19373776908023482 0.521484375 0.2162426614481409 0.5205078125 0.2318982387475538 0.5263671875 0.2455968688845401 0.5595703125 0.2671232876712329 0.5712890625 0.2886497064579256 0.587890625 0.29452054794520544 0.6044921875 0.29060665362035226 0.6083984375 0.2729941291585127 0.5966796875 0.2563600782778865 0.6044921875 0.23581213307240706 0.5947265625 0.21135029354207435 0.5830078125 0.20254403131115456 0.572265625 0.18493150684931506 0.5751953125 0.18199608610567514 0.572265625 0.17123287671232876 0.5849609375 0.15166340508806261 0.5810546875 0.12622309197651663 0.57421875 0.111545988258317 0.560546875 0.10469667318982387 0.54296875 0.10371819960861055 0.5205078125 0.11448140900195694 0.5048828125 0.13307240704500978 0.5009765625 0.14383561643835616 0.505859375 0.16536203522504891
0 0.3115234375 0.4432485322896282 0.3173828125 0.4500978473581213 0.3271484375 0.4510763209393346 0.34375 0.4324853228962818 0.35546875 0.42661448140900193 0.359375 0.4187866927592955 0.359375 0.40410958904109584 0.3525390625 0.3962818003913894 0.3359375 0.39041095890410954 0.3212890625 0.3913894324853229 0.3134765625 0.40117416829745595 0.3173828125 0.41976516634050876 0.3115234375 0.4432485322896282
0 0.2470703125 0.3972602739726027 0.2548828125 0.3972602739726027 0.2607421875 0.3884540117416829 0.2587890625 0.3776908023483366 0.25 0.37377690802348335 0.2421875 0.3796477495107632 0.2412109375 0.3923679060665362 0.2470703125 0.3972602739726027
0 0.470703125 0.6448140900195695 0.4931640625 0.6594911937377691 0.501953125 0.6594911937377691 0.521484375 0.6467710371819961 0.5234375 0.6203522504892367 0.5205078125 0.6037181996086105 0.4931640625 0.5978473581213307 0.474609375 0.601761252446184 0.4619140625 0.611545988258317 0.4619140625 0.6330724070450098 0.470703125 0.6448140900195695
0 0.453125 0.7475538160469667 0.4736328125 0.7475538160469667 0.4814453125 0.7397260273972602 0.4833984375 0.723091976516634 0.4736328125 0.7113502935420744 0.455078125 0.7093933463796478 0.439453125 0.7201565557729941 0.4384765625 0.7299412915851271 0.453125 0.7475538160469667
0 0.025390625 0.8962818003913894 0.033203125 0.9011741682974559 0.0615234375 0.9031311154598824 0.0673828125 0.892367906066536 0.0634765625 0.8698630136986301 0.033203125 0.847358121330724 0.021484375 0.8454011741682974 0.0205078125 0.8718199608610566 0.025390625 0.8962818003913894
0 0.9990234375 0.9677103718199609 0.9990234375 0.8962818003913894 0.986328125 0.9050880626223092 0.9775390625 0.9246575342465754 0.9794921875 0.9442270058708415 0.9990234375 0.9677103718199609
0 0.7646484375 0.7651663405088062 0.7744140625 0.7681017612524461 0.7822265625 0.7641878669275929 0.78515625 0.7583170254403131 0.7822265625 0.74559686888454 0.767578125 0.7416829745596869 0.7607421875 0.7465753424657533 0.759765625 0.7573385518590998 0.7646484375 0.7651663405088062
0 0.7265625 0.8835616438356164 0.7197265625 0.8972602739726027 0.7216796875 0.9050880626223092 0.7333984375 0.9109589041095889 0.740234375 0.9080234833659491 0.765625 0.9109589041095889 0.7548828125 0.8953033268101761 0.7548828125 0.8884540117416829 0.7685546875 0.8747553816046967 0.76953125 0.8688845401174168 0.763671875 0.8590998043052837 0.7490234375 0.8463796477495107 0.73828125 0.8424657534246576 0.7275390625 0.8444227005870841 0.720703125 0.8551859099804305 0.720703125 0.8708414872798433 0.7265625 0.8835616438356164
0 0.865234375 0.3659491193737769 0.87109375 0.36203522504892366 0.873046875 0.34833659491193736 0.869140625 0.3424657534246575 0.857421875 0.3405088062622309 0.849609375 0.34540117416829746 0.8515625 0.363013698630137 0.865234375 0.3659491193737769
0 0.880859375 0.37573385518590996 0.8955078125 0.38454011741682975 0.91796875 0.38062622309197647 0.927734375 0.3561643835616438 0.9189453125 0.33072407045009783 0.904296875 0.3219178082191781 0.880859375 0.3385518590998043 0.8740234375 0.3542074363992172 0.873046875 0.363013698630137 0.880859375 0.37573385518590996