0 0.556640625 0.25146771037182 0.5966796875 0.26614481409001955 0.5908203125 0.2925636007827789 0.5986328125 0.3062622309197652 0.6240234375 0.3082191780821918 0.65234375 0.3023483365949119 0.65625 0.30724070450097846 0.65234375 0.31604696673189825 0.654296875 0.33072407045009783 0.6630859375 0.3424657534246575 0.681640625 0.3522504892367906 0.6982421875 0.34540117416829746 0.69921875 0.27690802348336596 0.6904296875 0.2338551859099804 0.6904296875 0.2152641878669276 0.6708984375 0.18395303326810175 0.6640625 0.18003913894324852 0.6318359375 0.18101761252446183 0.6103515625 0.19960861056751467 0.59765625 0.22015655577299414 0.5703125 0.21330724070450097 0.5537109375 0.22896281800391388 0.552734375 0.24070450097847357 0.556640625 0.25146771037182
0 0.2236328125 0.5048923679060665 0.23828125 0.5058708414872799 0.26171875 0.48727984344422703 0.259765625 0.47749510763209385 0.2373046875 0.4549902152641878 0.2216796875 0.4549902152641878 0.21484375 0.46086105675146766 0.2119140625 0.4726027397260274 0.2236328125 0.5048923679060665
0 0.810546875 0.4735812133072407 0.8447265625 0.5009784735812133 0.869140625 0.5048923679060665 0.8974609375 0.48630136986301364 0.908203125 0.4735812133072407 0.9091796875 0.4471624266144814 0.904296875 0.4295499021526418 0.890625 0.4138943248532289 0.8681640625 0.40019569471624267 0.841796875 0.4021526418786692 0.8154296875 0.4246575342465754 0.8056640625 0.4403131115459883 0.8037109375 0.45401174168297453 0.810546875 0.4735812133072407
0 0.4453125 0.6673189823874754 0.4501953125 0.6868884540117416 0.4638671875 0.6927592954990215 0.4921875 0.6917808219178082 0.501953125 0.687866927592955 0.5185546875 0.7103718199608611 0.5439453125 0.7113502935420744 0.55859375 0.7015655577299412 0.576171875 0.6702544031311154 0.578125 0.6575342465753424 0.5751953125 0.6516634050880625 0.5263671875 0.6369863013698629 0.5205078125 0.6291585127201565 0.5205078125 0.608610567514677 0.5087890625 0.5880626223091976 0.47265625 0.5782778864970646 0.4599609375 0.5802348336594911 0.4541015625 0.5880626223091976 0.4560546875 0.5968688845401174 0.4453125 0.6673189823874754
0 0.4931640625 0.7720156555772995 0.5029296875 0.7749510763209393 0.525390625 0.7661448140900196 0.52734375 0.7544031311154599 0.5146484375 0.7338551859099803 0.4931640625 0.7348336594911937 0.4833984375 0.7397260273972602 0.4814453125 0.7514677103718199 0.4931640625 0.7720156555772995
0 0.2236328125 0.13111545988258316 0.2578125 0.11937377690802346 0.2646484375 0.1086105675146771 0.2509765625 0.0821917808219178 0.2392578125 0.07827788649706457 0.22265625 0.0812133072407045 0.208984375 0.10176125244618395 0.2080078125 0.11252446183953033 0.2236328125 0.13111545988258316
0 0.4453125 0.15459882583170254 0.4521484375 0.15655577299412915 0.4609375 0.15166340508806261 0.4638671875 0.136986301369863 0.45703125 0.12720156555772993 0.447265625 0.12622309197651663 0.4384765625 0.1360078277886497 0.4375 0.14383561643835616 0.4453125 0.15459882583170254
0 0.638671875 0.7583170254403131 0.6640625 0.7788649706457925 0.69921875 0.7945205479452054 0.708984375 0.8043052837573385 0.7197265625 0.8082191780821917 0.7373046875 0.8101761252446182 0.75 0.8023483365949119 0.7578125 0.7827788649706457 0.7578125 0.7632093933463796 0.748046875 0.7495107632093932 0.705078125 0.7123287671232876 0.6904296875 0.7084148727984344 0.671875 0.7142857142857142 0.6435546875 0.7142857142857142 0.634765625 0.7289628180039138 0.6337890625 0.7446183953033267 0.638671875 0.7583170254403131
0 0.6943359375 0.6917808219178082 0.70703125 0.7074363992172211 0.7275390625 0.7113502935420744 0.7431640625 0.7289628180039138 0.765625 0.7407045009784736 0.775390625 0.7446183953033267 0.7998046875 0.7446183953033267 0.8076171875 0.7495107632093932 0.8271484375 0.74853228962818 0.8447265625 0.7671232876712328 0.865234375 0.7690802348336595 0.8759765625 0.7798434442270058 0.884765625 0.7798434442270058 0.8916015625 0.786692759295499 0.9052734375 0.7876712328767124 0.9140625 0.7788649706457925 0.91796875 0.7671232876712328 0.9111328125 0.7544031311154599 0.89453125 0.74853228962818 0.875 0.7338551859099803 0.8623046875 0.7309197651663404 0.8583984375 0.7240704500978473 0.849609375 0.7201565557729941 0.849609375 0.7015655577299412 0.8662109375 0.6917808219178082 0.8798828125 0.6741682974559686 0.880859375 0.6614481409001957 0.8720703125 0.6545988258317025 0.8466796875 0.649706457925636 0.8271484375 0.6545988258317025 0.7998046875 0.6477495107632094 0.728515625 0.6487279843444227 0.701171875 0.6565557729941291 0.6865234375 0.6653620352250489 0.6865234375 0.6741682974559686 0.6943359375 0.6917808219178082
0 0.82421875 0.9256360078277887 0.8349609375 0.9266144814090019 0.84375 0.9217221135029353 0.8486328125 0.9109589041095889 0.84375 0.8972602739726027 0.8271484375 0.8933463796477495 0.818359375 0.8992172211350293 0.81640625 0.9148727984344422 0.82421875 0.9256360078277887
0 0.8466796875 0.9500978473581213 0.8662109375 0.9667318982387474 0.8779296875 0.9677103718199609 0.892578125 0.9735812133072406 0.90625 0.971624266144814 0.9443359375 0.9823874755381604 0.962890625 0.9960861056751467 0.9765625 0.9960861056751467 0.9892578125 0.9911937377690802 0.9853515625 0.971624266144814 0.95703125 0.9579256360078278 0.9453125 0.9393346379647749 0.8935546875 0.9373776908023483 0.880859375 0.9315068493150684 0.8466796875 0.9344422700587083 0.84375 0.9373776908023483 0.8466796875 0.9500978473581213
0 0.6005859375 0.8796477495107631 0.6044921875 0.8864970645792564 0.60546875 0.8864970645792564 0.6083984375 0.8904109589041095 0.6123046875 0.892367906066536 0.615234375 0.8933463796477495 0.619140625 0.8933463796477495 0.6259765625 0.8835616438356164 0.626953125 0.8776908023483365 0.6279296875 0.8767123287671232 0.6298828125 0.8698630136986301 0.6298828125 0.8669275929549901 0.62890625 0.8649706457925636 0.6259765625 0.8620352250489237 0.623046875 0.8610567514677104 0.6181640625 0.8610567514677104 0.60546875 0.8669275929549901 0.6025390625 0.8698630136986301 0.6005859375 0.8727984344422699 0.6005859375 0.8796477495107631