0 0.72265625 0.22700587084148727 0.724609375 0.2455968688845401 0.7333984375 0.2622309197651663 0.74609375 0.2759295499021526 0.7919921875 0.31017612524461835 0.8173828125 0.30919765166340507 0.8388671875 0.30039138943248533 0.859375 0.2729941291585127 0.8701171875 0.24168297455968685 0.8701171875 0.223091976516634 0.8564453125 0.18688845401174167 0.83984375 0.16927592954990214 0.814453125 0.1506849315068493 0.791015625 0.1487279843444227 0.7841796875 0.15166340508806261 0.7724609375 0.14383561643835616 0.7509765625 0.14383561643835616 0.7412109375 0.14677103718199608 0.73828125 0.15166340508806261 0.740234375 0.18395303326810175 0.72265625 0.22700587084148727
0 0.142578125 0.675146771037182 0.16796875 0.7054794520547945 0.1787109375 0.7084148727984344 0.1875 0.7025440313111545 0.23046875 0.6937377690802349 0.2724609375 0.6702544031311154 0.2802734375 0.6594911937377691 0.291015625 0.6311154598825832 0.2900390625 0.6164383561643836 0.298828125 0.6125244618395304 0.3447265625 0.6223091976516634 0.36328125 0.6301369863013698 0.3916015625 0.6301369863013698 0.421875 0.6242661448140899 0.4453125 0.6066536203522505 0.466796875 0.5675146771037182 0.46875 0.5440313111545988 0.4619140625 0.5156555772994129 0.4423828125 0.474559686888454 0.4150390625 0.45205479452054786 0.3701171875 0.43542074363992167 0.3134765625 0.43639921722113495 0.271484375 0.4569471624266145 0.2236328125 0.4921722113502935 0.19921875 0.5 0.193359375 0.5048923679060665 0.1875 0.5195694716242661 0.1748046875 0.5215264187866928 0.1748046875 0.5332681017612524 0.169921875 0.5420743639921721 0.16015625 0.5469667318982387 0.1611328125 0.5714285714285714 0.1455078125 0.608610567514677 0.138671875 0.6379647749510763 0.1376953125 0.6614481409001957 0.142578125 0.675146771037182
0 0.6767578125 0.8982387475538159 0.6708984375 0.9090019569471623 0.6650390625 0.9119373776908024 0.66015625 0.9285714285714285 0.6591796875 0.9452054794520548 0.666015625 0.9579256360078278 0.69140625 0.9814090019569471 0.7041015625 0.987279843444227 0.7412109375 0.9863013698630138 0.765625 0.9745596868884541 0.779296875 0.9559686888454012 0.7822265625 0.9246575342465754 0.7802734375 0.913894324853229 0.76953125 0.8953033268101761 0.744140625 0.8737769080234834 0.72265625 0.8727984344422699 0.712890625 0.8493150684931507 0.69921875 0.8414872798434441 0.681640625 0.8444227005870841 0.669921875 0.8620352250489237 0.669921875 0.8825831702544031 0.6767578125 0.8982387475538159
0 0.4951171875 0.7416829745596869 0.5048828125 0.7407045009784736 0.51953125 0.7201565557729941 0.5185546875 0.7064579256360078 0.5087890625 0.6996086105675146 0.498046875 0.7025440313111545 0.4931640625 0.7093933463796478 0.494140625 0.7201565557729941 0.4892578125 0.7250489236790607 0.4892578125 0.7367906066536203 0.4951171875 0.7416829745596869
0 0.5068359375 0.62133072407045 0.5341796875 0.6369863013698629 0.568359375 0.6448140900195695 0.5888671875 0.6340508806262231 0.6005859375 0.6164383561643836 0.611328125 0.5821917808219178 0.611328125 0.5714285714285714 0.5966796875 0.5420743639921721 0.6318359375 0.5019569471624266 0.6376953125 0.4911937377690802 0.6396484375 0.4755381604696673 0.6318359375 0.46086105675146766 0.6162109375 0.4500978473581213 0.5693359375 0.44911937377690797 0.5390625 0.4628180039138943 0.521484375 0.48140900195694714 0.5146484375 0.4960861056751467 0.517578125 0.5176125244618395 0.4912109375 0.5264187866927592 0.4794921875 0.5254403131115459 0.4794921875 0.5547945205479452 0.5068359375 0.62133072407045
0 0.2470703125 0.7299412915851271 0.2509765625 0.7270058708414873 0.2626953125 0.7299412915851271 0.2705078125 0.7250489236790607 0.2705078125 0.7152641878669275 0.2607421875 0.7035225048923679 0.2470703125 0.700587084148728 0.240234375 0.7054794520547945 0.240234375 0.7191780821917808 0.2470703125 0.7299412915851271
0 0.7265625 0.8072407045009784 0.744140625 0.8170254403131114 0.7578125 0.8131115459882583 0.7578125 0.8023483365949119 0.75 0.7906066536203522 0.7314453125 0.7847358121330724 0.73046875 0.7749510763209393 0.7265625 0.7720156555772995 0.7197265625 0.7778864970645791 0.7177734375 0.7827788649706457 0.7265625 0.8072407045009784
0 0.7509765625 0.850293542074364 0.75390625 0.8444227005870841 0.751953125 0.8307240704500979 0.7392578125 0.8307240704500979 0.73828125 0.8434442270058709 0.7509765625 0.850293542074364
0 0.90625 0.7847358121330724 0.9248046875 0.796477495107632 0.9326171875 0.783757338551859 0.931640625 0.7749510763209393 0.92578125 0.7681017612524461 0.9287109375 0.7534246575342466 0.943359375 0.7514677103718199 0.9462890625 0.7416829745596869 0.953125 0.735812133072407 0.9541015625 0.7270058708414873 0.9384765625 0.723091976516634 0.9287109375 0.7250489236790607 0.92578125 0.7338551859099803 0.9296875 0.7426614481409002 0.9208984375 0.74853228962818 0.9072265625 0.7495107632093932 0.8984375 0.7573385518590998 0.896484375 0.7681017612524461 0.90625 0.7847358121330724
0 0.76171875 0.3659491193737769 0.7734375 0.36497064579256355 0.7802734375 0.3590998043052837 0.7822265625 0.3473581213307241 0.7744140625 0.337573385518591 0.7626953125 0.33659491193737767 0.75390625 0.3434442270058708 0.75390625 0.35812133072407043 0.76171875 0.3659491193737769
0 0.7861328125 0.4295499021526418 0.7939453125 0.4324853228962818 0.80859375 0.4217221135029354 0.8076171875 0.4060665362035225 0.7939453125 0.3923679060665362 0.7890625 0.3767123287671233 0.7763671875 0.3776908023483366 0.771484375 0.38454011741682975 0.767578125 0.410958904109589 0.7861328125 0.4295499021526418
0 0.6064453125 0.8454011741682974 0.630859375 0.8483365949119372 0.634765625 0.8434442270058709 0.6337890625 0.8356164383561643 0.626953125 0.8307240704500979 0.60546875 0.8268101761252445 0.599609375 0.8317025440313112 0.5986328125 0.837573385518591 0.6064453125 0.8454011741682974
0 0.5771484375 0.4246575342465754 0.58203125 0.42857142857142855 0.59375 0.42857142857142855 0.5986328125 0.4217221135029354 0.595703125 0.4070450097847358 0.5869140625 0.40117416829745595 0.5791015625 0.40313111545988256 0.576171875 0.4060665362035225 0.5771484375 0.4246575342465754
0 0.7197265625 0.41682974559686886 0.728515625 0.4148727984344422 0.732421875 0.4070450097847358 0.724609375 0.3796477495107632 0.7158203125 0.3796477495107632 0.708984375 0.3923679060665362 0.7109375 0.41193737769080235 0.7197265625 0.41682974559686886
0 0.8076171875 0.9080234833659491 0.8125 0.9031311154598824 0.8076171875 0.892367906066536 0.802734375 0.8913894324853228 0.7978515625 0.8972602739726027 0.798828125 0.9080234833659491 0.8076171875 0.9080234833659491
0 0.6982421875 0.37084148727984345 0.7099609375 0.37279843444227 0.720703125 0.36888454011741684 0.7314453125 0.35518590998043054 0.73828125 0.337573385518591 0.73046875 0.33072407045009783 0.69921875 0.3395303326810176 0.6904296875 0.34637964774951074 0.689453125 0.363013698630137 0.6982421875 0.37084148727984345
0 0.734375 0.30332681017612523 0.744140625 0.30332681017612523 0.7490234375 0.299412915851272 0.7490234375 0.29452054794520544 0.7373046875 0.28180039138943247 0.7275390625 0.286692759295499 0.7255859375 0.29354207436399216 0.734375 0.30332681017612523