0 0.267578125 0.5371819960861057 0.2548828125 0.5410958904109588 0.240234375 0.5538160469667319 0.240234375 0.5655577299412916 0.2470703125 0.5704500978473581 0.275390625 0.5714285714285714 0.2861328125 0.5665362035225049 0.296875 0.5499021526418787 0.29296875 0.5303326810176124 0.306640625 0.512720156555773 0.3330078125 0.5254403131115459 0.3662109375 0.5234833659491194 0.3740234375 0.5293542074363992 0.3876953125 0.5244618395303327 0.419921875 0.49412915851272016 0.421875 0.4637964774951076 0.4287109375 0.4481409001956947 0.4091796875 0.4246575342465754 0.380859375 0.40117416829745595 0.3408203125 0.40019569471624267 0.3330078125 0.40802348336594907 0.3291015625 0.4246575342465754 0.3125 0.43542074363992167 0.3056640625 0.44520547945205474 0.29296875 0.45205479452054786 0.283203125 0.4500978473581213 0.2744140625 0.45303326810176126 0.25390625 0.4647749510763209 0.255859375 0.48140900195694714 0.248046875 0.49412915851272016 0.2490234375 0.5185909980430529 0.267578125 0.5371819960861057
0 0.5703125 0.3082191780821918 0.5810546875 0.31213307240704496 0.5947265625 0.30528375733855184 0.623046875 0.27495107632093935 0.6162109375 0.2622309197651663 0.6044921875 0.2563600782778865 0.59765625 0.2671232876712329 0.5712890625 0.27103718199608606 0.5634765625 0.28180039138943247 0.5634765625 0.30039138943248533 0.5703125 0.3082191780821918
0 0.685546875 0.27690802348336596 0.6923828125 0.2788649706457925 0.7021484375 0.2729941291585127 0.7041015625 0.26418786692759294 0.69921875 0.2563600782778865 0.6884765625 0.25440313111545987 0.681640625 0.2583170254403131 0.6787109375 0.2700587084148728 0.685546875 0.27690802348336596
0 0.5068359375 0.21330724070450097 0.5146484375 0.2172211350293542 0.5234375 0.21428571428571427 0.525390625 0.20058708414872797 0.517578125 0.19471624266144813 0.5068359375 0.19667318982387474 0.50390625 0.20254403131115456 0.5068359375 0.21330724070450097
0 0.5693359375 0.3542074363992172 0.5634765625 0.363013698630137 0.5634765625 0.37181996086105673 0.5703125 0.3933463796477495 0.57421875 0.3972602739726027 0.591796875 0.39921722113502933 0.609375 0.3933463796477495 0.6298828125 0.35518590998043054 0.623046875 0.3199608610567514 0.61328125 0.31702544031311153 0.587890625 0.32583170254403127 0.5751953125 0.3219178082191781 0.564453125 0.32974559686888455 0.5634765625 0.3395303326810176 0.5693359375 0.3542074363992172
0 0.5458984375 0.31702544031311153 0.556640625 0.31017612524461835 0.5576171875 0.29647749510763205 0.5546875 0.29158512720156554 0.5478515625 0.29060665362035226 0.5400390625 0.29354207436399216 0.533203125 0.3023483365949119 0.5341796875 0.3131115459882583 0.5458984375 0.31702544031311153
0 0.810546875 0.25244618395303325 0.8251953125 0.2602739726027397 0.8486328125 0.2602739726027397 0.859375 0.25244618395303325 0.8623046875 0.2338551859099804 0.8505859375 0.2123287671232877 0.8212890625 0.20939334637964774 0.80859375 0.2123287671232877 0.8056640625 0.2318982387475538 0.810546875 0.25244618395303325
0 0.763671875 0.3884540117416829 0.771484375 0.3933463796477495 0.7783203125 0.3923679060665362 0.78515625 0.398238747553816 0.7939453125 0.398238747553816 0.8056640625 0.39041095890410954 0.81640625 0.3884540117416829 0.8251953125 0.3776908023483366 0.8251953125 0.3679060665362035 0.8125 0.3522504892367906 0.8154296875 0.3385518590998043 0.8095703125 0.3336594911937377 0.7958984375 0.33463796477495106 0.7890625 0.34637964774951074 0.775390625 0.34637964774951074 0.76171875 0.3610567514677104 0.7587890625 0.37377690802348335 0.763671875 0.3884540117416829
0 0.841796875 0.40802348336594907 0.8486328125 0.41291585127201563 0.8623046875 0.410958904109589 0.869140625 0.40019569471624267 0.8681640625 0.3884540117416829 0.8515625 0.37279843444227 0.8369140625 0.37279843444227 0.8349609375 0.3825831702544031 0.841796875 0.40802348336594907
0 0.224609375 0.9774951076320939 0.2431640625 0.9990215264187867 0.251953125 0.9990215264187867 0.259765625 0.9921722113502934 0.2685546875 0.9745596868884541 0.26953125 0.9579256360078278 0.244140625 0.9500978473581213 0.2255859375 0.958904109589041 0.22265625 0.9647749510763208 0.224609375 0.9774951076320939
0 0.7802734375 0.6682974559686887 0.802734375 0.675146771037182 0.8134765625 0.6712328767123287 0.8134765625 0.6604696673189824 0.7958984375 0.6399217221135028 0.7861328125 0.6389432485322896 0.775390625 0.6438356164383562 0.7724609375 0.6545988258317025 0.7802734375 0.6682974559686887
0 0.7060546875 0.7142857142857142 0.724609375 0.7113502935420744 0.7509765625 0.7162426614481409 0.76171875 0.7093933463796478 0.76171875 0.7025440313111545 0.7509765625 0.697651663405088 0.734375 0.6810176125244618 0.7236328125 0.6819960861056751 0.7060546875 0.6937377690802349 0.7001953125 0.7025440313111545 0.69921875 0.7093933463796478 0.7060546875 0.7142857142857142
0 0.888671875 0.6330724070450098 0.8974609375 0.6320939334637965 0.9052734375 0.6223091976516634 0.9033203125 0.6125244618395304 0.896484375 0.6066536203522505 0.884765625 0.608610567514677 0.8798828125 0.6154598825831703 0.87890625 0.6242661448140899 0.888671875 0.6330724070450098
0 0.5654296875 0.6898238747553815 0.5830078125 0.6908023483365949 0.609375 0.6771037181996086 0.6181640625 0.6682974559686887 0.625 0.6301369863013698 0.6484375 0.6183953033268101 0.6591796875 0.6076320939334637 0.6630859375 0.5939334637964775 0.6611328125 0.5831702544031311 0.640625 0.5792563600782779 0.619140625 0.5949119373776908 0.61328125 0.6135029354207436 0.6025390625 0.6232876712328766 0.578125 0.62133072407045 0.5712890625 0.6252446183953033 0.5576171875 0.6428571428571428 0.5517578125 0.6594911937377691 0.552734375 0.6800391389432485 0.5654296875 0.6898238747553815
0 0.6806640625 0.5636007827788649 0.6953125 0.5675146771037182 0.703125 0.5626223091976517 0.7099609375 0.5743639921722112 0.720703125 0.5821917808219178 0.728515625 0.5772994129158512 0.7412109375 0.5499021526418787 0.7333984375 0.5430528375733854 0.712890625 0.5410958904109588 0.7021484375 0.5440313111545988 0.69140625 0.5313111545988258 0.6689453125 0.5430528375733854 0.6689453125 0.5499021526418787 0.6806640625 0.5636007827788649
0 0.404296875 0.7710371819960861 0.41796875 0.773972602739726 0.42578125 0.7720156555772995 0.4326171875 0.7641878669275929 0.4482421875 0.7602739726027397 0.455078125 0.74853228962818 0.4482421875 0.7338551859099803 0.42578125 0.7270058708414873 0.4169921875 0.7348336594911937 0.4013671875 0.7397260273972602 0.3974609375 0.7465753424657533 0.396484375 0.7573385518590998 0.404296875 0.7710371819960861
0 0.37109375 0.9755381604696673 0.3818359375 0.9823874755381604 0.3916015625 0.9804305283757339 0.3955078125 0.958904109589041 0.384765625 0.9520547945205479 0.3798828125 0.9393346379647749 0.3720703125 0.9393346379647749 0.361328125 0.9481409001956946 0.361328125 0.9598825831702543 0.37109375 0.9755381604696673
0 0.8125 0.07827788649706457 0.8271484375 0.07632093933463796 0.8349609375 0.0684931506849315 0.833984375 0.060665362035225046 0.826171875 0.0557729941291585 0.8125 0.0538160469667319 0.7998046875 0.05968688845401173 0.80078125 0.07045009784735812 0.8125 0.07827788649706457
0 0.9697265625 0.8688845401174168 0.97265625 0.9050880626223092 0.978515625 0.9080234833659491 0.9990234375 0.8933463796477495 0.9990234375 0.834637964774951 0.9794921875 0.8356164383561643 0.982421875 0.8512720156555773 0.9697265625 0.8688845401174168
0 0.8935546875 0.6810176125244618 0.90625 0.6859099804305283 0.9140625 0.6859099804305283 0.919921875 0.6810176125244618 0.919921875 0.6761252446183953 0.9013671875 0.6614481409001957 0.8896484375 0.6653620352250489 0.888671875 0.675146771037182 0.8935546875 0.6810176125244618
0 0.908203125 0.5557729941291585 0.9189453125 0.5499021526418787 0.921875 0.5391389432485323 0.91796875 0.5322896281800391 0.91015625 0.5303326810176124 0.900390625 0.5410958904109588 0.900390625 0.5499021526418787 0.908203125 0.5557729941291585