0 0.1982421875 0.14677103718199608 0.2021484375 0.15166340508806261 0.2197265625 0.15459882583170254 0.23046875 0.14579256360078277 0.2431640625 0.14383561643835616 0.2646484375 0.15851272015655576 0.2734375 0.16046966731898238 0.279296875 0.15753424657534246 0.2978515625 0.10273972602739725 0.294921875 0.07240704500978473 0.2900390625 0.06457925636007827 0.265625 0.06164383561643836 0.244140625 0.06457925636007827 0.2353515625 0.05870841487279843 0.2275390625 0.04207436399217221 0.21875 0.04207436399217221 0.2109375 0.046966731898238745 0.2021484375 0.08512720156555773 0.197265625 0.13307240704500978 0.1982421875 0.14677103718199608
0 0.2294921875 0.2984344422700587 0.2451171875 0.337573385518591 0.2900390625 0.37573385518590996 0.318359375 0.3786692759295499 0.3330078125 0.3590998043052837 0.359375 0.3473581213307241 0.3623046875 0.33072407045009783 0.34765625 0.30528375733855184 0.296875 0.2495107632093933 0.24609375 0.24363992172211352 0.216796875 0.26125244618395305 0.2158203125 0.2759295499021526 0.2294921875 0.2984344422700587
0 0.6474609375 0.3023483365949119 0.6611328125 0.3043052837573385 0.67578125 0.31409001956947163 0.681640625 0.324853228962818 0.708984375 0.33072407045009783 0.765625 0.324853228962818 0.77734375 0.31702544031311153 0.7861328125 0.29647749510763205 0.771484375 0.2876712328767123 0.7763671875 0.27788649706457924 0.767578125 0.2700587084148728 0.7626953125 0.2563600782778865 0.7509765625 0.2446183953033268 0.7392578125 0.24168297455968685 0.728515625 0.22602739726027393 0.7265625 0.20939334637964774 0.7060546875 0.20254403131115456 0.69140625 0.2162426614481409 0.6875 0.23483365949119372 0.66015625 0.25146771037182 0.65234375 0.26125244618395305 0.65234375 0.273972602739726 0.642578125 0.286692759295499 0.6416015625 0.29549902152641877 0.6474609375 0.3023483365949119
0 0.7705078125 0.2700587084148728 0.7666015625 0.28082191780821913 0.7734375 0.29549902152641877 0.79296875 0.31017612524461835 0.802734375 0.30724070450097846 0.8056640625 0.299412915851272 0.8017578125 0.29158512720156554 0.806640625 0.28082191780821913 0.8037109375 0.23091976516634052 0.7958984375 0.22700587084148727 0.7890625 0.22896281800391388 0.78125 0.2446183953033268 0.7666015625 0.25048923679060664 0.763671875 0.2622309197651663 0.7705078125 0.2700587084148728
0 0.828125 0.42857142857142855 0.841796875 0.42857142857142855 0.84765625 0.4217221135029354 0.8603515625 0.4246575342465754 0.859375 0.4344422700587084 0.86328125 0.4393346379647749 0.8837890625 0.446183953033268 0.8994140625 0.4295499021526418 0.908203125 0.42759295499021527 0.9248046875 0.43542074363992167 0.927734375 0.43346379647749506 0.9287109375 0.41682974559686886 0.91796875 0.40802348336594907 0.9208984375 0.40313111545988256 0.9384765625 0.3972602739726027 0.9404296875 0.38454011741682975 0.9248046875 0.36497064579256355 0.9033203125 0.36203522504892366 0.900390625 0.35518590998043054 0.888671875 0.35127201565557725 0.8583984375 0.3590998043052837 0.84765625 0.38062622309197647 0.8251953125 0.40410958904109584 0.8232421875 0.41780821917808214 0.828125 0.42857142857142855
0 0.6416015625 0.4187866927592955 0.6396484375 0.4344422700587084 0.6298828125 0.43639921722113495 0.619140625 0.44911937377690797 0.6083984375 0.45401174168297453 0.6162109375 0.4657534246575342 0.615234375 0.4804305283757338 0.640625 0.49804305283757333 0.650390625 0.4931506849315069 0.6513671875 0.47847358121330724 0.65625 0.4726027397260274 0.6767578125 0.4559686888454012 0.6806640625 0.4246575342465754 0.67578125 0.41780821917808214 0.65234375 0.40998043052837574 0.650390625 0.3962818003913894 0.6455078125 0.39041095890410954 0.634765625 0.38943248532289626 0.6279296875 0.3972602739726027 0.6298828125 0.40802348336594907 0.6416015625 0.4187866927592955
0 0.4814453125 0.5440313111545988 0.4892578125 0.5459882583170254 0.498046875 0.5401174168297456 0.4990234375 0.5313111545988258 0.4951171875 0.5254403131115459 0.484375 0.5234833659491194 0.4775390625 0.5293542074363992 0.4765625 0.5371819960861057 0.4814453125 0.5440313111545988
0 0.0078125 0.5332681017612524 0.0322265625 0.5352250489236791 0.0439453125 0.5254403131115459 0.046875 0.5146771037181995 0.0322265625 0.5009784735812133 0.015625 0.49706457925636005 0.001953125 0.5009784735812133 0 0.5283757338551859 0.0078125 0.5332681017612524
0 0.7060546875 0.74853228962818 0.71484375 0.7553816046966731 0.732421875 0.7534246575342466 0.736328125 0.7690802348336595 0.744140625 0.7769080234833659 0.755859375 0.7788649706457925 0.779296875 0.7553816046966731 0.78125 0.7407045009784736 0.79296875 0.7181996086105674 0.818359375 0.7054794520547945 0.8291015625 0.678082191780822 0.8271484375 0.6516634050880625 0.8203125 0.6438356164383562 0.810546875 0.6448140900195695 0.791015625 0.6575342465753424 0.783203125 0.6673189823874754 0.76953125 0.6634050880626223 0.76171875 0.6536203522504892 0.748046875 0.6545988258317025 0.7294921875 0.6790606653620352 0.712890625 0.6888454011741683 0.705078125 0.7074363992172211 0.6982421875 0.732876712328767 0.7060546875 0.74853228962818
0 0.47265625 0.796477495107632 0.5322265625 0.8189823874755382 0.5615234375 0.8180039138943249 0.5693359375 0.809197651663405 0.5634765625 0.7818003913894325 0.564453125 0.7573385518590998 0.5537109375 0.7475538160469667 0.4853515625 0.7573385518590998 0.4736328125 0.7622309197651662 0.462890625 0.7769080234833659 0.4619140625 0.7857142857142857 0.47265625 0.796477495107632
0 0.623046875 0.8140900195694716 0.626953125 0.8277886497064578 0.6513671875 0.8385518590998042 0.6796875 0.8307240704500979 0.6865234375 0.812133072407045 0.68359375 0.8003913894324853 0.6669921875 0.7954990215264187 0.6533203125 0.7857142857142857 0.63671875 0.7945205479452054 0.6328125 0.8062622309197651 0.623046875 0.8140900195694716
0 0.4658203125 0.6477495107632094 0.49609375 0.6399217221135028 0.501953125 0.6301369863013698 0.4970703125 0.6125244618395304 0.4892578125 0.608610567514677 0.462890625 0.6076320939334637 0.4501953125 0.6203522504892367 0.453125 0.6369863013698629 0.4658203125 0.6477495107632094
0 0.25390625 0.9520547945205479 0.2626953125 0.9598825831702543 0.30078125 0.971624266144814 0.3076171875 0.9814090019569471 0.3251953125 0.9804305283757339 0.333984375 0.971624266144814 0.3349609375 0.9628180039138943 0.3291015625 0.9461839530332681 0.3349609375 0.9197651663405088 0.33203125 0.9109589041095889 0.32421875 0.9041095890410957 0.298828125 0.9031311154598824 0.2900390625 0.8972602739726027 0.2734375 0.8962818003913894 0.2548828125 0.9031311154598824 0.248046875 0.9187866927592955 0.248046875 0.9383561643835616 0.25390625 0.9520547945205479
0 0.029296875 0.9090019569471623 0.03515625 0.913894324853229 0.0498046875 0.9119373776908024 0.0537109375 0.8933463796477495 0.05078125 0.8806262230919766 0.0361328125 0.8737769080234834 0.02734375 0.8825831702544031 0.025390625 0.8904109589041095 0.029296875 0.9090019569471623
0 0.6494140625 0.9990215264187867 0.6572265625 0.987279843444227 0.654296875 0.9784735812133072 0.64453125 0.9726027397260273 0.6357421875 0.9735812133072406 0.6279296875 0.9823874755381604 0.6259765625 0.9990215264187867 0.6494140625 0.9990215264187867