0 0.3623046875 0.6056751467710371 0.380859375 0.6164383561643836 0.4072265625 0.6105675146771037 0.4140625 0.5998043052837574 0.421875 0.5968688845401174 0.435546875 0.5998043052837574 0.4892578125 0.5870841487279843 0.5078125 0.595890410958904 0.525390625 0.598825831702544 0.537109375 0.5949119373776908 0.541015625 0.586105675146771 0.5439453125 0.547945205479452 0.53515625 0.5322896281800391 0.556640625 0.5225048923679061 0.5634765625 0.4843444227005871 0.5615234375 0.46966731898238745 0.548828125 0.4677103718199608 0.5185546875 0.4892367906066536 0.5009765625 0.4804305283757338 0.4697265625 0.47651663405088057 0.4560546875 0.4677103718199608 0.439453125 0.4716242661448141 0.4267578125 0.4804305283757338 0.3974609375 0.4843444227005871 0.396484375 0.49412915851272016 0.3798828125 0.5205479452054794 0.3818359375 0.5401174168297456 0.3779296875 0.5567514677103718 0.3583984375 0.5831702544031311 0.357421875 0.5949119373776908 0.3623046875 0.6056751467710371
0 0.3095703125 0.6585127201565557 0.3291015625 0.6643835616438356 0.3388671875 0.6614481409001957 0.3447265625 0.6545988258317025 0.3466796875 0.6360078277886496 0.341796875 0.6272015655577299 0.3359375 0.6281800391389433 0.3212890625 0.62133072407045 0.3037109375 0.62133072407045 0.29296875 0.6281800391389433 0.29296875 0.6389432485322896 0.3095703125 0.6585127201565557
0 0.1025390625 0.7602739726027397 0.123046875 0.7612524461839529 0.1337890625 0.7661448140900196 0.140625 0.7661448140900196 0.146484375 0.7602739726027397 0.14453125 0.7495107632093932 0.13671875 0.7416829745596869 0.109375 0.7377690802348337 0.09765625 0.7436399217221135 0.095703125 0.7524461839530332 0.1025390625 0.7602739726027397
0 0.837890625 0.2857142857142857 0.8486328125 0.29549902152641877 0.8642578125 0.2925636007827789 0.8798828125 0.2583170254403131 0.880859375 0.24266144814090018 0.876953125 0.2338551859099804 0.869140625 0.22602739726027393 0.8564453125 0.22700587084148727 0.8369140625 0.23972602739726026 0.833984375 0.25146771037182 0.8330078125 0.2729941291585127 0.837890625 0.2857142857142857
0 0.513671875 0.20058708414872797 0.525390625 0.20939334637964774 0.5400390625 0.20939334637964774 0.5546875 0.19960861056751467 0.560546875 0.17906066536203522 0.58203125 0.16731898238747553 0.5869140625 0.15264187866927592 0.5810546875 0.14090019569471623 0.57421875 0.1360078277886497 0.5302734375 0.14285714285714285 0.525390625 0.14677103718199608 0.5146484375 0.1771037181996086 0.51171875 0.18688845401174167 0.513671875 0.20058708414872797
0 0.3583984375 0.1350293542074364 0.3720703125 0.136986301369863 0.3876953125 0.12818003913894324 0.3876953125 0.11056751467710371 0.3671875 0.08708414872798434 0.3505859375 0.08414872798434442 0.33984375 0.09197651663405088 0.3408203125 0.111545988258317 0.3583984375 0.1350293542074364
0 0.2197265625 0.22504892367906065 0.23046875 0.23679060665362034 0.2431640625 0.23776908023483365 0.255859375 0.21330724070450097 0.2509765625 0.19275929549902152 0.240234375 0.18297455968688844 0.22265625 0.18395303326810175 0.2099609375 0.19275929549902152 0.2109375 0.2123287671232877 0.2197265625 0.22504892367906065
0 0.8232421875 0.0009784735812133072 0.82421875 0.0009784735812133072 0.826171875 0.01761252446183953 0.8271484375 0.018590998043052837 0.826171875 0.03424657534246575 0.8251953125 0.03522504892367906 0.828125 0.040117416829745595 0.833984375 0.04207436399217221 0.83984375 0.0410958904109589 0.84375 0.03913894324853229 0.84765625 0.033268101761252444 0.84765625 0.0273972602739726 0.8486328125 0.026418786692759294 0.8486328125 0.00684931506849315 0.84375 0 0.8232421875 0 0.8232421875 0.0009784735812133072
0 0.7470703125 0.04794520547945205 0.748046875 0.06360078277886497 0.75390625 0.07045009784735812 0.763671875 0.07632093933463796 0.779296875 0.07436399217221135 0.7841796875 0.06947162426614481 0.78515625 0.06555772994129158 0.79296875 0.05870841487279843 0.7939453125 0.04892367906066536 0.796875 0.043052837573385516 0.8037109375 0.036203522504892366 0.80859375 0.029354207436399216 0.80859375 0.026418786692759294 0.8173828125 0.015655577299412915 0.81640625 0.009784735812133072 0.8125 0.007827788649706457 0.8125 0 0.76171875 0 0.751953125 0.011741682974559686 0.7529296875 0.023483365949119372 0.7470703125 0.04794520547945205
0 0.83984375 0.42759295499021527 0.8466796875 0.4227005870841487 0.8466796875 0.4138943248532289 0.8408203125 0.40802348336594907 0.8330078125 0.4070450097847358 0.828125 0.41193737769080235 0.830078125 0.42563600782778865 0.83984375 0.42759295499021527
0 0.37890625 0.3923679060665362 0.38671875 0.3913894324853229 0.400390625 0.3767123287671233 0.396484375 0.3679060665362035 0.376953125 0.3610567514677104 0.365234375 0.3698630136986301 0.3662109375 0.3816046966731898 0.37890625 0.3923679060665362