0 0.9482421875 0.6477495107632094 0.9609375 0.6477495107632094 0.9755859375 0.6340508806262231 0.9736328125 0.6174168297455969 0.9619140625 0.6105675146771037 0.951171875 0.611545988258317 0.9404296875 0.6193737769080234 0.939453125 0.6311154598825832 0.9482421875 0.6477495107632094
0 0.9638671875 0.7729941291585127 0.970703125 0.7778864970645791 0.9873046875 0.7778864970645791 0.9990234375 0.786692759295499 0.9990234375 0.7270058708414873 0.9833984375 0.7240704500978473 0.96484375 0.7299412915851271 0.9609375 0.735812133072407 0.9599609375 0.7553816046966731 0.9638671875 0.7729941291585127
0 0.2060546875 0.9119373776908024 0.2158203125 0.913894324853229 0.2236328125 0.9099804305283756 0.2255859375 0.8972602739726027 0.220703125 0.8904109589041095 0.208984375 0.8884540117416829 0.201171875 0.8962818003913894 0.201171875 0.9050880626223092 0.2060546875 0.9119373776908024
0 0.150390625 0.7544031311154599 0.173828125 0.7671232876712328 0.185546875 0.7641878669275929 0.18359375 0.7093933463796478 0.1767578125 0.7054794520547945 0.1669921875 0.7064579256360078 0.142578125 0.7299412915851271 0.1416015625 0.738747553816047 0.150390625 0.7544031311154599
0 0.2763671875 0.4794520547945205 0.294921875 0.4755381604696673 0.302734375 0.4637964774951076 0.2998046875 0.44911937377690797 0.291015625 0.44129158512720157 0.271484375 0.44129158512720157 0.26171875 0.45303326810176126 0.26171875 0.4657534246575342 0.2763671875 0.4794520547945205
0 0.5302734375 0.3111545988258317 0.529296875 0.3287671232876712 0.5341796875 0.33561643835616434 0.5322265625 0.350293542074364 0.5380859375 0.35812133072407043 0.5576171875 0.36888454011741684 0.56640625 0.3679060665362035 0.6455078125 0.3277886497064579 0.654296875 0.3082191780821918 0.6650390625 0.30039138943248533 0.6796875 0.2720156555772994 0.6689453125 0.2602739726027397 0.6533203125 0.2632093933463796 0.6435546875 0.25929549902152643 0.6328125 0.26125244618395305 0.609375 0.24363992172211352 0.5810546875 0.23972602739726026 0.5673828125 0.24657534246575344 0.53515625 0.24853228962818003 0.5302734375 0.25244618395303325 0.521484375 0.273972602739726 0.5224609375 0.2925636007827789 0.5302734375 0.3111545988258317
0 0.587890625 0.21135029354207435 0.59375 0.2191780821917808 0.59765625 0.22113502935420742 0.6025390625 0.22113502935420742 0.60546875 0.22015655577299414 0.609375 0.2162426614481409 0.6103515625 0.21330724070450097 0.6103515625 0.18786692759295498 0.6044921875 0.18101761252446183 0.6005859375 0.17906066536203522 0.5947265625 0.17906066536203522 0.5888671875 0.18297455968688844 0.5869140625 0.18688845401174167 0.587890625 0.21135029354207435
0 0.62890625 0.21330724070450097 0.626953125 0.2328767123287671 0.6259765625 0.2338551859099804 0.630859375 0.24168297455968685 0.634765625 0.24363992172211352 0.6416015625 0.24363992172211352 0.6474609375 0.24070450097847357 0.6572265625 0.2279843444227006 0.66015625 0.22113502935420742 0.66015625 0.2152641878669276 0.6552734375 0.20841487279843443 0.65234375 0.20156555772994128 0.6484375 0.19765166340508805 0.64453125 0.19569471624266144 0.63671875 0.19569471624266144 0.6328125 0.19765166340508805 0.6279296875 0.20450097847358123 0.6279296875 0.2123287671232877 0.62890625 0.21330724070450097
0 0.7197265625 0.14481409001956946 0.720703125 0.14677103718199608 0.724609375 0.1487279843444227 0.73046875 0.1487279843444227 0.732421875 0.14774951076320939 0.7373046875 0.14285714285714285 0.7373046875 0.136986301369863 0.736328125 0.1350293542074364 0.7314453125 0.13111545988258316 0.7275390625 0.13013698630136986 0.7236328125 0.13209393346379647 0.7216796875 0.13405088062622308 0.7197265625 0.1379647749510763 0.7197265625 0.14481409001956946
0 0.0322265625 0.8600782778864969 0.04296875 0.8581213307240704 0.046875 0.8512720156555773 0.044921875 0.8434442270058709 0.037109375 0.8385518590998042 0.0224609375 0.8454011741682974 0.021484375 0.8522504892367906 0.0322265625 0.8600782778864969
0 0.685546875 0.08023483365949119 0.7060546875 0.07827788649706457 0.7119140625 0.07436399217221135 0.7119140625 0.0675146771037182 0.7060546875 0.06164383561643836 0.685546875 0.060665362035225046 0.6806640625 0.06360078277886497 0.6796875 0.07240704500978473 0.685546875 0.08023483365949119
0 0.9990234375 0.18199608610567514 0.9990234375 0.15459882583170254 0.986328125 0.1634050880626223 0.9873046875 0.17416829745596868 0.9990234375 0.18199608610567514
0 0.546875 0.6536203522504892 0.5546875 0.6545988258317025 0.5625 0.649706457925636 0.5634765625 0.6399217221135028 0.55859375 0.6340508806262231 0.548828125 0.6320939334637965 0.5439453125 0.6360078277886496 0.5419921875 0.6467710371819961 0.546875 0.6536203522504892
0 0.330078125 0.6536203522504892 0.359375 0.6536203522504892 0.3759765625 0.6369863013698629 0.373046875 0.6174168297455969 0.3583984375 0.6056751467710371 0.3271484375 0.6037181996086105 0.318359375 0.6076320939334637 0.3115234375 0.6193737769080234 0.3134765625 0.6389432485322896 0.330078125 0.6536203522504892