0 0.876953125 0.18101761252446183 0.88671875 0.1761252446183953 0.8974609375 0.13405088062622308 0.89453125 0.12622309197651663 0.890625 0.12328767123287672 0.880859375 0.12524461839530332 0.865234375 0.15362035225048923 0.865234375 0.17416829745596868 0.876953125 0.18101761252446183
0 0.416015625 0.4158512720156556 0.4326171875 0.41976516634050876 0.4560546875 0.4148727984344422 0.474609375 0.39921722113502933 0.5 0.4050880626223091 0.5087890625 0.40019569471624267 0.5078125 0.3923679060665362 0.4951171875 0.39041095890410954 0.4873046875 0.3835616438356164 0.484375 0.34833659491193736 0.4794921875 0.3336594911937377 0.4580078125 0.3268101761252446 0.44921875 0.3268101761252446 0.435546875 0.3336594911937377 0.4267578125 0.3561643835616438 0.416015625 0.3610567514677104 0.3984375 0.3835616438356164 0.40234375 0.4050880626223091 0.416015625 0.4158512720156556
0 0.3662109375 0.6839530332681016 0.38671875 0.6819960861056751 0.396484375 0.675146771037182 0.40625 0.6516634050880625 0.4033203125 0.6369863013698629 0.3955078125 0.6232876712328766 0.376953125 0.6174168297455969 0.365234375 0.6193737769080234 0.3583984375 0.6252446183953033 0.349609375 0.6477495107632094 0.3515625 0.6702544031311154 0.3662109375 0.6839530332681016
0 0.5341796875 0.6545988258317025 0.5498046875 0.675146771037182 0.556640625 0.6790606653620352 0.5771484375 0.6761252446183953 0.58203125 0.6682974559686887 0.5830078125 0.6536203522504892 0.5654296875 0.6369863013698629 0.5634765625 0.6291585127201565 0.5517578125 0.6242661448140899 0.5400390625 0.6320939334637965 0.541015625 0.6389432485322896 0.5341796875 0.6545988258317025
0 0.72265625 0.49706457925636005 0.7373046875 0.5048923679060665 0.74609375 0.5048923679060665 0.7578125 0.4960861056751467 0.7646484375 0.47651663405088057 0.7900390625 0.4628180039138943 0.791015625 0.44911937377690797 0.7822265625 0.4403131115459883 0.7734375 0.44129158512720157 0.7626953125 0.45205479452054786 0.7451171875 0.45792563600782776 0.73046875 0.45792563600782776 0.7158203125 0.46966731898238745 0.7138671875 0.48140900195694714 0.72265625 0.49706457925636005
0 0.8046875 0.4823874755381604 0.8173828125 0.48630136986301364 0.822265625 0.4833659491193737 0.826171875 0.47651663405088057 0.822265625 0.46183953033268105 0.8115234375 0.4589041095890411 0.7998046875 0.4657534246575342 0.798828125 0.4735812133072407 0.8046875 0.4823874755381604
0 0.1826171875 0.6389432485322896 0.1962890625 0.6223091976516634 0.197265625 0.6144814090019569 0.1884765625 0.6056751467710371 0.181640625 0.6066536203522505 0.1767578125 0.6125244618395304 0.1708984375 0.6330724070450098 0.1826171875 0.6389432485322896
0 0.111328125 0.738747553816047 0.123046875 0.7377690802348337 0.12890625 0.7299412915851271 0.1337890625 0.7113502935420744 0.1328125 0.6986301369863013 0.126953125 0.6917808219178082 0.1171875 0.6908023483365949 0.103515625 0.7025440313111545 0.1044921875 0.732876712328767 0.111328125 0.738747553816047
0 0.8896484375 0.675146771037182 0.904296875 0.6741682974559686 0.9111328125 0.6712328767123287 0.923828125 0.6438356164383562 0.9248046875 0.6330724070450098 0.91796875 0.6223091976516634 0.9052734375 0.62133072407045 0.8828125 0.6330724070450098 0.8759765625 0.6438356164383562 0.8779296875 0.6682974559686887 0.8896484375 0.675146771037182
0 0.8486328125 0.7093933463796478 0.8564453125 0.7113502935420744 0.865234375 0.7064579256360078 0.8662109375 0.6956947162426614 0.861328125 0.687866927592955 0.8544921875 0.6868884540117416 0.845703125 0.6927592954990215 0.8447265625 0.7035225048923679 0.8486328125 0.7093933463796478
0 0.3935546875 0.8238747553816047 0.4072265625 0.8189823874755382 0.412109375 0.8072407045009784 0.404296875 0.8013698630136986 0.396484375 0.8013698630136986 0.380859375 0.8101761252446182 0.380859375 0.8189823874755382 0.3935546875 0.8238747553816047
0 0.2021484375 0.13013698630136986 0.2236328125 0.13307240704500978 0.2314453125 0.12524461839530332 0.23046875 0.11545988258317026 0.2216796875 0.11056751467710371 0.1982421875 0.1095890410958904 0.1923828125 0.11545988258317026 0.193359375 0.12524461839530332 0.2021484375 0.13013698630136986
0 0.14453125 0.8659491193737768 0.1513671875 0.8649706457925636 0.16015625 0.8532289628180039 0.1572265625 0.8424657534246576 0.15234375 0.837573385518591 0.14453125 0.837573385518591 0.138671875 0.8454011741682974 0.138671875 0.8620352250489237 0.14453125 0.8659491193737768