0 0.63671875 0.5332681017612524 0.6689453125 0.5547945205479452 0.693359375 0.557729941291585 0.7216796875 0.5459882583170254 0.7353515625 0.5195694716242661 0.7451171875 0.47651663405088057 0.7333984375 0.4403131115459883 0.716796875 0.42759295499021527 0.693359375 0.41780821917808214 0.6767578125 0.4158512720156556 0.654296875 0.42759295499021527 0.6318359375 0.4500978473581213 0.6220703125 0.4882583170254403 0.62109375 0.5058708414872799 0.63671875 0.5332681017612524
0 0.396484375 0.4559686888454012 0.4091796875 0.47749510763209385 0.4111328125 0.49412915851272016 0.4150390625 0.4990215264187866 0.4423828125 0.5009784735812133 0.458984375 0.4921722113502935 0.4873046875 0.4911937377690802 0.494140625 0.46868884540117417 0.4921875 0.45303326810176126 0.498046875 0.4187866927592955 0.4912109375 0.40019569471624267 0.4873046875 0.3590998043052837 0.4833984375 0.35518590998043054 0.458984375 0.3522504892367906 0.439453125 0.36007827788649704 0.4287109375 0.36888454011741684 0.4140625 0.3933463796477495 0.40234375 0.40313111545988256 0.3955078125 0.3972602739726027 0.3935546875 0.3816046966731898 0.3857421875 0.37573385518590996 0.3720703125 0.3972602739726027 0.3740234375 0.40313111545988256 0.3681640625 0.4148727984344422 0.369140625 0.43542074363992167 0.396484375 0.4559686888454012
0 0.5537109375 0.6448140900195695 0.546875 0.6536203522504892 0.546875 0.6614481409001957 0.552734375 0.6682974559686887 0.5712890625 0.6712328767123287 0.5771484375 0.6663405088062622 0.58203125 0.6673189823874754 0.5986328125 0.6536203522504892 0.6201171875 0.6242661448140899 0.6201171875 0.5998043052837574 0.5849609375 0.5655577299412916 0.57421875 0.5655577299412916 0.5625 0.5782778864970646 0.546875 0.5851272015655578 0.5390625 0.595890410958904 0.5380859375 0.6135029354207436 0.5537109375 0.6448140900195695
0 0.37109375 0.08708414872798434 0.37109375 0.0958904109589041 0.376953125 0.10665362035225048 0.3935546875 0.10469667318982387 0.40625 0.0949119373776908 0.4169921875 0.0949119373776908 0.4228515625 0.10176125244618395 0.4248046875 0.11252446183953033 0.4326171875 0.11839530332681017 0.44921875 0.11839530332681017 0.458984375 0.11056751467710371 0.4599609375 0.09686888454011741 0.4453125 0.06653620352250489 0.4482421875 0.04500978473581213 0.435546875 0.008806262230919765 0.4072265625 0 0.400390625 0.0019569471624266144 0.3896484375 0.022504892367906065 0.3759765625 0.03522504892367906 0.3837890625 0.07436399217221135 0.37109375 0.08708414872798434
0 0.349609375 0.06360078277886497 0.353515625 0.0547945205479452 0.3515625 0.04598825831702544 0.3447265625 0.0410958904109589 0.333984375 0.04500978473581213 0.3369140625 0.05968688845401173 0.349609375 0.06360078277886497
0 0.212890625 0.02837573385518591 0.21875 0.025440313111545987 0.2236328125 0.005870841487279843 0.220703125 0 0.1923828125 0 0.1904296875 0.003913894324853229 0.1923828125 0.019569471624266144 0.212890625 0.02837573385518591
0 0.1669921875 0.010763209393346379 0.171875 0.014677103718199608 0.181640625 0.0136986301369863 0.1806640625 0 0.166015625 0 0.1669921875 0.010763209393346379
0 0.1865234375 0.21135029354207435 0.193359375 0.21037181996086102 0.1982421875 0.2035225048923679 0.1923828125 0.19569471624266144 0.1806640625 0.19960861056751467 0.1806640625 0.20645792563600782 0.1865234375 0.21135029354207435
0 0.2353515625 0.5205479452054794 0.244140625 0.5254403131115459 0.2568359375 0.5215264187866928 0.2607421875 0.5078277886497065 0.2548828125 0.5009784735812133 0.24609375 0.4960861056751467 0.2353515625 0.4960861056751467 0.2314453125 0.5009784735812133 0.23046875 0.512720156555773 0.2353515625 0.5205479452054794
0 0.2333984375 0.4921722113502935 0.2451171875 0.4911937377690802 0.240234375 0.4755381604696673 0.2333984375 0.474559686888454 0.228515625 0.4794520547945205 0.228515625 0.48630136986301364 0.2333984375 0.4921722113502935
0 0.373046875 0.6908023483365949 0.3798828125 0.6956947162426614 0.390625 0.6927592954990215 0.3955078125 0.6859099804305283 0.3935546875 0.6731898238747553 0.3837890625 0.6673189823874754 0.3720703125 0.6722113502935421 0.3701171875 0.6839530332681016 0.373046875 0.6908023483365949
0 0.5810546875 0.8679060665362035 0.5810546875 0.8835616438356164 0.5859375 0.892367906066536 0.599609375 0.8972602739726027 0.6259765625 0.8933463796477495 0.650390625 0.87573385518591 0.6689453125 0.8522504892367906 0.6650390625 0.847358121330724 0.6748046875 0.8317025440313112 0.67578125 0.8189823874755382 0.6962890625 0.7847358121330724 0.6943359375 0.7710371819960861 0.6826171875 0.7544031311154599 0.6640625 0.7446183953033267 0.6474609375 0.7592954990215264 0.65234375 0.7690802348336595 0.6474609375 0.7749510763209393 0.6484375 0.7857142857142857 0.64453125 0.7954990215264187 0.619140625 0.8033268101761252 0.615234375 0.809197651663405 0.59375 0.8140900195694716 0.578125 0.824853228962818 0.56640625 0.8395303326810175 0.5654296875 0.8522504892367906 0.5810546875 0.8679060665362035
0 0.7412109375 0.6614481409001957 0.7509765625 0.6594911937377691 0.7529296875 0.6506849315068493 0.75 0.6457925636007827 0.73828125 0.6428571428571428 0.7333984375 0.6467710371819961 0.734375 0.6575342465753424 0.7412109375 0.6614481409001957