0 0.47265625 0.3424657534246575 0.4970703125 0.34540117416829746 0.51171875 0.3414872798434442 0.5263671875 0.3277886497064579 0.5244140625 0.299412915851272 0.515625 0.2876712328767123 0.501953125 0.27984344422700586 0.5009765625 0.26418786692759294 0.4951171875 0.2563600782778865 0.4833984375 0.25733855185909976 0.47265625 0.2671232876712329 0.44921875 0.26418786692759294 0.4462890625 0.2720156555772994 0.4326171875 0.2837573385518591 0.431640625 0.31017612524461835 0.47265625 0.3424657534246575
0 0.326171875 0.37181996086105673 0.3349609375 0.40998043052837574 0.34765625 0.42857142857142855 0.3759765625 0.4403131115459883 0.4140625 0.4403131115459883 0.4296875 0.43346379647749506 0.4423828125 0.41780821917808214 0.4462890625 0.40019569471624267 0.44140625 0.38454011741682975 0.4287109375 0.36497064579256355 0.4072265625 0.34833659491193736 0.3935546875 0.3434442270058708 0.3720703125 0.3424657534246575 0.34765625 0.350293542074364 0.33984375 0.3434442270058708 0.337890625 0.3336594911937377 0.328125 0.33463796477495106 0.3193359375 0.34833659491193736 0.318359375 0.3610567514677104 0.326171875 0.37181996086105673
0 0.2421875 0.13992172211350293 0.265625 0.15557729941291584 0.2763671875 0.15459882583170254 0.28125 0.14677103718199608 0.2763671875 0.13307240704500978 0.28125 0.10567514677103718 0.26953125 0.10078277886497064 0.26171875 0.10371819960861055 0.2412109375 0.09882583170254403 0.2353515625 0.1076320939334638 0.234375 0.11545988258317026 0.2421875 0.13992172211350293
0 0.6787109375 0.3277886497064579 0.7060546875 0.34833659491193736 0.7255859375 0.34540117416829746 0.74609375 0.3238747553816047 0.748046875 0.31017612524461835 0.740234375 0.31017612524461835 0.7236328125 0.28180039138943247 0.69140625 0.2876712328767123 0.677734375 0.2974559686888454 0.67578125 0.31898238747553814 0.6787109375 0.3277886497064579
0 0.6650390625 0.46966731898238745 0.677734375 0.5107632093933463 0.7080078125 0.5401174168297456 0.7529296875 0.5538160469667319 0.78125 0.5391389432485323 0.7900390625 0.5420743639921721 0.8037109375 0.538160469667319 0.806640625 0.5322896281800391 0.8046875 0.5039138943248532 0.8134765625 0.4432485322896282 0.8076171875 0.43346379647749506 0.791015625 0.4324853228962818 0.7509765625 0.3972602739726027 0.7060546875 0.38943248532289626 0.6640625 0.3913894324853229 0.65625 0.3972602739726027 0.646484375 0.4158512720156556 0.6494140625 0.4471624266144814 0.6650390625 0.46966731898238745
0 0.5537109375 0.5772994129158512 0.5595703125 0.5802348336594911 0.5712890625 0.5772994129158512 0.5771484375 0.5684931506849316 0.576171875 0.5587084148727983 0.5673828125 0.5528375733855186 0.552734375 0.5557729941291585 0.5498046875 0.5694716242661448 0.5537109375 0.5772994129158512
0 0.5419921875 0.4569471624266145 0.552734375 0.4549902152641878 0.5537109375 0.44422700587084146 0.5419921875 0.4246575342465754 0.537109375 0.4217221135029354 0.525390625 0.4246575342465754 0.5244140625 0.4383561643835616 0.5419921875 0.4569471624266145
0 0.16015625 0.8620352250489237 0.1708984375 0.8727984344422699 0.1875 0.8786692759295498 0.19921875 0.8776908023483365 0.2158203125 0.8698630136986301 0.2265625 0.8571428571428571 0.2333984375 0.8395303326810175 0.2255859375 0.8140900195694716 0.2158203125 0.8033268101761252 0.2041015625 0.7994129158512719 0.17578125 0.8033268101761252 0.1591796875 0.8170254403131114 0.154296875 0.8268101761252445 0.154296875 0.8463796477495107 0.16015625 0.8620352250489237
0 0.869140625 0.9608610567514676 0.8828125 0.9608610567514676 0.8916015625 0.9530332681017611 0.8935546875 0.9383561643835616 0.8837890625 0.9275929549902152 0.869140625 0.9275929549902152 0.861328125 0.9354207436399216 0.859375 0.9471624266144814 0.869140625 0.9608610567514676
0 0.9208984375 0.4383561643835616 0.935546875 0.4403131115459883 0.9443359375 0.4344422700587084 0.9462890625 0.4138943248532289 0.939453125 0.4050880626223091 0.9228515625 0.4050880626223091 0.9150390625 0.4158512720156556 0.9150390625 0.4305283757338552 0.9208984375 0.4383561643835616
0 0.00390625 0.14187866927592954 0.0009765625 0.12818003913894324 0.0185546875 0.10176125244618395 0.0166015625 0.09295499021526418 0.0009765625 0.08023483365949119 0 0.1487279843444227 0.00390625 0.14187866927592954