0 0.1318359375 0.18493150684931506 0.14453125 0.18395303326810175 0.1669921875 0.17416829745596868 0.1787109375 0.15362035225048923 0.177734375 0.13992172211350293 0.1708984375 0.12720156555772993 0.154296875 0.11545988258317026 0.142578125 0.11350293542074363 0.125 0.11545988258317026 0.1123046875 0.12133072407045009 0.099609375 0.14579256360078277 0.1015625 0.16829745596868884 0.1318359375 0.18493150684931506
0 0.0419921875 0.3825831702544031 0.033203125 0.398238747553816 0 0.40900195694716246 0 0.43346379647749506 0.0302734375 0.4324853228962818 0.0380859375 0.42857142857142855 0.0419921875 0.43346379647749506 0.04296875 0.4559686888454012 0.056640625 0.4677103718199608 0.078125 0.4716242661448141 0.0927734375 0.49706457925636005 0.1064453125 0.49804305283757333 0.11328125 0.4931506849315069 0.1171875 0.4823874755381604 0.1123046875 0.4598825831702544 0.115234375 0.44227005870841485 0.1337890625 0.42074363992172203 0.140625 0.40313111545988256 0.1357421875 0.3796477495107632 0.1259765625 0.36888454011741684 0.111328125 0.36497064579256355 0.1044921875 0.3561643835616438 0.1015625 0.3424657534246575 0.0888671875 0.3336594911937377 0.0634765625 0.337573385518591 0.0478515625 0.35127201565557725 0.0400390625 0.3698630136986301 0.0419921875 0.3825831702544031
0 0.4697265625 0.7876712328767124 0.474609375 0.7925636007827788 0.4814453125 0.7945205479452054 0.4912109375 0.7906066536203522 0.498046875 0.7788649706457925 0.49609375 0.7759295499021526 0.50390625 0.7671232876712328 0.515625 0.7681017612524461 0.5302734375 0.7553816046966731 0.537109375 0.7416829745596869 0.546875 0.7377690802348337 0.5498046875 0.6898238747553815 0.5439453125 0.6712328767123287 0.53125 0.6604696673189824 0.517578125 0.6360078277886496 0.5032548828125 0.6340508806262231 0.4794921875 0.6193737769080234 0.4697265625 0.6193737769080234 0.4619140625 0.6262230919765166 0.4609375 0.6369863013698629 0.466796875 0.6467710371819961 0.466796875 0.6585127201565557 0.44921875 0.6810176125244618 0.4453125 0.6947162426614482 0.4453125 0.7211350293542074 0.4697265625 0.7876712328767124
0 0.5830078125 0.3268101761252446 0.59765625 0.34442270058708413 0.5986328125 0.3590998043052837 0.5869140625 0.3767123287671233 0.6005859375 0.3972602739726027 0.5986328125 0.423679060665362 0.607421875 0.43346379647749506 0.6162109375 0.4324853228962818 0.62109375 0.42759295499021527 0.626953125 0.4021526418786692 0.6435546875 0.3923679060665362 0.6650390625 0.39041095890410954 0.6728515625 0.3816046966731898 0.6875 0.37573385518590996 0.70703125 0.37377690802348335 0.7158203125 0.3659491193737769 0.7177734375 0.34931506849315064 0.712890625 0.3434442270058708 0.697265625 0.35127201565557725 0.6865234375 0.34833659491193736 0.6640625 0.350293542074364 0.654296875 0.3395303326810176 0.6396484375 0.34442270058708413 0.6318359375 0.35518590998043054 0.623046875 0.35518590998043054 0.603515625 0.33659491193737767 0.5927734375 0.30724070450097846 0.58203125 0.3013698630136986 0.5693359375 0.30724070450097846 0.572265625 0.32093933463796476 0.5830078125 0.3268101761252446
0 0.71875 0.5117416829745596 0.7294921875 0.5185909980430529 0.75390625 0.5215264187866928 0.759765625 0.5283757338551859 0.76953125 0.5264187866927592 0.775390625 0.5009784735812133 0.76171875 0.4755381604696673 0.7451171875 0.4657534246575342 0.720703125 0.4657534246575342 0.716796875 0.47064579256360073 0.71484375 0.5009784735812133 0.71875 0.5117416829745596
0 0.8544921875 0.2074363992172211 0.86328125 0.22700587084148727 0.8740234375 0.24168297455968685 0.88671875 0.2495107632093933 0.9013671875 0.25146771037182 0.9140625 0.24853228962818003 0.9326171875 0.23483365949119372 0.94140625 0.223091976516634 0.9423828125 0.19275929549902152 0.9228515625 0.16829745596868884 0.916015625 0.15459882583170254 0.9150390625 0.13894324853228962 0.9052734375 0.12720156555772993 0.890625 0.12915851272015655 0.8828125 0.1350293542074364 0.8798828125 0.1506849315068493 0.8681640625 0.16046966731898238 0.8642578125 0.18199608610567514 0.8564453125 0.1888454011741683 0.8583984375 0.19373776908023482 0.8544921875 0.2074363992172211
0 0.7314453125 0.15557729941291584 0.7392578125 0.16144814090019569 0.7802734375 0.1634050880626223 0.8017578125 0.1771037181996086 0.8173828125 0.17318982387475537 0.82421875 0.1643835616438356 0.82421875 0.1506849315068493 0.8125 0.14187866927592954 0.80859375 0.13274657534246576 0.8095703125 0.11056751467710371 0.8037109375 0.08512720156555773 0.79296875 0.07436399217221135 0.7763671875 0.07045009784735812 0.7587890625 0.07240704500978473 0.7158203125 0.09197651663405088 0.7109375 0.09980430528375733 0.708984375 0.12328767123287672 0.7314453125 0.15557729941291584
0 0.5390625 0.28082191780821913 0.5458984375 0.27984344422700586 0.5517578125 0.2720156555772994 0.55078125 0.25440313111545987 0.5439453125 0.25146771037182 0.53125 0.25929549902152643 0.5322265625 0.2759295499021526 0.5390625 0.28082191780821913
0 0.177734375 0.1223091976516634 0.1904296875 0.12328767123287672 0.19921875 0.11741682974559686 0.2001953125 0.1076320939334638 0.193359375 0.09784735812133072 0.1826171875 0.0958904109589041 0.173828125 0.10273972602739725 0.1728515625 0.11448140900195694 0.177734375 0.1223091976516634
0 0.9501953125 0.8082191780821917 0.9619140625 0.8072407045009784 0.98046875 0.7925636007827788 0.9775390625 0.7729941291585127 0.9638671875 0.7651663405088062 0.939453125 0.7671232876712328 0.9287109375 0.7759295499021526 0.9306640625 0.7954990215264187 0.9501953125 0.8082191780821917
0 0.9599609375 0.5283757338551859 0.970703125 0.5303326810176124 0.9775390625 0.5273972602739725 0.98046875 0.5156555772994129 0.9765625 0.5088062622309197 0.966796875 0.5058708414872799 0.958984375 0.509784735812133 0.9560546875 0.5225048923679061 0.9599609375 0.5283757338551859
0 0.7578125 0.41976516634050876 0.771484375 0.4217221135029354 0.77734375 0.40117416829745595 0.7783203125 0.37279843444227 0.7685546875 0.36203522504892366 0.75390625 0.363013698630137 0.7490234375 0.37181996086105673 0.75 0.40998043052837574 0.7578125 0.41976516634050876
0 0.3603515625 0.12328767123287672 0.3759765625 0.12133072407045009 0.3896484375 0.111545988258317 0.388671875 0.10469667318982387 0.3798828125 0.10078277886497064 0.35546875 0.10665362035225048 0.3544921875 0.11643835616438356 0.3603515625 0.12328767123287672
0 0.1376953125 0.24266144814090018 0.150390625 0.2446183953033268 0.16015625 0.23972602739726026 0.1640625 0.2279843444227006 0.158203125 0.2152641878669276 0.1455078125 0.21037181996086102 0.1328125 0.21819960861056747 0.130859375 0.23679060665362034 0.1376953125 0.24266144814090018
0 0.185546875 0.2984344422700587 0.2001953125 0.3013698630136986 0.2236328125 0.2974559686888454 0.2373046875 0.2827788649706458 0.2392578125 0.26614481409001955 0.234375 0.25048923679060664 0.208984375 0.2279843444227006 0.193359375 0.22504892367906065 0.1826171875 0.22896281800391388 0.1748046875 0.24853228962818003 0.1728515625 0.28082191780821913 0.185546875 0.2984344422700587
0 0.6357421875 0.611545988258317 0.6513671875 0.62133072407045 0.6669921875 0.6203522504892367 0.68359375 0.601761252446184 0.6787109375 0.5792563600782779 0.671875 0.5704500978473581 0.662109375 0.5675146771037182 0.6435546875 0.5704500978473581 0.6328125 0.5812133072407045 0.630859375 0.5890410958904109 0.6298828125 0.5998043052837574 0.6357421875 0.611545988258317