0 0.3017578125 0.45401174168297453 0.3203125 0.4667318982387475 0.337890625 0.48630136986301364 0.3583984375 0.4882583170254403 0.3798828125 0.4804305283757338 0.3916015625 0.4735812133072407 0.4150390625 0.4471624266144814 0.4140625 0.4138943248532289 0.404296875 0.38551859099804303 0.36328125 0.363013698630137 0.298828125 0.3522504892367906 0.2900390625 0.3590998043052837 0.2744140625 0.3972602739726027 0.2744140625 0.41780821917808214 0.3017578125 0.45401174168297453
0 0.75 0.9031311154598824 0.7880859375 0.9217221135029353 0.7998046875 0.9363992172211351 0.8134765625 0.9373776908023483 0.82421875 0.9452054794520548 0.8310546875 0.9432485322896282 0.8310546875 0.9168297455968688 0.82421875 0.9109589041095889 0.8115234375 0.9090019569471623 0.802734375 0.9011741682974559 0.7978515625 0.8816046966731899 0.7822265625 0.863013698630137 0.7724609375 0.8424657534246576 0.759765625 0.8395303326810175 0.736328125 0.8659491193737768 0.736328125 0.8796477495107631 0.75 0.9031311154598824
0 0.4130859375 0.8532289628180039 0.4267578125 0.8561643835616438 0.435546875 0.850293542074364 0.4375 0.8395303326810175 0.4287109375 0.8268101761252445 0.4189453125 0.824853228962818 0.4091796875 0.8317025440313112 0.4072265625 0.8454011741682974 0.4130859375 0.8532289628180039
0 0.181640625 0.48532289628180036 0.189453125 0.4833659491193737 0.2001953125 0.4667318982387475 0.2001953125 0.4598825831702544 0.1904296875 0.4471624266144814 0.1767578125 0.44911937377690797 0.1669921875 0.4598825831702544 0.169921875 0.47749510763209385 0.181640625 0.48532289628180036
0 0.1435546875 0.4735812133072407 0.1591796875 0.474559686888454 0.1640625 0.4716242661448141 0.1669921875 0.4549902152641878 0.1611328125 0.4471624266144814 0.1484375 0.44520547945205474 0.13671875 0.45303326810176126 0.1357421875 0.4598825831702544 0.1435546875 0.4735812133072407
0 0.744140625 0.6741682974559686 0.7587890625 0.6712328767123287 0.763671875 0.6594911937377691 0.7919921875 0.6457925636007827 0.8037109375 0.6604696673189824 0.806640625 0.6790606653620352 0.8212890625 0.6908023483365949 0.8232421875 0.7015655577299412 0.8466796875 0.700587084148728 0.859375 0.7054794520547945 0.87109375 0.6956947162426614 0.87109375 0.6859099804305283 0.86328125 0.6771037181996086 0.859375 0.6643835616438356 0.8466796875 0.6545988258317025 0.8466796875 0.6467710371819961 0.8388671875 0.6389432485322896 0.8408203125 0.6223091976516634 0.837890625 0.6135029354207436 0.8193359375 0.5998043052837574 0.826171875 0.573385518590998 0.8154296875 0.5616438356164383 0.806640625 0.560665362035225 0.787109375 0.5675146771037182 0.7724609375 0.5655577299412916 0.76171875 0.573385518590998 0.744140625 0.573385518590998 0.7373046875 0.5802348336594911 0.734375 0.595890410958904 0.7373046875 0.6144814090019569 0.72265625 0.62133072407045 0.7158203125 0.6301369863013698 0.71875 0.6487279843444227 0.744140625 0.6741682974559686
0 0.6044921875 0.5900195694716242 0.6083984375 0.6037181996086105 0.6240234375 0.6154598825831703 0.6318359375 0.6154598825831703 0.638671875 0.6056751467710371 0.650390625 0.6037181996086105 0.6572265625 0.5968688845401174 0.6552734375 0.5890410958904109 0.6259765625 0.560665362035225 0.607421875 0.5596868884540117 0.59375 0.5743639921722112 0.591796875 0.5870841487279843 0.6044921875 0.5900195694716242
0 0.6298828125 0.6457925636007827 0.640625 0.6457925636007827 0.6484375 0.6369863013698629 0.638671875 0.6232876712328766 0.625 0.6281800391389433 0.623046875 0.6389432485322896 0.6298828125 0.6457925636007827
0 0.4658203125 0.4726027397260274 0.4794921875 0.47749510763209385 0.4833984375 0.4598825831702544 0.4794921875 0.44911937377690797 0.4716796875 0.44227005870841485 0.458984375 0.44227005870841485 0.4560546875 0.4500978473581213 0.4658203125 0.4726027397260274
0 0.49609375 0.47651663405088057 0.515625 0.474559686888454 0.5263671875 0.4383561643835616 0.5185546875 0.4315068493150685 0.498046875 0.4315068493150685 0.490234375 0.44520547945205474 0.48828125 0.44911937377690797 0.49609375 0.47651663405088057
0 0.7265625 0.3268101761252446 0.8017578125 0.34931506849315064 0.82421875 0.3473581213307241 0.8330078125 0.3385518590998043 0.8349609375 0.32289628180039137 0.83203125 0.31702544031311153 0.806640625 0.3023483365949119 0.73046875 0.2886497064579256 0.71484375 0.2896281800391389 0.7099609375 0.29452054794520544 0.7119140625 0.3062622309197652 0.7265625 0.3268101761252446
0 0.013671875 0.8258317025440313 0.0224609375 0.8277886497064578 0.0322265625 0.8199608610567515 0.0322265625 0.8131115459882583 0.025390625 0.8033268101761252 0.0263671875 0.7906066536203522 0.01953125 0.7857142857142857 0.0126953125 0.793542074363992 0.0107421875 0.8189823874755382 0.013671875 0.8258317025440313