0 0.2607421875 0.299412915851272 0.26171875 0.30919765166340507 0.2744140625 0.3199608610567514 0.29296875 0.31898238747553814 0.30078125 0.30919765166340507 0.2998046875 0.29354207436399216 0.2861328125 0.2827788649706458 0.2734375 0.26125244618395305 0.2646484375 0.26125244618395305 0.2626953125 0.26614481409001955 0.2685546875 0.2827788649706458 0.2607421875 0.299412915851272
0 0.3310546875 0.5704500978473581 0.3583984375 0.5782778864970646 0.369140625 0.5753424657534246 0.373046875 0.5704500978473581 0.376953125 0.5616438356164383 0.376953125 0.5459882583170254 0.361328125 0.5273972602739725 0.3486328125 0.5215264187866928 0.3349609375 0.5225048923679061 0.32421875 0.5273972602739725 0.3193359375 0.5362035225048923 0.3193359375 0.550880626223092 0.3310546875 0.5704500978473581
0 0.2314453125 0.5332681017612524 0.2275390625 0.5430528375733854 0.2333984375 0.5528375733855186 0.240234375 0.5567514677103718 0.25390625 0.5528375733855186 0.259765625 0.5459882583170254 0.2607421875 0.5352250489236791 0.2470703125 0.5234833659491194 0.244140625 0.5117416829745596 0.23828125 0.5068493150684932 0.2314453125 0.5068493150684932 0.224609375 0.5156555772994129 0.224609375 0.5254403131115459 0.2314453125 0.5332681017612524
0 0.2119140625 0.4647749510763209 0.22265625 0.4716242661448141 0.234375 0.4726027397260274 0.234375 0.46183953033268105 0.2216796875 0.4481409001956947 0.212890625 0.446183953033268 0.208984375 0.44911937377690797 0.20703125 0.4569471624266145 0.2119140625 0.4647749510763209
0 0.3583984375 0.39921722113502933 0.359375 0.41193737769080235 0.37109375 0.42074363992172203 0.3876953125 0.41780821917808214 0.4072265625 0.40410958904109584 0.41796875 0.3943248532289628 0.423828125 0.3825831702544031 0.43359375 0.37573385518590996 0.451171875 0.3776908023483366 0.4599609375 0.3953033268101761 0.474609375 0.40410958904109584 0.4736328125 0.4138943248532289 0.4775390625 0.4187866927592955 0.4873046875 0.41976516634050876 0.4951171875 0.4138943248532289 0.4892578125 0.3786692759295499 0.466796875 0.36497064579256355 0.466796875 0.3473581213307241 0.494140625 0.3268101761252446 0.501953125 0.324853228962818 0.5029296875 0.31702544031311153 0.51171875 0.30919765166340507 0.515625 0.29647749510763205 0.515625 0.2690802348336595 0.505859375 0.25048923679060664 0.494140625 0.23776908023483365 0.4951171875 0.2279843444227006 0.5048828125 0.20939334637964774 0.5048828125 0.20058708414872797 0.498046875 0.16829745596868884 0.4931640625 0.16046966731898238 0.4736328125 0.15557729941291584 0.458984375 0.1634050880626223 0.4541015625 0.18786692759295498 0.4619140625 0.21037181996086102 0.4638671875 0.2318982387475538 0.44140625 0.2446183953033268 0.423828125 0.24657534246575344 0.408203125 0.2583170254403131 0.404296875 0.2788649706457925 0.408203125 0.31604696673189825 0.40625 0.33268101761252444 0.388671875 0.350293542074364 0.37109375 0.3561643835616438 0.3515625 0.3698630136986301 0.3505859375 0.3835616438356164 0.3583984375 0.39921722113502933
0 0.4619140625 0.4471624266144814 0.47265625 0.44911937377690797 0.478515625 0.44520547945205474 0.48046875 0.43346379647749506 0.4755859375 0.42759295499021527 0.4658203125 0.42661448140900193 0.4580078125 0.4324853228962818 0.4580078125 0.4432485322896282 0.4619140625 0.4471624266144814
0 0.541015625 0.5313111545988258 0.552734375 0.5303326810176124 0.5537109375 0.5234833659491194 0.5498046875 0.5176125244618395 0.53515625 0.5166340508806262 0.533203125 0.5195694716242661 0.541015625 0.5313111545988258
0 0.5791015625 0.5518590998043053 0.5849609375 0.5567514677103718 0.59375 0.5557729941291585 0.5986328125 0.5489236790606653 0.5966796875 0.5401174168297456 0.5927734375 0.5362035225048923 0.5810546875 0.5371819960861057 0.5771484375 0.5410958904109588 0.5791015625 0.5518590998043053
0 0.3798828125 0.6320939334637965 0.3876953125 0.6311154598825832 0.390625 0.62133072407045 0.38671875 0.6135029354207436 0.373046875 0.6154598825831703 0.373046875 0.6272015655577299 0.3798828125 0.6320939334637965
0 0.400390625 0.6457925636007827 0.4072265625 0.6428571428571428 0.41015625 0.6330724070450098 0.4052734375 0.6242661448140899 0.396484375 0.6223091976516634 0.3896484375 0.6291585127201565 0.3935546875 0.6428571428571428 0.400390625 0.6457925636007827
0 0.681640625 0.7906066536203522 0.7060546875 0.7945205479452054 0.71875 0.7906066536203522 0.720703125 0.7778864970645791 0.736328125 0.7700587084148728 0.740234375 0.7641878669275929 0.7421875 0.7289628180039138 0.734375 0.723091976516634 0.7236328125 0.7250489236790607 0.697265625 0.7544031311154599 0.6884765625 0.7553816046966731 0.681640625 0.7622309197651662 0.677734375 0.7788649706457925 0.681640625 0.7906066536203522
0 0.517578125 0.958904109589041 0.5283203125 0.9579256360078278 0.5361328125 0.9481409001956946 0.5341796875 0.9383561643835616 0.5263671875 0.9315068493150684 0.5185546875 0.9315068493150684 0.509765625 0.9383561643835616 0.5087890625 0.9500978473581213 0.517578125 0.958904109589041
0 0.759765625 0.8317025440313112 0.7685546875 0.8307240704500979 0.7734375 0.824853228962818 0.771484375 0.8101761252446182 0.7744140625 0.7984344422700587 0.771484375 0.7906066536203522 0.7666015625 0.7857142857142857 0.7587890625 0.7857142857142857 0.7490234375 0.793542074363992 0.7509765625 0.8258317025440313 0.759765625 0.8317025440313112
0 0.734375 0.25733855185909976 0.744140625 0.2602739726027397 0.751953125 0.25538160469667315 0.7548828125 0.24168297455968685 0.7490234375 0.2338551859099804 0.7373046875 0.2328767123287671 0.7314453125 0.23776908023483365 0.7294921875 0.2495107632093933 0.734375 0.25733855185909976
0 0.8623046875 0.4403131115459883 0.8837890625 0.4500978473581213 0.8984375 0.44911937377690797 0.900390625 0.4383561643835616 0.8935546875 0.4246575342465754 0.8837890625 0.42074363992172203 0.8623046875 0.4246575342465754 0.8583984375 0.42857142857142855 0.8623046875 0.4403131115459883
0 0.5712890625 0.29354207436399216 0.5869140625 0.2896281800391389 0.5927734375 0.2788649706457925 0.591796875 0.2690802348336595 0.5810546875 0.2583170254403131 0.5634765625 0.2602739726027397 0.5546875 0.26614481409001955 0.5390625 0.2651663405088062 0.53515625 0.2700587084148728 0.537109375 0.28180039138943247 0.5712890625 0.29354207436399216
0 0.6083984375 0.030332681017612523 0.61328125 0.029354207436399216 0.615234375 0.0273972602739726 0.615234375 0.02446183953033268 0.6162109375 0.022504892367906065 0.6123046875 0.01761252446183953 0.611328125 0.018590998043052837 0.6083984375 0.018590998043052837 0.60546875 0.021526418786692758 0.6044921875 0.025440313111545987 0.6083984375 0.030332681017612523
0 0.966796875 0.15362035225048923 0.9736328125 0.1506849315068493 0.974609375 0.14285714285714285 0.9658203125 0.13209393346379647 0.9541015625 0.136986301369863 0.9560546875 0.1487279843444227 0.966796875 0.15362035225048923
0 0.9423828125 0.11937377690802346 0.94921875 0.11937377690802346 0.9638671875 0.0949119373776908 0.9638671875 0.07925636007827788 0.9521484375 0.07827788649706457 0.9384765625 0.09393346379647749 0.9345703125 0.111545988258317 0.9423828125 0.11937377690802346
0 0.80859375 0.35518590998043054 0.80859375 0.3639921722113503 0.8173828125 0.36692759295499017 0.82421875 0.36203522504892366 0.8326826171875 0.33789921722113503 0.8486328125 0.3238747553816047 0.8544921875 0.29354207436399216 0.8447265625 0.286692759295499 0.81640625 0.2974559686888454 0.8095703125 0.3062622309197652 0.806640625 0.3219178082191781 0.8037109375 0.34833659491193736 0.80859375 0.35518590998043054