0 0.1015625 0.36692759295499017 0.1123046875 0.36888454011741684 0.1201171875 0.363013698630137 0.1220703125 0.350293542074364 0.1162109375 0.3414872798434442 0.10546875 0.3414872798434442 0.0966796875 0.34833659491193736 0.0947265625 0.35812133072407043 0.1015625 0.36692759295499017
0 0.1982421875 0.20156555772994128 0.2529296875 0.2054794520547945 0.2685546875 0.21135029354207435 0.2802734375 0.22113502935420742 0.2978515625 0.22211350293542073 0.3056640625 0.2172211350293542 0.3125 0.20254403131115456 0.3408203125 0.16927592954990214 0.3447265625 0.15949119373776907 0.3251953125 0.13307240704500978 0.29296875 0.11741682974559686 0.27734375 0.1223091976516634 0.2568359375 0.14285714285714285 0.244140625 0.1487279843444227 0.2265625 0.13405088062622308 0.203125 0.13209393346379647 0.189453125 0.14383561643835616 0.181640625 0.16144814090019569 0.1806640625 0.1780821917808219 0.1982421875 0.20156555772994128
0 0.8115234375 0.5812133072407045 0.833984375 0.5978473581213307 0.859375 0.6076320939334637 0.87890625 0.6076320939334637 0.8935546875 0.595890410958904 0.90234375 0.5968688845401174 0.9140625 0.6056751467710371 0.916015625 0.6154598825831703 0.935546875 0.6369863013698629 0.9755859375 0.6467710371819961 0.9873046875 0.6399217221135028 0.990234375 0.6125244618395304 0.9873046875 0.601761252446184 0.9833984375 0.5968688845401174 0.9521484375 0.5870841487279843 0.94140625 0.5772994129158512 0.923828125 0.557729941291585 0.90625 0.5244618395303327 0.890625 0.5048923679060665 0.859375 0.4931506849315069 0.841796875 0.4990215264187866 0.8212890625 0.5088062622309197 0.798828125 0.5401174168297456 0.7978515625 0.550880626223092 0.8115234375 0.5812133072407045
0 0.876953125 0.6291585127201565 0.8857421875 0.6301369863013698 0.89453125 0.6203522504892367 0.89453125 0.6125244618395304 0.888671875 0.6066536203522505 0.8740234375 0.6154598825831703 0.8720703125 0.62133072407045 0.876953125 0.6291585127201565
0 0.875 0.675146771037182 0.8896484375 0.675146771037182 0.8955078125 0.6692759295499021 0.896484375 0.6585127201565557 0.88671875 0.6477495107632094 0.8798828125 0.6457925636007827 0.87109375 0.6565557729941291 0.8701171875 0.6673189823874754 0.875 0.675146771037182
0 0.8447265625 0.6731898238747553 0.8564453125 0.6712328767123287 0.8583984375 0.6594911937377691 0.8525390625 0.6526418786692758 0.8447265625 0.6526418786692758 0.83984375 0.6575342465753424 0.837890625 0.6643835616438356 0.8447265625 0.6731898238747553
0 0.8310546875 0.6868884540117416 0.8369140625 0.6868884540117416 0.84375 0.675146771037182 0.83984375 0.6673189823874754 0.830078125 0.6643835616438356 0.8232421875 0.6702544031311154 0.8232421875 0.6800391389432485 0.8310546875 0.6868884540117416
0 0.814453125 0.7133072407045009 0.826171875 0.7142857142857142 0.83203125 0.7093933463796478 0.8349609375 0.6947162426614482 0.8232421875 0.6829745596868884 0.81640625 0.6839530332681016 0.8076171875 0.6956947162426614 0.806640625 0.7025440313111545 0.814453125 0.7133072407045009
0 0.490234375 0.9579256360078278 0.50390625 0.9559686888454012 0.5126953125 0.9442270058708415 0.509765625 0.9266144814090019 0.4990234375 0.9197651663405088 0.484375 0.9217221135029353 0.474609375 0.933463796477495 0.4755859375 0.949119373776908 0.490234375 0.9579256360078278
0 0.2763671875 0.9197651663405088 0.294921875 0.9285714285714285 0.3037109375 0.9285714285714285 0.30859375 0.9178082191780822 0.294921875 0.8845401174168297 0.28515625 0.8825831702544031 0.2744140625 0.8943248532289628 0.2724609375 0.9109589041095889 0.2763671875 0.9197651663405088
0 0.21484375 0.8943248532289628 0.22265625 0.8953033268101761 0.232421875 0.8894324853228962 0.2314453125 0.8806262230919766 0.224609375 0.87573385518591 0.2080078125 0.8786692759295498 0.2060546875 0.8904109589041095 0.21484375 0.8943248532289628
0 0.078125 0.9569471624266145 0.083984375 0.9422700587084147 0.0771484375 0.9393346379647749 0.068359375 0.9461839530332681 0.0693359375 0.9549902152641877 0.078125 0.9569471624266145