0 0.517578125 0.08512720156555773 0.5302734375 0.08806262230919765 0.5400390625 0.07827788649706457 0.560546875 0.07045009784735812 0.560546875 0.0557729941291585 0.5556640625 0.04892367906066536 0.548828125 0.046966731898238745 0.5361328125 0.05968688845401173 0.5244140625 0.05968688845401173 0.517578125 0.06457925636007827 0.5146484375 0.07045009784735812 0.517578125 0.08512720156555773
0 0.39453125 0.2984344422700587 0.4248046875 0.3082191780821918 0.4365234375 0.30332681017612523 0.4384765625 0.29158512720156554 0.44921875 0.2720156555772994 0.44921875 0.2446183953033268 0.443359375 0.23581213307240706 0.4140625 0.23581213307240706 0.3955078125 0.24755381604696672 0.388671875 0.2602739726027397 0.38671875 0.2788649706457925 0.39453125 0.2984344422700587
0 0.3759765625 0.31409001956947163 0.38671875 0.33463796477495106 0.4033203125 0.34442270058708413 0.4150390625 0.3414872798434442 0.41796875 0.32974559686888455 0.4091796875 0.31213307240704496 0.3896484375 0.3013698630136986 0.3798828125 0.3023483365949119 0.3759765625 0.3062622309197652 0.3759765625 0.31409001956947163
0 0.3212890625 0.2651663405088062 0.3681640625 0.2720156555772994 0.38671875 0.2602739726027397 0.40234375 0.24070450097847357 0.40625 0.2299412915851272 0.3994140625 0.22211350293542073 0.3818359375 0.22602739726027393 0.36328125 0.22015655577299414 0.328125 0.23776908023483365 0.3203125 0.2534246575342466 0.3212890625 0.2651663405088062
0 0.875 0.17906066536203522 0.8740234375 0.18786692759295498 0.8681640625 0.1917808219178082 0.8662109375 0.19863013698630136 0.8681640625 0.20645792563600782 0.873046875 0.20939334637964774 0.8798828125 0.20939334637964774 0.8857421875 0.2074363992172211 0.8896484375 0.2035225048923679 0.9072265625 0.175146771037182 0.912109375 0.17025440313111545 0.9150390625 0.1634050880626223 0.9150390625 0.1487279843444227 0.912109375 0.14285714285714285 0.904296875 0.1360078277886497 0.8916015625 0.13405088062622308 0.87890625 0.13894324853228962 0.8740234375 0.14383561643835616 0.869140625 0.15362035225048923 0.869140625 0.16536203522504891 0.875 0.17906066536203522
0 0.7431640625 0.8864970645792564 0.7607421875 0.8953033268101761 0.771484375 0.892367906066536 0.7744140625 0.8835616438356164 0.771484375 0.8727984344422699 0.7626953125 0.8688845401174168 0.7421875 0.8727984344422699 0.740234375 0.8825831702544031 0.7431640625 0.8864970645792564
0 0.67578125 0.9119373776908024 0.6826171875 0.9129158512720157 0.689453125 0.9060665362035225 0.689453125 0.8972602739726027 0.6826171875 0.8913894324853228 0.6748046875 0.8933463796477495 0.6708984375 0.9060665362035225 0.67578125 0.9119373776908024
0 0.7919921875 0.9500978473581213 0.7998046875 0.9500978473581213 0.8017578125 0.933463796477495 0.7958984375 0.9295499021526418 0.787109375 0.9315068493150684 0.787109375 0.9452054794520548 0.7919921875 0.9500978473581213
0 0.283203125 0.958904109589041 0.294921875 0.9540117416829744 0.302734375 0.9363992172211351 0.2998046875 0.9236790606653621 0.283203125 0.9217221135029353 0.2734375 0.9442270058708415 0.275390625 0.9579256360078278 0.283203125 0.958904109589041
0 0.94921875 0.863013698630137 0.9619140625 0.8620352250489237 0.990234375 0.8493150684931507 0.9990234375 0.8414872798434441 0.9990234375 0.783757338551859 0.984375 0.7798434442270058 0.9775390625 0.7876712328767124 0.9765625 0.8013698630136986 0.962890625 0.8062622309197651 0.9521484375 0.8199608610567515 0.9384765625 0.8268101761252445 0.93359375 0.8336594911937377 0.935546875 0.8551859099804305 0.94921875 0.863013698630137
0 0.517578125 0.5782778864970646 0.5048828125 0.5978473581213307 0.513671875 0.6369863013698629 0.525390625 0.6536203522504892 0.5400390625 0.6565557729941291 0.521484375 0.6917808219178082 0.521484375 0.6986301369863013 0.5283203125 0.7054794520547945 0.52734375 0.7172211350293541 0.521484375 0.7270058708414873 0.5244140625 0.7407045009784736 0.5458984375 0.7553816046966731 0.5361328125 0.7769080234833659 0.5390625 0.7798434442270058 0.548828125 0.7778864970645791 0.560546875 0.7857142857142857 0.5615234375 0.7925636007827788 0.5830078125 0.8258317025440313 0.5947265625 0.8287671232876711 0.61328125 0.8434442270058709 0.6484375 0.850293542074364 0.677734375 0.8414872798434441 0.6826171875 0.8307240704500979 0.669921875 0.7681017612524461 0.6748046875 0.74853228962818 0.6533203125 0.732876712328767 0.6533203125 0.6741682974559686 0.6376953125 0.6536203522504892 0.62109375 0.608610567514677 0.61328125 0.5499021526418787 0.6181640625 0.5166340508806262 0.6123046875 0.4921722113502935 0.6015625 0.48532289628180036 0.5888671875 0.5088062622309197 0.572265625 0.5088062622309197 0.546875 0.5244618395303327 0.5380859375 0.5430528375733854 0.5380859375 0.5538160469667319 0.521484375 0.5587084148727983 0.5146484375 0.557729941291585 0.5048828125 0.5489236790606653 0.4970703125 0.5489236790606653 0.494140625 0.5528375733855186 0.4970703125 0.5675146771037182 0.517578125 0.5782778864970646
0 0.494140625 0.7759295499021526 0.513671875 0.7788649706457925 0.51953125 0.7690802348336595 0.5185546875 0.7612524461839529 0.498046875 0.74853228962818 0.4912109375 0.7524461839530332 0.490234375 0.7661448140900196 0.494140625 0.7759295499021526
0 0.650390625 0.9227005870841486 0.65625 0.9227005870841486 0.666015625 0.9148727984344422 0.666015625 0.9109589041095889 0.658203125 0.9060665362035225 0.646484375 0.9119373776908024 0.6455078125 0.9168297455968688 0.650390625 0.9227005870841486