0 0.275390625 0.16731898238747553 0.287109375 0.17416829745596868 0.306640625 0.1761252446183953 0.314453125 0.16829745596868884 0.3173828125 0.15851272015655576 0.314453125 0.136986301369863 0.2939453125 0.13111545988258316 0.279296875 0.1360078277886497 0.271484375 0.14383561643835616 0.275390625 0.16731898238747553
0 0.3662109375 0.10567514677103718 0.3779296875 0.11643835616438356 0.390625 0.11643835616438356 0.4013671875 0.10371819960861055 0.396484375 0.08317025440313111 0.3828125 0.07436399217221135 0.3759765625 0.07436399217221135 0.369140625 0.08023483365949119 0.365234375 0.08806262230919765 0.3662109375 0.10567514677103718
0 0.3798828125 0.20156555772994128 0.4033203125 0.19667318982387474 0.4091796875 0.18590998043052837 0.408203125 0.17416829745596868 0.3896484375 0.16144814090019569 0.373046875 0.1634050880626223 0.365234375 0.1761252446183953 0.3671875 0.1908023483365949 0.3798828125 0.20156555772994128
0 0.2685546875 0.040117416829745595 0.2998046875 0.03131115459882583 0.3115234375 0.018590998043052837 0.31640625 0.003913894324853229 0.31640625 0 0.248046875 0 0.248046875 0.03424657534246575 0.2685546875 0.040117416829745595
0 0.205078125 0.4677103718199608 0.2158203125 0.47651663405088057 0.21875 0.49021526418786693 0.2255859375 0.49412915851272016 0.2431640625 0.49412915851272016 0.2880859375 0.474559686888454 0.296875 0.4794520547945205 0.30078125 0.4882583170254403 0.3212890625 0.4882583170254403 0.3349609375 0.4726027397260274 0.333984375 0.4589041095890411 0.32421875 0.44129158512720157 0.30859375 0.4383561643835616 0.2705078125 0.410958904109589 0.2587890625 0.410958904109589 0.244140625 0.41780821917808214 0.216796875 0.4383561643835616 0.21875 0.44911937377690797 0.205078125 0.4677103718199608
0 0.361328125 0.47064579256360073 0.36328125 0.4823874755381604 0.3837890625 0.5068493150684932 0.41796875 0.5322896281800391 0.4326171875 0.5322896281800391 0.447265625 0.5225048923679061 0.46875 0.5195694716242661 0.494140625 0.5048923679060665 0.4921875 0.4931506849315069 0.470703125 0.4735812133072407 0.4560546875 0.4735812133072407 0.4423828125 0.4794520547945205 0.435546875 0.46966731898238745 0.447265625 0.44911937377690797 0.4560546875 0.44520547945205474 0.4609375 0.43542074363992167 0.4599609375 0.4148727984344422 0.4453125 0.4060665362035225 0.427734375 0.38454011741682975 0.4072265625 0.38062622309197647 0.375 0.38943248532289626 0.3486328125 0.42563600782778865 0.3486328125 0.4559686888454012 0.361328125 0.47064579256360073
0 0.794921875 0.5225048923679061 0.7900390625 0.538160469667319 0.7939453125 0.5518590998043053 0.802734375 0.5518590998043053 0.81640625 0.5332681017612524 0.83984375 0.5293542074363992 0.857421875 0.5146771037181995 0.861328125 0.4990215264187866 0.859375 0.47847358121330724 0.841796875 0.45792563600782776 0.8291015625 0.45401174168297453 0.806640625 0.4559686888454012 0.794921875 0.4637964774951076 0.787109375 0.4755381604696673 0.787109375 0.5048923679060665 0.794921875 0.5225048923679061
0 0.8671875 0.46183953033268105 0.861328125 0.49021526418786693 0.8642578125 0.5176125244618395 0.869140625 0.5254403131115459 0.880859375 0.5313111545988258 0.873046875 0.547945205479452 0.873046875 0.560665362035225 0.880859375 0.5645792563600782 0.912109375 0.5596868884540117 0.9365234375 0.5391389432485323 0.9287109375 0.5215264187866928 0.9375 0.5058708414872799 0.935546875 0.4598825831702544 0.939453125 0.43639921722113495 0.93359375 0.42661448140900193 0.90234375 0.41193737769080235 0.8837890625 0.398238747553816 0.876953125 0.398238747553816 0.8623046875 0.41976516634050876 0.8623046875 0.44422700587084146 0.8671875 0.46183953033268105
0 0.7802734375 0.6095890410958904 0.79296875 0.6046966731898238 0.787109375 0.5939334637964775 0.779296875 0.5929549902152641 0.7744140625 0.5978473581213307 0.7734375 0.6046966731898238 0.7802734375 0.6095890410958904
0 0.2841796875 0.5469667318982387 0.2939453125 0.5489236790606653 0.2978515625 0.5459882583170254 0.30078125 0.5342465753424658 0.2939453125 0.5244618395303327 0.28515625 0.5244618395303327 0.279296875 0.5303326810176124 0.2783203125 0.5371819960861057 0.2841796875 0.5469667318982387
0 0.28515625 0.5782778864970646 0.306640625 0.5753424657534246 0.3115234375 0.5704500978473581 0.2998046875 0.5567514677103718 0.2763671875 0.5636007827788649 0.275390625 0.5724070450097847 0.28515625 0.5782778864970646
0 0.7802734375 0.136986301369863 0.787109375 0.13013698630136986 0.787109375 0.12133072407045009 0.7822265625 0.11448140900195694 0.7666015625 0.11448140900195694 0.7607421875 0.11839530332681017 0.76171875 0.13405088062622308 0.7802734375 0.136986301369863