0 0.49609375 0.4217221135029354 0.5 0.4315068493150685 0.4970703125 0.44520547945205474 0.5107421875 0.46086105675146766 0.525390625 0.4598825831702544 0.53515625 0.4549902152641878 0.541015625 0.4598825831702544 0.552734375 0.4598825831702544 0.5634765625 0.45205479452054786 0.5732421875 0.4549902152641878 0.5849609375 0.44911937377690797 0.5888671875 0.4148727984344422 0.5830078125 0.3972602739726027 0.57421875 0.3884540117416829 0.5498046875 0.3884540117416829 0.5166015625 0.398238747553816 0.5048828125 0.3923679060665362 0.48828125 0.40802348336594907 0.4873046875 0.4148727984344422 0.49609375 0.4217221135029354
0 0.6416015625 0.7270058708414873 0.6484375 0.7397260273972602 0.6640625 0.7524461839530332 0.6875 0.7534246575342466 0.6962890625 0.738747553816047 0.7177734375 0.7367906066536203 0.7353515625 0.7162426614481409 0.7294921875 0.6917808219178082 0.7197265625 0.687866927592955 0.7158203125 0.678082191780822 0.708984375 0.6741682974559686 0.6787109375 0.6741682974559686 0.6513671875 0.684931506849315 0.6396484375 0.6829745596868884 0.6328125 0.6868884540117416 0.626953125 0.697651663405088 0.6259765625 0.7191780821917808 0.6416015625 0.7270058708414873
0 0.732421875 0.3610567514677104 0.73828125 0.3659491193737769 0.763671875 0.3679060665362035 0.7802734375 0.3786692759295499 0.7958984375 0.3639921722113503 0.8037109375 0.36203522504892366 0.8017578125 0.34442270058708413 0.7822265625 0.32289628180039137 0.767578125 0.31702544031311153 0.744140625 0.3150684931506849 0.7265625 0.3268101761252446 0.7255859375 0.3385518590998043 0.732421875 0.3610567514677104
0 0.94921875 0.7250489236790607 0.9853515625 0.7426614481409002 0.9990234375 0.7318982387475538 0.9990234375 0.7015655577299412 0.9814453125 0.7045009784735812 0.9658203125 0.6947162426614482 0.9580078125 0.700587084148728 0.9482421875 0.6996086105675146 0.9443359375 0.7045009784735812 0.9423828125 0.7172211350293541 0.94921875 0.7250489236790607
0 0.9638671875 0.5929549902152641 0.9755859375 0.5939334637964775 0.9814453125 0.5900195694716242 0.9833984375 0.5763209393346379 0.978515625 0.5684931506849316 0.966796875 0.5665362035225049 0.9580078125 0.5743639921722112 0.95703125 0.5841487279843445 0.9638671875 0.5929549902152641
0 0.30859375 0.5430528375733854 0.3251953125 0.5675146771037182 0.3134765625 0.598825831702544 0.31640625 0.6193737769080234 0.32421875 0.6272015655577299 0.3369140625 0.6320939334637965 0.359375 0.6330724070450098 0.3681640625 0.6174168297455969 0.388671875 0.62133072407045 0.408203125 0.6076320939334637 0.4111328125 0.598825831702544 0.4091796875 0.5753424657534246 0.404296875 0.560665362035225 0.3974609375 0.5528375733855186 0.3798828125 0.5499021526418787 0.3310546875 0.5283757338551859 0.3203125 0.5273972602739725 0.3173828125 0.5234833659491194 0.310546875 0.5215264187866928 0.3046875 0.5254403131115459 0.30078125 0.5391389432485323 0.30859375 0.5430528375733854
0 0.0966796875 0.7084148727984344 0.11328125 0.7103718199608611 0.1171875 0.7074363992172211 0.119140625 0.6947162426614482 0.1123046875 0.6829745596868884 0.103515625 0.6790606653620352 0.091796875 0.6859099804305283 0.0908203125 0.6996086105675146 0.0966796875 0.7084148727984344
0 0.5068359375 0.7045009784735812 0.5087890625 0.7250489236790607 0.5234375 0.7289628180039138 0.537109375 0.723091976516634 0.541015625 0.7191780821917808 0.541015625 0.7074363992172211 0.52734375 0.6888454011741683 0.5126953125 0.678082191780822 0.5009765625 0.6810176125244618 0.4990234375 0.6917808219178082 0.5068359375 0.7045009784735812
0 0.69921875 0.24363992172211352 0.7314453125 0.23679060665362034 0.734375 0.2328767123287671 0.7353515625 0.22015655577299414 0.73046875 0.20645792563600782 0.71484375 0.20939334637964774 0.708984375 0.20058708414872797 0.689453125 0.21428571428571427 0.6904296875 0.2318982387475538 0.69921875 0.24363992172211352
0 0.7265625 0.25244618395303325 0.7294921875 0.2563600782778865 0.732421875 0.2563600782778865 0.7353515625 0.25244618395303325 0.7353515625 0.24853228962818003 0.7333984375 0.2455968688845401 0.7294921875 0.2455968688845401 0.7275390625 0.24657534246575344 0.7265625 0.24853228962818003 0.7265625 0.25244618395303325
0 0.5859375 0.33463796477495106 0.5869140625 0.33561643835616434 0.5927734375 0.33561643835616434 0.5947265625 0.33463796477495106 0.595703125 0.33170254403131116 0.5947265625 0.3277886497064579 0.591796875 0.32583170254403127 0.5888671875 0.32583170254403127 0.5869140625 0.3268101761252446 0.5859375 0.3277886497064579 0.5859375 0.33463796477495106
0 0.39453125 0.3816046966731898 0.40625 0.3825831702544031 0.4169921875 0.3776908023483366 0.4228515625 0.3796477495107632 0.4287109375 0.38943248532289626 0.44140625 0.3943248532289628 0.4521484375 0.3923679060665362 0.4609375 0.3835616438356164 0.4521484375 0.3522504892367906 0.4384765625 0.3385518590998043 0.423828125 0.3414872798434442 0.41015625 0.337573385518591 0.384765625 0.3590998043052837 0.3837890625 0.37181996086105673 0.39453125 0.3816046966731898
0 0.97265625 0.9344422700587083 0.9814453125 0.933463796477495 0.986328125 0.9266144814090019 0.98046875 0.9168297455968688 0.974609375 0.9168297455968688 0.96875 0.9236790606653621 0.9677734375 0.9315068493150684 0.97265625 0.9344422700587083
0 0.1630859375 0.6046966731898238 0.1708984375 0.6037181996086105 0.1748046875 0.598825831702544 0.173828125 0.5919765166340508 0.16796875 0.5890410958904109 0.15625 0.5939334637964775 0.1572265625 0.601761252446184 0.1630859375 0.6046966731898238