0 0.04296875 0.15362035225048923 0.052734375 0.18786692759295498 0.0634765625 0.19960861056751467 0.0849609375 0.20058708414872797 0.1259765625 0.18786692759295498 0.150390625 0.16634050880626222 0.1640625 0.14187866927592954 0.1728515625 0.11252446183953033 0.1728515625 0.09197651663405088 0.14453125 0.06360078277886497 0.1259765625 0.06164383561643836 0.1083984375 0.07729941291585127 0.0986328125 0.07925636007827788 0.0947265625 0.08512720156555773 0.0537109375 0.1086105675146771 0.0400390625 0.111545988258317 0.0322265625 0.1223091976516634 0.03125 0.149706457925636 0.04296875 0.15362035225048923
0 0.82421875 0.07827788649706457 0.8486328125 0.10273972602739725 0.8701171875 0.11056751467710371 0.880859375 0.11056751467710371 0.890625 0.10567514677103718 0.8974609375 0.08806262230919765 0.8984375 0.07338551859099804 0.884765625 0.051859099804305274 0.8759765625 0.04598825831702544 0.8408203125 0.036203522504892366 0.830078125 0.0410958904109589 0.8212890625 0.05283757338551859 0.8203125 0.07045009784735812 0.82421875 0.07827788649706457
0 0.4189453125 0.5694716242661448 0.466796875 0.5949119373776908 0.51904296875 0.6027397260273972 0.5283203125 0.6095890410958904 0.52734375 0.6154598825831703 0.533203125 0.62133072407045 0.607421875 0.6311154598825832 0.6240234375 0.6281800391389433 0.6611328125 0.601761252446184 0.671875 0.6007827788649707 0.6845703125 0.5890410958904109 0.69140625 0.5743639921722112 0.6962890625 0.5391389432485323 0.6953125 0.5117416829745596 0.689453125 0.5078277886497065 0.6669921875 0.4667318982387475 0.638671875 0.45303326810176126 0.576171875 0.4471624266144814 0.5068359375 0.4324853228962818 0.4873046875 0.4344422700587084 0.46875 0.44129158512720157 0.435546875 0.46183953033268105 0.4169921875 0.48532289628180036 0.40625 0.5215264187866928 0.412109375 0.5587084148727983 0.4189453125 0.5694716242661448
0 0.5234375 0.40019569471624267 0.5341796875 0.4021526418786692 0.5439453125 0.3943248532289628 0.544921875 0.38551859099804303 0.5380859375 0.37573385518590996 0.5185546875 0.3698630136986301 0.5068359375 0.37279843444227 0.5068359375 0.3884540117416829 0.5234375 0.40019569471624267
0 0.591796875 0.18590998043052837 0.6015625 0.1771037181996086 0.6005859375 0.16829745596868884 0.5947265625 0.16046966731898238 0.5810546875 0.16046966731898238 0.5751953125 0.16829745596868884 0.578125 0.18493150684931506 0.591796875 0.18590998043052837
0 0.6240234375 0.07142857142857142 0.630859375 0.07045009784735812 0.63671875 0.05968688845401173 0.6396484375 0.03913894324853229 0.630859375 0.02837573385518591 0.623046875 0.025440313111545987 0.6123046875 0.04207436399217221 0.6171875 0.06653620352250489 0.6240234375 0.07142857142857142
0 0.1689453125 0.34931506849315064 0.1787109375 0.34833659491193736 0.1845703125 0.3424657534246575 0.185546875 0.33561643835616434 0.181640625 0.32974559686888455 0.1650390625 0.3277886497064579 0.1611328125 0.33072407045009783 0.1611328125 0.3395303326810176 0.1689453125 0.34931506849315064
0 0.0966796875 0.8610567514677104 0.10546875 0.8600782778864969 0.1220703125 0.8424657534246576 0.12109375 0.8365949119373777 0.1123046875 0.8307240704500979 0.095703125 0.8307240704500979 0.087890625 0.8385518590998042 0.0869140625 0.8512720156555773 0.0966796875 0.8610567514677104
0 0.6435546875 0.7035225048923679 0.66015625 0.7123287671232876 0.6611328125 0.7201565557729941 0.6787109375 0.7211350293542074 0.6875 0.7162426614481409 0.6953125 0.6888454011741683 0.7080078125 0.6839530332681016 0.73046875 0.6986301369863013 0.7431640625 0.6966731898238747 0.751953125 0.6888454011741683 0.7587890625 0.6673189823874754 0.7470703125 0.6418786692759295 0.7392578125 0.6340508806262231 0.73046875 0.6311154598825832 0.705078125 0.6360078277886496 0.6865234375 0.6291585127201565 0.681640625 0.6301369863013698 0.6669921875 0.6604696673189824 0.6357421875 0.6722113502935421 0.6357421875 0.6888454011741683 0.6435546875 0.7035225048923679
0 0.3037109375 0.7994129158512719 0.3212890625 0.8033268101761252 0.3359375 0.7984344422700587 0.34375 0.7749510763209393 0.3408203125 0.7544031311154599 0.3349609375 0.7436399217221135 0.32421875 0.7367906066536203 0.314453125 0.7397260273972602 0.30078125 0.74853228962818 0.294921875 0.7602739726027397 0.2958984375 0.786692759295499 0.3037109375 0.7994129158512719
0 0.9990234375 0.664349315068493 1 0.664349315068493 1 0.6637915851272015 0.9990234375 0.6637915851272015 0.9990234375 0.664349315068493