0 0.5419921875 0.15851272015655576 0.5458984375 0.17416829745596868 0.54296875 0.18297455968688844 0.5595703125 0.1917808219178082 0.5859375 0.175146771037182 0.609375 0.18297455968688844 0.673828125 0.16731898238747553 0.681640625 0.15949119373776907 0.6865234375 0.14481409001956946 0.685546875 0.1350293542074364 0.67578125 0.12328767123287672 0.6220703125 0.10469667318982387 0.56640625 0.10273972602739725 0.533203125 0.12622309197651663 0.5322265625 0.14677103718199608 0.5419921875 0.15851272015655576
0 0.041015625 0.3131115459882583 0.060546875 0.33463796477495106 0.07421875 0.3414872798434442 0.0904951171875 0.3424657534246575 0.107421875 0.34931506849315064 0.1279296875 0.36692759295499017 0.1650390625 0.35518590998043054 0.16796875 0.35127201565557725 0.16796875 0.34442270058708413 0.1455078125 0.3287671232876712 0.1474609375 0.31898238747553814 0.1435546875 0.3199608610567514 0.1201171875 0.30528375733855184 0.1220703125 0.2896281800391389 0.1328125 0.2690802348336595 0.12890625 0.25929549902152643 0.1201171875 0.2534246575342466 0.1083984375 0.25146771037182 0.0908203125 0.26125244618395305 0.0712890625 0.2651663405088062 0.0546875 0.26125244618395305 0.0478515625 0.26614481409001955 0.0380859375 0.286692759295499 0.037109375 0.3013698630136986 0.041015625 0.3131115459882583
0 0.0380859375 0.16829745596868884 0.0458984375 0.1634050880626223 0.0498046875 0.15166340508806261 0.0400390625 0.13894324853228962 0.029296875 0.1379647749510763 0.0205078125 0.14677103718199608 0.0224609375 0.16634050880626222 0.0380859375 0.16829745596868884
0 0.255859375 0.3962818003913894 0.2705078125 0.40019569471624267 0.2890625 0.3923679060665362 0.2900390625 0.37084148727984345 0.2822265625 0.3561643835616438 0.259765625 0.3542074363992172 0.2470703125 0.3698630136986301 0.2470703125 0.38454011741682975 0.255859375 0.3962818003913894
0 0.078125 0.04794520547945205 0.0888671875 0.04403131115459882 0.0947265625 0.0273972602739726 0.0927734375 0.019569471624266144 0.078125 0.016634050880626222 0.0693359375 0.02446183953033268 0.072265625 0.04403131115459882 0.078125 0.04794520547945205
0 0.373046875 0.47749510763209385 0.3818359375 0.49021526418786693 0.3798828125 0.5048923679060665 0.3828125 0.512720156555773 0.400390625 0.5225048923679061 0.4248046875 0.5176125244618395 0.4462890625 0.49706457925636005 0.431640625 0.46086105675146766 0.4326171875 0.4481409001956947 0.4267578125 0.43346379647749506 0.419921875 0.42661448140900193 0.4052734375 0.42563600782778865 0.3955078125 0.4305283757338552 0.3857421875 0.44422700587084146 0.3818359375 0.4657534246575342 0.373046875 0.47749510763209385
0 0.26171875 0.7123287671232876 0.26171875 0.7446183953033267 0.265625 0.7514677103718199 0.2724609375 0.7544031311154599 0.291015625 0.7504892367906066 0.310546875 0.7514677103718199 0.3251953125 0.7553816046966731 0.34765625 0.7524461839530332 0.365234375 0.7632093933463796 0.3759765625 0.7583170254403131 0.3779296875 0.7475538160469667 0.373046875 0.7289628180039138 0.3818359375 0.7133072407045009 0.3828125 0.6888454011741683 0.3798828125 0.6819960861056751 0.3662109375 0.6731898238747553 0.3515625 0.6702544031311154 0.3359375 0.6477495107632094 0.3212890625 0.6428571428571428 0.3125 0.6457925636007827 0.2939453125 0.6428571428571428 0.2861328125 0.6653620352250489 0.2744140625 0.6741682974559686 0.2744140625 0.6917808219178082 0.26171875 0.7123287671232876
0 0.4091796875 0.8424657534246576 0.44140625 0.8365949119373777 0.4580078125 0.8277886497064578 0.4736328125 0.837573385518591 0.5029296875 0.8424657534246576 0.525390625 0.8365949119373777 0.5302734375 0.8317025440313112 0.5322265625 0.8131115459882583 0.5263671875 0.8052837573385518 0.494140625 0.8033268101761252 0.4833984375 0.7984344422700587 0.484375 0.783757338551859 0.4697265625 0.7720156555772995 0.462890625 0.7710371819960861 0.45703125 0.7729941291585127 0.4521484375 0.7818003913894325 0.443359375 0.7857142857142857 0.4326171875 0.7847358121330724 0.4208984375 0.7994129158512719 0.4228515625 0.8160469667318981 0.4072265625 0.8258317025440313 0.4033203125 0.8385518590998042 0.4091796875 0.8424657534246576
0 0.5693359375 0.9774951076320939 0.6244140625 0.9755381604696673 0.6328125 0.9784735812133072 0.640625 0.987279843444227 0.650390625 0.9892367906066536 0.6591796875 0.9823874755381604 0.6611328125 0.9696673189823874 0.654296875 0.9569471624266145 0.6552734375 0.9393346379647749 0.6455078125 0.9246575342465754 0.650390625 0.9148727984344422 0.658203125 0.913894324853229 0.6708984375 0.920743639921722 0.6767578125 0.9187866927592955 0.681640625 0.9109589041095889 0.65625 0.8894324853228962 0.642578125 0.8884540117416829 0.6318359375 0.8943248532289628 0.6083984375 0.8913894324853228 0.568359375 0.9178082191780822 0.548828125 0.9481409001956946 0.548828125 0.9628180039138943 0.5693359375 0.9774951076320939
0 0.8505859375 0.7700587084148728 0.861328125 0.7700587084148728 0.87109375 0.7602739726027397 0.87109375 0.7504892367906066 0.86328125 0.7416829745596869 0.8515625 0.7416829745596869 0.84375 0.7495107632093932 0.84375 0.7651663405088062 0.8505859375 0.7700587084148728
0 0.4833984375 0.34442270058708413 0.490234375 0.3473581213307241 0.5185546875 0.34442270058708413 0.5302734375 0.33170254403131116 0.529296875 0.31702544031311153 0.53515625 0.3043052837573385 0.533203125 0.29158512720156554 0.5263671875 0.286692759295499 0.5146484375 0.2896281800391389 0.501953125 0.3013698630136986 0.49609375 0.3131115459882583 0.494140625 0.3336594911937377 0.4833984375 0.34442270058708413
0 0.4521484375 0.39921722113502933 0.4697265625 0.40998043052837574 0.4736328125 0.4227005870841487 0.48046875 0.42857142857142855 0.4970703125 0.4305283757338552 0.51171875 0.41780821917808214 0.5146484375 0.4070450097847358 0.4912109375 0.39041095890410954 0.484375 0.37573385518590996 0.4599609375 0.3659491193737769 0.4521484375 0.3786692759295499 0.44921875 0.38454011741682975 0.4521484375 0.39921722113502933
0 0.4697265625 0.6526418786692758 0.5068359375 0.6506849315068493 0.5244140625 0.6604696673189824 0.5537109375 0.6604696673189824 0.5654296875 0.6565557729941291 0.5712890625 0.6487279843444227 0.572265625 0.608610567514677 0.5673828125 0.598825831702544 0.5576171875 0.5909980430528375 0.5224609375 0.5909980430528375 0.4921875 0.608610567514677 0.4765625 0.611545988258317 0.4677734375 0.6252446183953033 0.4560546875 0.6252446183953033 0.453125 0.6301369863013698 0.4541015625 0.6369863013698629 0.4697265625 0.6526418786692758
0 0.548828125 0.573385518590998 0.556640625 0.573385518590998 0.5654296875 0.5655577299412916 0.5654296875 0.5596868884540117 0.556640625 0.5538160469667319 0.548828125 0.5547945205479452 0.54296875 0.560665362035225 0.54296875 0.5675146771037182 0.548828125 0.573385518590998
0 0.06640625 0.9667318982387474 0.0791015625 0.9686888454011742 0.0947265625 0.9784735812133072 0.1162109375 0.9765166340508806 0.1279296875 0.9569471624266145 0.126953125 0.933463796477495 0.10546875 0.9236790606653621 0.091796875 0.9217221135029353 0.0693359375 0.9256360078277887 0.05078125 0.9383561643835616 0.052734375 0.9481409001956946 0.06640625 0.9667318982387474
0 0.142578125 0.8767123287671232 0.154296875 0.8796477495107631 0.16796875 0.8727984344422699 0.1826171875 0.8522504892367906 0.1826171875 0.8424657534246576 0.17578125 0.8317025440313112 0.16796875 0.8277886497064578 0.13671875 0.8277886497064578 0.1337890625 0.8317025440313112 0.1328125 0.8512720156555773 0.142578125 0.8767123287671232
0 0.3583984375 0.9706457925636007 0.3798828125 0.9726027397260273 0.390625 0.9677103718199609 0.3994140625 0.9540117416829744 0.42578125 0.9500978473581213 0.4345703125 0.9422700587084147 0.435546875 0.9197651663405088 0.4306640625 0.9011741682974559 0.408203125 0.87573385518591 0.3857421875 0.87573385518591 0.37109375 0.8816046966731899 0.349609375 0.913894324853229 0.34765625 0.9354207436399216 0.3583984375 0.9706457925636007
0 0.517578125 0.7954990215264187 0.5400390625 0.793542074363992 0.5458984375 0.8072407045009784 0.556640625 0.8180039138943249 0.580078125 0.8180039138943249 0.595703125 0.8072407045009784 0.5947265625 0.7925636007827788 0.5751953125 0.7769080234833659 0.5634765625 0.7475538160469667 0.546875 0.7495107632093932 0.5380859375 0.7651663405088062 0.5185546875 0.7720156555772995 0.513671875 0.7798434442270058 0.513671875 0.7906066536203522 0.517578125 0.7954990215264187
0 0.9111328125 0.7201565557729941 0.91796875 0.7201565557729941 0.9248046875 0.7142857142857142 0.927734375 0.684931506849315 0.9169921875 0.6731898238747553 0.91015625 0.6741682974559686 0.904296875 0.6829745596868884 0.9033203125 0.7133072407045009 0.9111328125 0.7201565557729941
0 0.8173828125 0.06555772994129158 0.8583984375 0.07827788649706457 0.888671875 0.07925636007827788 0.90234375 0.07338551859099804 0.912109375 0.06360078277886497 0.9189453125 0.0538160469667319 0.9189453125 0.04207436399217221 0.9033203125 0.018590998043052837 0.896484375 0.016634050880626222 0.880859375 0 0.8369140625 0 0.830078125 0.007827788649706457 0.822265625 0.03913894324853229 0.8095703125 0.04892367906066536 0.80859375 0.05675146771037182 0.8173828125 0.06555772994129158