0 0.6982421875 0.111545988258317 0.71875 0.12622309197651663 0.7275390625 0.12720156555772993 0.7392578125 0.10567514677103718 0.736328125 0.06653620352250489 0.7197265625 0.0557729941291585 0.708984375 0.0547945205479452 0.6923828125 0.07827788649706457 0.69140625 0.08806262230919765 0.6982421875 0.111545988258317
0 0.3037109375 0.3385518590998043 0.3173828125 0.3590998043052837 0.328125 0.36497064579256355 0.3642578125 0.35812133072407043 0.3798828125 0.3473581213307241 0.3876953125 0.33170254403131116 0.3876953125 0.31702544031311153 0.380859375 0.3043052837573385 0.3671875 0.29452054794520544 0.3642578125 0.2876712328767123 0.35546875 0.2837573385518591 0.3271484375 0.2837573385518591 0.3037109375 0.3131115459882583 0.2998046875 0.3238747553816047 0.3037109375 0.3385518590998043
0 0.609375 0.13405088062622308 0.6376953125 0.13307240704500978 0.64453125 0.13013698630136986 0.650390625 0.12035225048923678 0.650390625 0.11252446183953033 0.6435546875 0.10371819960861055 0.6142578125 0.09882583170254403 0.58984375 0.10567514677103718 0.5830078125 0.11252446183953033 0.5869140625 0.12720156555772993 0.609375 0.13405088062622308
0 0.517578125 0.18101761252446183 0.52734375 0.18590998043052837 0.5361328125 0.18493150684931506 0.5498046875 0.17221135029354206 0.5537109375 0.13894324853228962 0.546875 0.13307240704500978 0.537109375 0.13307240704500978 0.509765625 0.15459882583170254 0.5107421875 0.16829745596868884 0.517578125 0.18101761252446183
0 0.6162109375 0.5352250489236791 0.634765625 0.550880626223092 0.6435546875 0.550880626223092 0.6796875 0.5322896281800391 0.6884765625 0.5322896281800391 0.6982421875 0.5254403131115459 0.7021484375 0.5136986301369862 0.6982421875 0.49804305283757333 0.6826171875 0.47749510763209385 0.66796875 0.47064579256360073 0.646484375 0.4735812133072407 0.6171875 0.5 0.6142578125 0.5068493150684932 0.6123046875 0.5225048923679061 0.6162109375 0.5352250489236791
0 0.662109375 0.7749510763209393 0.6787109375 0.7906066536203522 0.6845703125 0.7896281800391389 0.7080078125 0.7690802348336595 0.70703125 0.7563600782778865 0.6953125 0.74853228962818 0.65234375 0.74853228962818 0.642578125 0.7553816046966731 0.64453125 0.7651663405088062 0.662109375 0.7749510763209393
0 0.1796875 0.8385518590998042 0.189453125 0.8385518590998042 0.2021484375 0.8277886497064578 0.21875 0.8356164383561643 0.228515625 0.8356164383561643 0.234375 0.8307240704500979 0.23828125 0.8189823874755382 0.2373046875 0.8033268101761252 0.232421875 0.796477495107632 0.2158203125 0.7896281800391389 0.2021484375 0.7925636007827788 0.1962890625 0.8023483365949119 0.177734375 0.8052837573385518 0.169921875 0.8131115459882583 0.16796875 0.824853228962818 0.1796875 0.8385518590998042
0 0 0.6144814090019569 0.0263671875 0.6066536203522505 0.0341796875 0.5802348336594911 0.046875 0.5616438356164383 0.0390625 0.5313111545988258 0.0224609375 0.5058708414872799 0.0224609375 0.474559686888454 0.013671875 0.45303326810176126 0.021484375 0.44227005870841485 0.021484375 0.423679060665362 0.0185546875 0.41780821917808214 0.00390625 0.41291585127201563 0 0.41291585127201563 0 0.6144814090019569
0 0.0126953125 0.7798434442270058 0.0283203125 0.7798434442270058 0.044921875 0.7681017612524461 0.0390625 0.7524461839530332 0.0263671875 0.74559686888454 0.001953125 0.7416829745596869 0 0.7661448140900196 0.0126953125 0.7798434442270058
0 0.7705078125 0.2035225048923679 0.7900390625 0.1917808219178082 0.7958984375 0.17906066536203522 0.7890625 0.17025440313111545 0.78125 0.17025440313111545 0.76171875 0.18101761252446183 0.7578125 0.18688845401174167 0.7587890625 0.19765166340508805 0.7705078125 0.2035225048923679
0 0.4150390625 0.598825831702544 0.4267578125 0.5949119373776908 0.4287109375 0.5870841487279843 0.423828125 0.5792563600782779 0.416015625 0.5772994129158512 0.408203125 0.5841487279843445 0.408203125 0.5909980430528375 0.4150390625 0.598825831702544
0 0.3466796875 0.7299412915851271 0.353515625 0.7299412915851271 0.3740234375 0.723091976516634 0.3818359375 0.7093933463796478 0.3779296875 0.6986301369863013 0.365234375 0.6898238747553815 0.35546875 0.6917808219178082 0.3515625 0.700587084148728 0.3388671875 0.7103718199608611 0.3388671875 0.7240704500978473 0.3466796875 0.7299412915851271
0 0.447265625 0.7025440313111545 0.466796875 0.7181996086105674 0.48046875 0.7250489236790607 0.490234375 0.7240704500978473 0.498046875 0.7025440313111545 0.4970703125 0.6810176125244618 0.5009765625 0.6722113502935421 0.498046875 0.6634050880626223 0.4873046875 0.6575342465753424 0.47265625 0.6565557729941291 0.453125 0.6594911937377691 0.443359375 0.6682974559686887 0.44140625 0.6819960861056751 0.447265625 0.7025440313111545
0 0.69140625 0.2495107632093933 0.7060546875 0.24168297455968685 0.7177734375 0.24070450097847357 0.734375 0.21428571428571427 0.7373046875 0.20254403131115456 0.732421875 0.19863013698630136 0.7177734375 0.20156555772994128 0.7001953125 0.22896281800391388 0.6845703125 0.23679060665362034 0.68359375 0.24363992172211352 0.69140625 0.2495107632093933
0 0.62890625 0.9637964774951076 0.6494140625 0.9804305283757339 0.6611328125 0.9814090019569471 0.6826171875 0.9598825831702543 0.6953125 0.9530332681017611 0.7041015625 0.949119373776908 0.7177734375 0.9520547945205479 0.728515625 0.9452054794520548 0.734375 0.9324853228962817 0.7314453125 0.9217221135029353 0.7412109375 0.8953033268101761 0.732421875 0.8825831702544031 0.716796875 0.8786692759295498 0.7099609375 0.8649706457925636 0.6982421875 0.8620352250489237 0.693359375 0.8649706457925636 0.6884765625 0.8776908023483365 0.6640625 0.8747553816046967 0.650390625 0.8806262230919766 0.6376953125 0.9031311154598824 0.63671875 0.9412915851272015 0.62890625 0.9637964774951076
0 0.6064453125 0.8160469667318981 0.6142578125 0.8170254403131114 0.6220703125 0.8101761252446182 0.62109375 0.8023483365949119 0.6123046875 0.7954990215264187 0.6005859375 0.8003913894324853 0.6005859375 0.8101761252446182 0.6064453125 0.8160469667318981
0 0.5400390625 0.9285714285714285 0.548828125 0.9266144814090019 0.5556640625 0.9148727984344422 0.5498046875 0.9090019569471623 0.5419921875 0.9090019569471623 0.5361328125 0.913894324853229 0.53515625 0.9217221135029353 0.5400390625 0.9285714285714285
0 0.57421875 0.8972602739726027 0.6044921875 0.8708414872798433 0.615234375 0.8532289628180039 0.609375 0.847358121330724 0.5986328125 0.8522504892367906 0.58984375 0.850293542074364 0.578125 0.8385518590998042 0.5693359375 0.8365949119373777 0.5390625 0.8620352250489237 0.5400390625 0.8786692759295498 0.57421875 0.8972602739726027
0 0.53515625 0.07534246575342465 0.5615234375 0.07632093933463796 0.572265625 0.0684931506849315 0.5849609375 0.033268101761252444 0.5673828125 0.016634050880626222 0.5400390625 0.010763209393346379 0.5302734375 0.019569471624266144 0.521484375 0.0410958904109589 0.525390625 0.07142857142857142 0.53515625 0.07534246575342465