0 0.1328125 0.1506849315068493 0.150390625 0.162426614481409 0.1728515625 0.1643835616438356 0.1865234375 0.1761252446183953 0.2314453125 0.1761252446183953 0.2353515625 0.18297455968688844 0.236328125 0.20939334637964774 0.2568359375 0.23483365949119372 0.291015625 0.2446183953033268 0.3046875 0.23776908023483365 0.3212890625 0.21330724070450097 0.3291015625 0.18199608610567514 0.3212890625 0.136986301369863 0.3173828125 0.13405088062622308 0.3173828125 0.11545988258317026 0.302734375 0.06947162426614481 0.279296875 0.049902152641878667 0.2646484375 0.04794520547945205 0.25 0.0547945205479452 0.2421875 0.06653620352250489 0.2314453125 0.10371819960861055 0.220703125 0.10176125244618395 0.2099609375 0.08023483365949119 0.2099609375 0.07240704500978473 0.201171875 0.06262230919765166 0.1943359375 0.060665362035225046 0.1708984375 0.0675146771037182 0.1650390625 0.07338551859099804 0.1650390625 0.07925636007827788 0.15625 0.08023483365949119 0.1533203125 0.08806262230919765 0.1591796875 0.0958904109589041 0.15234375 0.10371819960861055 0.140625 0.10371819960861055 0.130859375 0.11056751467710371 0.1259765625 0.1086105675146771 0.1259765625 0.14383561643835616 0.1328125 0.1506849315068493
0 0.4609375 0.32093933463796476 0.4716796875 0.32289628180039137 0.4775390625 0.3180039138943248 0.48046875 0.31017612524461835 0.4755859375 0.3023483365949119 0.4697265625 0.30039138943248533 0.458984375 0.3062622309197652 0.4560546875 0.3150684931506849 0.4609375 0.32093933463796476
0 0.5986328125 0.3395303326810176 0.6083984375 0.337573385518591 0.6142578125 0.33072407045009783 0.6123046875 0.32093933463796476 0.6044921875 0.3131115459882583 0.591796875 0.3199608610567514 0.58984375 0.32974559686888455 0.5986328125 0.3395303326810176
0 0.857421875 0.42661448140900193 0.8759765625 0.4246575342465754 0.8798828125 0.41780821917808214 0.8798828125 0.4050880626223091 0.87109375 0.3972602739726027 0.8603515625 0.3972602739726027 0.849609375 0.40802348336594907 0.849609375 0.4187866927592955 0.857421875 0.42661448140900193
0 0.822265625 0.23874755381604693 0.833984375 0.24363992172211352 0.8427734375 0.24070450097847357 0.84375 0.22896281800391388 0.837890625 0.22015655577299414 0.828125 0.2172211350293542 0.818359375 0.22407045009784735 0.8173828125 0.2318982387475538 0.822265625 0.23874755381604693
0 0.4912109375 0.2123287671232877 0.4990234375 0.2191780821917808 0.505859375 0.2191780821917808 0.5439453125 0.19373776908023482 0.5478515625 0.18688845401174167 0.5458984375 0.18199608610567514 0.533203125 0.18493150684931506 0.5185546875 0.18003913894324852 0.4990234375 0.19667318982387474 0.4912109375 0.20645792563600782 0.4912109375 0.2123287671232877
0 0.4052734375 0.9041095890410957 0.412109375 0.9090019569471623 0.4287109375 0.9070450097847358 0.4443359375 0.9129158512720157 0.453125 0.9109589041095889 0.45703125 0.9031311154598824 0.4677734375 0.8972602739726027 0.4892578125 0.8894324853228962 0.5048828125 0.8884540117416829 0.521484375 0.8786692759295498 0.5390625 0.8610567514677104 0.5419921875 0.8454011741682974 0.5400390625 0.8268101761252445 0.5263671875 0.8052837573385518 0.490234375 0.7876712328767124 0.4658203125 0.7925636007827788 0.4375 0.8072407045009784 0.4287109375 0.8033268101761252 0.4130859375 0.8062622309197651 0.396484375 0.8238747553816047 0.3837890625 0.8307240704500979 0.380859375 0.8405088062622308 0.3828125 0.8737769080234834 0.4052734375 0.9041095890410957
0 0.1376953125 0.9471624266144814 0.14453125 0.9608610567514676 0.1416015625 0.9804305283757339 0.15234375 0.9863013698630138 0.1611328125 0.9833659491193737 0.1767578125 0.9696673189823874 0.1923828125 0.9657534246575341 0.19921875 0.958904109589041 0.20703125 0.9119373776908024 0.1982421875 0.9060665362035225 0.189453125 0.9060665362035225 0.181640625 0.9070450097847358 0.171875 0.9158512720156555 0.1533203125 0.9129158512720157 0.1455078125 0.9178082191780822 0.1376953125 0.9373776908023483 0.1376953125 0.9471624266144814
0 0.5849609375 0.8512720156555773 0.5927734375 0.8581213307240704 0.6123046875 0.863013698630137 0.6259765625 0.8718199608610566 0.6416015625 0.8708414872798433 0.654296875 0.863013698630137 0.6650390625 0.8620352250489237 0.6904296875 0.8698630136986301 0.6923828125 0.8776908023483365 0.705078125 0.8904109589041095 0.7197265625 0.8913894324853228 0.732421875 0.8776908023483365 0.734375 0.8131115459882583 0.7412109375 0.7954990215264187 0.7529296875 0.7915851272015655 0.7607421875 0.7818003913894325 0.7373046875 0.7544031311154599 0.662109375 0.735812133072407 0.650390625 0.735812133072407 0.6376953125 0.7436399217221135 0.6044921875 0.7534246575342466 0.59765625 0.7720156555772995 0.5751953125 0.8023483365949119 0.57421875 0.8287671232876711 0.5849609375 0.8512720156555773
0 0.5986328125 0.9990215264187867 0.6328125 0.9990215264187867 0.6455078125 0.9902152641878669 0.6484375 0.9823874755381604 0.6484375 0.9765166340508806 0.63671875 0.958904109589041 0.60546875 0.9559686888454012 0.591796875 0.9696673189823874 0.5908203125 0.9833659491193737 0.5986328125 0.9990215264187867
0 0.7568359375 0.8287671232876711 0.7646484375 0.8277886497064578 0.779296875 0.8101761252446182 0.7763671875 0.7994129158512719 0.771484375 0.796477495107632 0.7646484375 0.7954990215264187 0.7529296875 0.8043052837573385 0.7529296875 0.8228962818003913 0.7568359375 0.8287671232876711
0 0.2607421875 0.3082191780821918 0.26953125 0.31702544031311153 0.28125 0.34833659491193736 0.2919921875 0.36203522504892366 0.32421875 0.3698630136986301 0.349609375 0.3542074363992172 0.3583984375 0.3414872798434442 0.3701171875 0.3424657534246575 0.3720703125 0.35518590998043054 0.3759765625 0.35812133072407043 0.3916015625 0.3571428571428571 0.40234375 0.35127201565557725 0.4052734375 0.32974559686888455 0.3828125 0.30332681017612523 0.3642578125 0.29549902152641877 0.34765625 0.29549902152641877 0.341796875 0.3023483365949119 0.3349609375 0.3013698630136986 0.318359375 0.27495107632093935 0.275390625 0.25440313111545987 0.2578125 0.2563600782778865 0.25 0.2632093933463796 0.2509765625 0.2886497064579256 0.2607421875 0.3082191780821918
0 0.26953125 0.5420743639921721 0.2822265625 0.5440313111545988 0.2958984375 0.557729941291585 0.322265625 0.5587084148727983 0.330078125 0.5528375733855186 0.330078125 0.5391389432485323 0.32421875 0.5234833659491194 0.3173828125 0.5117416829745596 0.30078125 0.49804305283757333 0.2890625 0.49804305283757333 0.2744140625 0.5078277886497065 0.263671875 0.5254403131115459 0.263671875 0.5332681017612524 0.26953125 0.5420743639921721
0 0.365234375 0.474559686888454 0.3720703125 0.4911937377690802 0.3701171875 0.5117416829745596 0.373046875 0.5215264187866928 0.3798828125 0.5254403131115459 0.4072265625 0.5215264187866928 0.4521484375 0.4843444227005871 0.4609375 0.4637964774951076 0.4599609375 0.44227005870841485 0.4482421875 0.40998043052837574 0.4111328125 0.4060665362035225 0.400390625 0.3835616438356164 0.38671875 0.3816046966731898 0.376953125 0.38454011741682975 0.3701171875 0.398238747553816 0.3759765625 0.42661448140900193 0.365234375 0.474559686888454
0 0.23046875 0.5459882583170254 0.251953125 0.5371819960861057 0.2529296875 0.5254403131115459 0.244140625 0.5176125244618395 0.232421875 0.5185909980430529 0.2236328125 0.5254403131115459 0.22265625 0.5371819960861057 0.23046875 0.5459882583170254
0 0.1337890625 0.5048923679060665 0.1474609375 0.5009784735812133 0.1533203125 0.4921722113502935 0.1533203125 0.4833659491193737 0.146484375 0.47651663405088057 0.1337890625 0.47749510763209385 0.126953125 0.4833659491193737 0.125 0.49510763209393344 0.1337890625 0.5048923679060665
0 0.1865234375 0.6438356164383562 0.19921875 0.6360078277886496 0.19921875 0.6301369863013698 0.193359375 0.6242661448140899 0.1865234375 0.6242661448140899 0.181640625 0.6291585127201565 0.1806640625 0.6379647749510763 0.1865234375 0.6438356164383562
0 0.560546875 0.4138943248532289 0.5859375 0.4148727984344422 0.6005859375 0.4060665362035225 0.5986328125 0.3943248532289628 0.578125 0.3825831702544031 0.564453125 0.38062622309197647 0.5537109375 0.38943248532289626 0.552734375 0.4050880626223091 0.560546875 0.4138943248532289
0 0.1513671875 0.021526418786692758 0.1611328125 0.019569471624266144 0.166015625 0.009784735812133072 0.1640625 0 0.14453125 0 0.138671875 0.014677103718199608 0.1513671875 0.021526418786692758
0 0.021484375 0.08806262230919765 0.0361328125 0.09001956947162426 0.0400390625 0.08512720156555773 0.0380859375 0.07534246575342465 0.029296875 0.0675146771037182 0.0224609375 0.06653620352250489 0.0185546875 0.07045009784735812 0.021484375 0.08806262230919765