0 0.4931640625 0.2925636007827789 0.5078125 0.30919765166340507 0.517578125 0.3082191780821918 0.5224609375 0.30332681017612523 0.5234375 0.2925636007827789 0.513671875 0.2759295499021526 0.505859375 0.27103718199608606 0.4921875 0.2759295499021526 0.490234375 0.286692759295499 0.4931640625 0.2925636007827789
0 0.453125 0.5596868884540117 0.474609375 0.5567514677103718 0.4853515625 0.5420743639921721 0.5009765625 0.5459882583170254 0.5107421875 0.5430528375733854 0.5224609375 0.5273972602739725 0.52734375 0.5009784735812133 0.5244140625 0.4921722113502935 0.53125 0.4755381604696673 0.529296875 0.46183953033268105 0.50390625 0.4393346379647749 0.4873046875 0.43542074363992167 0.4765625 0.43737769080234834 0.4697265625 0.446183953033268 0.4501953125 0.5039138943248532 0.44140625 0.5146771037181995 0.443359375 0.5489236790606653 0.453125 0.5596868884540117
0 0.59765625 0.6311154598825832 0.609375 0.6438356164383562 0.6474609375 0.6604696673189824 0.6669921875 0.6536203522504892 0.671875 0.6428571428571428 0.662109375 0.6164383561643836 0.638671875 0.5880626223091976 0.6318359375 0.5684931506849316 0.6123046875 0.5538160469667319 0.6083984375 0.5547945205479452 0.5966796875 0.5636007827788649 0.5888671875 0.5831702544031311 0.5908203125 0.6154598825831703 0.59765625 0.6311154598825832
0 0.9326171875 0.9755381604696673 0.9560546875 0.9745596868884541 0.9638671875 0.9628180039138943 0.96484375 0.9315068493150684 0.95703125 0.9315068493150684 0.9296875 0.9637964774951076 0.9287109375 0.971624266144814 0.9326171875 0.9755381604696673
0 0.6201171875 0.9990215264187867 0.6201171875 0.9833659491193737 0.6064453125 0.9628180039138943 0.5849609375 0.958904109589041 0.5556640625 0.9755381604696673 0.5556640625 0.9990215264187867 0.6201171875 0.9990215264187867
0 0.3828125 0.8013698630136986 0.3896484375 0.8052837573385518 0.400390625 0.8043052837573385 0.41796875 0.7954990215264187 0.4267578125 0.7857142857142857 0.4287109375 0.7690802348336595 0.41796875 0.7553816046966731 0.392578125 0.7514677103718199 0.3779296875 0.7651663405088062 0.37890625 0.7925636007827788 0.3828125 0.8013698630136986
0 0.3408203125 0.9178082191780822 0.353515625 0.913894324853229 0.357421875 0.8913894324853228 0.349609375 0.8796477495107631 0.333984375 0.8776908023483365 0.3232421875 0.8904109589041095 0.32421875 0.9099804305283756 0.3408203125 0.9178082191780822
0 0.7626953125 0.9011741682974559 0.7998046875 0.9060665362035225 0.8095703125 0.9041095890410957 0.8271484375 0.892367906066536 0.833984375 0.8806262230919766 0.8349609375 0.8698630136986301 0.8203125 0.8414872798434441 0.7958984375 0.834637964774951 0.779296875 0.8424657534246576 0.7578125 0.8727984344422699 0.755859375 0.8913894324853228 0.7626953125 0.9011741682974559
0 0.8447265625 0.8620352250489237 0.8603515625 0.8727984344422699 0.8896484375 0.8590998043052837 0.9033203125 0.8385518590998042 0.904296875 0.8297455968688844 0.8984375 0.8170254403131114 0.8837890625 0.8013698630136986 0.8623046875 0.7994129158512719 0.837890625 0.8111545988258317 0.8359375 0.8170254403131114 0.8369140625 0.8483365949119372 0.8447265625 0.8620352250489237
0 0.6044921875 0.8365949119373777 0.609375 0.8454011741682974 0.619140625 0.8512720156555773 0.6337890625 0.8512720156555773 0.6396484375 0.847358121330724 0.64453125 0.8287671232876711 0.63671875 0.8101761252446182 0.626953125 0.8072407045009784 0.6064453125 0.8199608610567515 0.603515625 0.8238747553816047 0.6044921875 0.8365949119373777
0 0.2275390625 0.10371819960861055 0.2548828125 0.111545988258317 0.2646484375 0.10176125244618395 0.26953125 0.08023483365949119 0.265625 0.07240704500978473 0.244140625 0.0538160469667319 0.2314453125 0.06262230919765166 0.22265625 0.07729941291585127 0.220703125 0.09099804305283757 0.2275390625 0.10371819960861055