0 0.1533203125 0.6399217221135028 0.1630859375 0.6399217221135028 0.169921875 0.6350293542074363 0.19140625 0.6360078277886496 0.208984375 0.6242661448140899 0.212890625 0.6056751467710371 0.208984375 0.5939334637964775 0.2001953125 0.586105675146771 0.1845703125 0.5792563600782779 0.169921875 0.5792563600782779 0.158203125 0.5851272015655578 0.15234375 0.5929549902152641 0.1435546875 0.6281800391389433 0.1533203125 0.6399217221135028
0 0.123046875 0.834637964774951 0.13671875 0.837573385518591 0.154296875 0.8317025440313112 0.1630859375 0.812133072407045 0.16796875 0.8111545988258317 0.1728515625 0.8023483365949119 0.171875 0.7896281800391389 0.1591796875 0.7690802348336595 0.1357421875 0.7553816046966731 0.119140625 0.7690802348336595 0.109375 0.7925636007827788 0.109375 0.8052837573385518 0.123046875 0.834637964774951
0 0.0419921875 0.9569471624266145 0.0693359375 0.9608610567514676 0.076171875 0.9549902152641877 0.0830078125 0.9549902152641877 0.0869140625 0.961839530332681 0.0849609375 0.9765166340508806 0.09765625 0.9892367906066536 0.107421875 0.987279843444227 0.1103515625 0.9784735812133072 0.107421875 0.9549902152641877 0.1162109375 0.9109589041095889 0.0986328125 0.8816046966731899 0.08984375 0.8796477495107631 0.0830078125 0.8825831702544031 0.048828125 0.9148727984344422 0.03515625 0.9393346379647749 0.03515625 0.9500978473581213 0.0419921875 0.9569471624266145
0 0.4072265625 0.8639921722113503 0.42578125 0.8864970645792564 0.421875 0.9178082191780822 0.4287109375 0.9373776908023483 0.435546875 0.9461839530332681 0.453125 0.9540117416829744 0.48046875 0.9549902152641877 0.4892578125 0.9500978473581213 0.4990234375 0.9383561643835616 0.5048828125 0.9197651663405088 0.5 0.8953033268101761 0.490234375 0.8845401174168297 0.453125 0.8718199608610566 0.4306640625 0.8444227005870841 0.4169921875 0.8414872798434441 0.4072265625 0.8551859099804305 0.4072265625 0.8639921722113503
0 0.7744140625 0.22700587084148727 0.7802734375 0.24070450097847357 0.78515625 0.2847358121330724 0.7978515625 0.299412915851272 0.85546875 0.27495107632093935 0.865234375 0.2690802348336595 0.8759765625 0.25538160469667315 0.8798828125 0.23091976516634052 0.8759765625 0.2191780821917808 0.8623046875 0.19960861056751467 0.845703125 0.18590998043052837 0.84375 0.14677103718199608 0.8369140625 0.13992172211350293 0.828125 0.14187866927592954 0.8203125 0.15557729941291584 0.8095703125 0.162426614481409 0.80078125 0.16144814090019569 0.7900390625 0.16634050880626222 0.76171875 0.20254403131115456 0.76171875 0.2162426614481409 0.7744140625 0.22700587084148727
0 0.8798828125 0.15362035225048923 0.88671875 0.15753424657534246 0.900390625 0.15655577299412915 0.9111328125 0.1379647749510763 0.908203125 0.12133072407045009 0.888671875 0.11252446183953033 0.880859375 0.11350293542074363 0.8759765625 0.12133072407045009 0.8759765625 0.14383561643835616 0.8798828125 0.15362035225048923
0 0.6162109375 0.34637964774951074 0.6259765625 0.34637964774951074 0.634765625 0.3336594911937377 0.634765625 0.3238747553816047 0.6181640625 0.31213307240704496 0.609375 0.31409001956947163 0.6015625 0.3268101761252446 0.6015625 0.337573385518591 0.6162109375 0.34637964774951074
0 0.634765625 0.3219178082191781 0.6484375 0.31898238747553814 0.654296875 0.3111545988258317 0.65234375 0.3043052837573385 0.6435546875 0.2984344422700587 0.62890625 0.3013698630136986 0.6279296875 0.31409001956947163 0.634765625 0.3219178082191781
0 0.6884765625 0.42857142857142855 0.6962890625 0.42857142857142855 0.7060546875 0.4217221135029354 0.7080078125 0.40998043052837574 0.7021484375 0.39921722113502933 0.6904296875 0.3972602739726027 0.6845703125 0.40313111545988256 0.68359375 0.41976516634050876 0.6884765625 0.42857142857142855
0 0.6435546875 0.4726027397260274 0.6806640625 0.4598825831702544 0.6884765625 0.4510763209393346 0.6826171875 0.44129158512720157 0.6640625 0.4344422700587084 0.66015625 0.42759295499021527 0.6513671875 0.423679060665362 0.640625 0.42759295499021527 0.626953125 0.44520547945205474 0.6259765625 0.4589041095890411 0.6435546875 0.4726027397260274
0 0.5771484375 0.4217221135029354 0.5771484375 0.4324853228962818 0.5810546875 0.4383561643835616 0.6015625 0.44227005870841485 0.6083984375 0.4393346379647749 0.6123046875 0.4295499021526418 0.619140625 0.423679060665362 0.623046875 0.4246575342465754 0.630859375 0.41291585127201563 0.615234375 0.40117416829745595 0.5986328125 0.40019569471624267 0.595703125 0.40900195694716246 0.5771484375 0.4217221135029354
0 0.1787109375 0.20939334637964774 0.1904296875 0.2123287671232877 0.19921875 0.2074363992172211 0.19921875 0.19863013698630136 0.1943359375 0.1917808219178082 0.181640625 0.1898238747553816 0.17578125 0.19373776908023482 0.173828125 0.20156555772994128 0.1787109375 0.20939334637964774
0 0.8310546875 0.7954990215264187 0.845703125 0.7984344422700587 0.8564453125 0.7915851272015655 0.8583984375 0.7788649706457925 0.8525390625 0.7700587084148728 0.8271484375 0.7651663405088062 0.8232421875 0.7710371819960861 0.822265625 0.783757338551859 0.8310546875 0.7954990215264187
0 0.6845703125 0.6428571428571428 0.6904296875 0.6448140900195695 0.69921875 0.6389432485322896 0.7001953125 0.6311154598825832 0.6953125 0.6262230919765166 0.68359375 0.6291585127201565 0.681640625 0.6389432485322896 0.6845703125 0.6428571428571428
0 0.509765625 0.6428571428571428 0.515625 0.6438356164383562 0.51953125 0.6399217221135028 0.51953125 0.6320939334637965 0.5068359375 0.6242661448140899 0.50390625 0.6350293542074363 0.509765625 0.6428571428571428
0 0.5810546875 0.7681017612524461 0.59375 0.7641878669275929 0.599609375 0.7563600782778865 0.59765625 0.7495107632093932 0.5908203125 0.7446183953033267 0.5751953125 0.7504892367906066 0.57421875 0.7592954990215264 0.5810546875 0.7681017612524461
0 0.7822265625 0.8610567514677104 0.7900390625 0.8679060665362035 0.80078125 0.8679060665362035 0.810546875 0.8522504892367906 0.810546875 0.8424657534246576 0.79296875 0.8238747553816047 0.7783203125 0.8209393346379648 0.7724609375 0.824853228962818 0.7734375 0.8463796477495107 0.7822265625 0.8610567514677104