0 0.486328125 0.2563600782778865 0.5048828125 0.2583170254403131 0.525390625 0.2495107632093933 0.5283203125 0.22407045009784735 0.517578125 0.2074363992172211 0.521484375 0.19765166340508805 0.51953125 0.1888454011741683 0.5078125 0.18688845401174167 0.4970703125 0.1908023483365949 0.474609375 0.22700587084148727 0.4755859375 0.2446183953033268 0.486328125 0.2563600782778865
0 0.611328125 0.2886497064579256 0.619140625 0.2876712328767123 0.623046875 0.28180039138943247 0.6220703125 0.2720156555772994 0.615234375 0.2651663405088062 0.6064453125 0.27103718199608606 0.6064453125 0.2847358121330724 0.611328125 0.2886497064579256
0 0.7509765625 0.3062622309197652 0.7724609375 0.3219178082191781 0.7802734375 0.3199608610567514 0.791015625 0.29452054794520544 0.787109375 0.2759295499021526 0.779296875 0.2690802348336595 0.7626953125 0.26810176125244617 0.7509765625 0.27495107632093935 0.7470703125 0.28180039138943247 0.74609375 0.29549902152641877 0.7509765625 0.3062622309197652
0 0.5719111328125 0.26776320939334636 0.573703125 0.2704569471624266 0.575853515625 0.2751272015655577 0.5853505859375 0.2805156555772994 0.5937724609375 0.27871917808219177 0.5971767578125 0.2708160469667319 0.60040234375 0.26470939334637966 0.6034482421875 0.2596810176125245 0.6168876953125 0.2584236790606653 0.6240546875 0.25465166340508805 0.6260263671875 0.24800587084148726 0.6260263671875 0.24064187866927594 0.6244130859375 0.2350743639921722 0.621904296875 0.23022504892367907 0.616349609375 0.22824951076320937 0.610974609375 0.22914774951076317 0.6029111328125 0.23040508806262228 0.5978935546875 0.2287876712328767 0.58911328125 0.2244774951076321 0.579974609375 0.22322015655577299 0.5740615234375 0.22124461839530332 0.5613388671875 0.2216037181996086 0.5536337890625 0.2234001956947162 0.5486171875 0.22968590998043054 0.543419921875 0.23830724070450096 0.5425244140625 0.2472876712328767 0.536431640625 0.2472876712328767 0.528009765625 0.24944324853228964 0.520484375 0.2541125244618395 0.517796875 0.26237475538160465 0.5167216796875 0.27189432485322895 0.52460546875 0.28087475538160467 0.5328486328125 0.28446673189823873 0.539478515625 0.28356849315068494 0.5489755859375 0.27961741682974556 0.5559638671875 0.2769227005870841 0.5598349609375 0.26724461839530333 0.56671484375 0.2681223091976517 0.5719111328125 0.26776320939334636
0 0.63671875 0.4882583170254403 0.6484375 0.4892367906066536 0.6552734375 0.4833659491193737 0.6572265625 0.4735812133072407 0.65234375 0.4667318982387475 0.6396484375 0.4657534246575342 0.6318359375 0.46966731898238745 0.630859375 0.4794520547945205 0.63671875 0.4882583170254403
0 0.537109375 0.17123287671232876 0.552734375 0.1761252446183953 0.5654296875 0.1780821917808219 0.5810546875 0.17318982387475537 0.599609375 0.1506849315068493 0.59765625 0.12426614481409001 0.5712890625 0.10176125244618395 0.5498046875 0.09393346379647749 0.5244140625 0.09295499021526418 0.5166015625 0.10078277886497064 0.5166015625 0.15655577299412915 0.537109375 0.17123287671232876
0 0.396484375 0.6272015655577299 0.400390625 0.62133072407045 0.3984375 0.6144814090019569 0.392578125 0.6066536203522505 0.3876953125 0.6076320939334637 0.3876953125 0.6262230919765166 0.396484375 0.6272015655577299
0 0.34765625 0.5968688845401174 0.3564453125 0.601761252446184 0.353515625 0.6174168297455969 0.3583984375 0.6223091976516634 0.3681640625 0.6223091976516634 0.375 0.6144814090019569 0.376953125 0.601761252446184 0.3876953125 0.5978473581213307 0.3876953125 0.5753424657534246 0.369140625 0.5547945205479452 0.35546875 0.5557729941291585 0.34375 0.5636007827788649 0.33984375 0.5743639921722112 0.34765625 0.5968688845401174
0 0.71484375 0.8111545988258317 0.736328125 0.824853228962818 0.7685546875 0.8160469667318981 0.78125 0.8033268101761252 0.791015625 0.7818003913894325 0.7998046875 0.7759295499021526 0.80078125 0.7641878669275929 0.794921875 0.7534246575342466 0.80078125 0.7397260273972602 0.80078125 0.726027397260274 0.79296875 0.7133072407045009 0.76171875 0.7025440313111545 0.7470703125 0.7015655577299412 0.73046875 0.7133072407045009 0.7275390625 0.738747553816047 0.71484375 0.7534246575342466 0.7109375 0.7641878669275929 0.7080078125 0.8013698630136986 0.71484375 0.8111545988258317
0 0.7333984375 0.863013698630137 0.7470703125 0.8835616438356164 0.7646484375 0.8835616438356164 0.783203125 0.863013698630137 0.779296875 0.8512720156555773 0.7490234375 0.8414872798434441 0.73828125 0.8297455968688844 0.7236328125 0.8307240704500979 0.716796875 0.8385518590998042 0.7177734375 0.8522504892367906 0.7333984375 0.863013698630137
0 0.2236328125 0.9990215264187867 0.2626953125 0.9990215264187867 0.26171875 0.9814090019569471 0.2470703125 0.9667318982387474 0.2294921875 0.9667318982387474 0.2197265625 0.9794520547945205 0.21875 0.9902152641878669 0.2236328125 0.9990215264187867
0 0.85546875 0.7857142857142857 0.859375 0.7915851272015655 0.8837890625 0.7827788649706457 0.892578125 0.7720156555772995 0.890625 0.7553816046966731 0.8828125 0.7475538160469667 0.87109375 0.74853228962818 0.8623046875 0.7553816046966731 0.85546875 0.7671232876712328 0.85546875 0.7857142857142857
0 0.5732421875 0.6409001956947162 0.587890625 0.6526418786692758 0.61328125 0.6594911937377691 0.6298828125 0.6545988258317025 0.6435546875 0.6369863013698629 0.650390625 0.6399217221135028 0.654296875 0.6506849315068493 0.6669921875 0.6575342465753424 0.67578125 0.6575342465753424 0.7158203125 0.6340508806262231 0.7216796875 0.6174168297455969 0.716796875 0.601761252446184 0.6923828125 0.5704500978473581 0.6572265625 0.5567514677103718 0.646484375 0.557729941291585 0.6298828125 0.5772994129158512 0.61328125 0.586105675146771 0.591796875 0.5880626223091976 0.5771484375 0.6066536203522505 0.57421875 0.6056751467710371 0.5673828125 0.6262230919765166 0.5732421875 0.6409001956947162
0 0.3427734375 0.15851272015655576 0.3671875 0.15166340508806261 0.37109375 0.13992172211350293 0.3681640625 0.1350293542074364 0.35546875 0.13111545988258316 0.3486328125 0.136986301369863 0.3369140625 0.136986301369863 0.3291015625 0.14285714285714285 0.3291015625 0.15557729941291584 0.3427734375 0.15851272015655576
0 0.8408203125 0.6859099804305283 0.888671875 0.6829745596868884 0.896484375 0.6761252446183953 0.900390625 0.6643835616438356 0.8935546875 0.6360078277886496 0.876953125 0.6223091976516634 0.8349609375 0.6311154598825832 0.8193359375 0.6585127201565557 0.8193359375 0.6673189823874754 0.8408203125 0.6859099804305283