0 0.50390625 0.286692759295499 0.5068359375 0.29452054794520544 0.50390625 0.30919765166340507 0.5068359375 0.3238747553816047 0.525390625 0.34637964774951074 0.53125 0.34833659491193736 0.546875 0.34637964774951074 0.556640625 0.337573385518591 0.5634765625 0.3238747553816047 0.5693359375 0.32093933463796476 0.5703125 0.30039138943248533 0.576171875 0.29158512720156554 0.6015625 0.2827788649706458 0.6103515625 0.24853228962818003 0.611328125 0.2162426614481409 0.6005859375 0.18101761252446183 0.609375 0.15655577299412915 0.6005859375 0.1360078277886497 0.583984375 0.11741682974559686 0.5732421875 0.11350293542074363 0.5654296875 0.11545988258317026 0.5478515625 0.1379647749510763 0.5458984375 0.15264187866927592 0.5263671875 0.16536203522504891 0.517578125 0.19373776908023482 0.5224609375 0.2279843444227006 0.4912109375 0.2651663405088062 0.490234375 0.2788649706457925 0.50390625 0.286692759295499
0 0.66796875 0.20254403131115456 0.6748046875 0.21330724070450097 0.68359375 0.21428571428571427 0.6962890625 0.20939334637964774 0.708984375 0.21819960861056747 0.7265625 0.21428571428571427 0.7353515625 0.22015655577299414 0.7451171875 0.22113502935420742 0.755859375 0.21037181996086102 0.75390625 0.1780821917808219 0.7333984375 0.17025440313111545 0.7216796875 0.14677103718199608 0.6591796875 0.14090019569471623 0.6533203125 0.14481409001956946 0.64453125 0.16731898238747553 0.6474609375 0.18493150684931506 0.66796875 0.20254403131115456
0 0.630859375 0.16046966731898238 0.63671875 0.16046966731898238 0.6435546875 0.15459882583170254 0.6416015625 0.14579256360078277 0.63671875 0.14285714285714285 0.6259765625 0.1487279843444227 0.625 0.15459882583170254 0.630859375 0.16046966731898238
0 0.6328125 0.2455968688845401 0.630859375 0.26810176125244617 0.6484375 0.29647749510763205 0.6533203125 0.299412915851272 0.6962890625 0.29647749510763205 0.7138671875 0.28082191780821913 0.7236328125 0.2632093933463796 0.724609375 0.2534246575342466 0.7099609375 0.2299412915851272 0.689453125 0.22407045009784735 0.6611328125 0.2328767123287671 0.65234375 0.223091976516634 0.625 0.21428571428571427 0.6220703125 0.21819960861056747 0.6328125 0.2455968688845401
0 0.8310546875 0.4716242661448141 0.8466796875 0.4735812133072407 0.8603515625 0.4647749510763209 0.8564453125 0.4432485322896282 0.8486328125 0.43346379647749506 0.830078125 0.43346379647749506 0.8193359375 0.446183953033268 0.8193359375 0.4598825831702544 0.8310546875 0.4716242661448141
0 0.7119140625 0.4637964774951076 0.720703125 0.4628180039138943 0.72265625 0.45303326810176126 0.7197265625 0.44520547945205474 0.708984375 0.44227005870841485 0.7041015625 0.446183953033268 0.705078125 0.4598825831702544 0.7119140625 0.4637964774951076
0 0.6513671875 0.5557729941291585 0.673828125 0.5518590998043053 0.6826171875 0.5401174168297456 0.689453125 0.5195694716242661 0.6875 0.50293542074364 0.658203125 0.49412915851272016 0.6474609375 0.49510763209393344 0.64453125 0.4990215264187866 0.6435546875 0.547945205479452 0.6513671875 0.5557729941291585
0 0.4013671875 0.6888454011741683 0.4326171875 0.6888454011741683 0.4375 0.6819960861056751 0.447265625 0.678082191780822 0.4521484375 0.6438356164383562 0.431640625 0.6203522504892367 0.416015625 0.6174168297455969 0.3994140625 0.6232876712328766 0.3857421875 0.6448140900195695 0.38671875 0.6692759295499021 0.4013671875 0.6888454011741683
0 0.4248046875 0.7690802348336595 0.4287109375 0.7769080234833659 0.4287109375 0.7847358121330724 0.419921875 0.7915851272015655 0.4208984375 0.7994129158512719 0.4287109375 0.8072407045009784 0.4423828125 0.8043052837573385 0.4501953125 0.7778864970645791 0.4619140625 0.7651663405088062 0.46484375 0.7563600782778865 0.4609375 0.7416829745596869 0.451171875 0.732876712328767 0.427734375 0.7318982387475538 0.4111328125 0.7495107632093932 0.4140625 0.7671232876712328 0.4248046875 0.7690802348336595
0 0.24609375 0.726027397260274 0.2607421875 0.7318982387475538 0.2685546875 0.7240704500978473 0.2783203125 0.6908023483365949 0.2724609375 0.6829745596868884 0.26171875 0.6790606653620352 0.244140625 0.6927592954990215 0.240234375 0.7015655577299412 0.240234375 0.7142857142857142 0.24609375 0.726027397260274
0 0.2666015625 0.9178082191780822 0.2783203125 0.920743639921722 0.2861328125 0.9178082191780822 0.306640625 0.8972602739726027 0.31640625 0.9187866927592955 0.33203125 0.9246575342465754 0.3388671875 0.9148727984344422 0.337890625 0.8884540117416829 0.3720703125 0.8767123287671232 0.376953125 0.8669275929549901 0.3720703125 0.8551859099804305 0.353515625 0.8512720156555773 0.349609375 0.8409980430528374 0.3515625 0.8170254403131114 0.3203125 0.7681017612524461 0.306640625 0.7544031311154599 0.2822265625 0.7583170254403131 0.2705078125 0.7945205479452054 0.2646484375 0.8405088062622308 0.2490234375 0.8512720156555773 0.2373046875 0.8444227005870841 0.23046875 0.847358121330724 0.2314453125 0.8864970645792564 0.2666015625 0.9178082191780822
0 0.81640625 0.9481409001956946 0.8466796875 0.9647749510763208 0.8623046875 0.9628180039138943 0.8671875 0.9549902152641877 0.8818359375 0.9471624266144814 0.8857421875 0.9393346379647749 0.880859375 0.9246575342465754 0.8466796875 0.9011741682974559 0.828125 0.9090019569471623 0.8125 0.9305283757338552 0.8115234375 0.9383561643835616 0.81640625 0.9481409001956946
0 0.8564453125 0.6888454011741683 0.87109375 0.6917808219178082 0.8798828125 0.6790606653620352 0.8759765625 0.6506849315068493 0.8701171875 0.6467710371819961 0.859375 0.6467710371819961 0.849609375 0.6506849315068493 0.84375 0.6585127201565557 0.84375 0.6712328767123287 0.8564453125 0.6888454011741683
0 0.78125 0.0547945205479452 0.79296875 0.06555772994129158 0.798828125 0.06457925636007827 0.802734375 0.05675146771037182 0.7958984375 0.03913894324853229 0.78125 0.026418786692759294 0.7666015625 0.02446183953033268 0.765625 0.030332681017612523 0.78125 0.0547945205479452
0 0.205078125 0.40019569471624267 0.2138671875 0.40019569471624267 0.21875 0.3943248532289628 0.2197265625 0.38649706457925637 0.2138671875 0.3796477495107632 0.2060546875 0.3796477495107632 0.19921875 0.38551859099804303 0.19921875 0.3933463796477495 0.205078125 0.40019569471624267
0 0.609375 0.786692759295499 0.615234375 0.7827788649706457 0.6171875 0.7720156555772995 0.6142578125 0.7671232876712328 0.607421875 0.7661448140900196 0.6005859375 0.7720156555772995 0.603515625 0.783757338551859 0.609375 0.786692759295499
0 0.373046875 0.9882583170254403 0.37890625 0.9990215264187867 0.43359375 0.9990215264187867 0.4189453125 0.9833659491193737 0.3955078125 0.9686888454011742 0.3779296875 0.9755381604696673 0.373046875 0.9804305283757339 0.373046875 0.9882583170254403