0 0.46484375 0.49510763209393344 0.4853515625 0.5088062622309197 0.5048828125 0.509784735812133 0.5185546875 0.5156555772994129 0.546875 0.5136986301369862 0.552734375 0.5117416829745596 0.560546875 0.5009784735812133 0.55859375 0.4823874755381604 0.53125 0.45792563600782776 0.515625 0.45205479452054786 0.4970703125 0.45205479452054786 0.486328125 0.4647749510763209 0.470703125 0.4677103718199608 0.4638671875 0.4735812133072407 0.4619140625 0.4892367906066536 0.46484375 0.49510763209393344
0 0.6494140625 0.23972602739726026 0.6357421875 0.2788649706457925 0.6416015625 0.3082191780821918 0.654296875 0.324853228962818 0.671875 0.3277886497064579 0.6884765625 0.3238747553816047 0.7041015625 0.31017612524461835 0.712890625 0.2876712328767123 0.7119140625 0.273972602739726 0.701171875 0.25048923679060664 0.708984375 0.24168297455968685 0.7236328125 0.24266144814090018 0.73046875 0.2328767123287671 0.7333984375 0.19373776908023482 0.7265625 0.17416829745596868 0.720703125 0.16634050880626222 0.708984375 0.1643835616438356 0.6884765625 0.18493150684931506 0.6865234375 0.1917808219178082 0.673828125 0.19960861056751467 0.6669921875 0.19863013698630136 0.654296875 0.18395303326810175 0.64453125 0.18493150684931506 0.6396484375 0.19667318982387474 0.640625 0.2152641878669276 0.6494140625 0.23972602739726026
0 0.767578125 0.2446183953033268 0.779296875 0.24070450097847357 0.791015625 0.22015655577299414 0.7861328125 0.2123287671232877 0.7763671875 0.20841487279843443 0.765625 0.20939334637964774 0.7578125 0.2172211350293542 0.7568359375 0.2299412915851272 0.767578125 0.2446183953033268
0 0.8037109375 0.2446183953033268 0.8173828125 0.24363992172211352 0.822265625 0.23679060665362034 0.8212890625 0.22504892367906065 0.814453125 0.2191780821917808 0.80078125 0.22211350293542073 0.7998046875 0.24070450097847357 0.8037109375 0.2446183953033268
0 0.8662109375 0.27984344422700586 0.8720703125 0.2837573385518591 0.88671875 0.2847358121330724 0.8955078125 0.27788649706457924 0.9033203125 0.24853228962818003 0.8974609375 0.24070450097847357 0.8837890625 0.2328767123287671 0.8720703125 0.2328767123287671 0.8544921875 0.24657534246575344 0.853515625 0.25733855185909976 0.8662109375 0.27984344422700586
0 0.2890625 0.5851272015655578 0.302734375 0.5998043052837574 0.310546875 0.6027397260273972 0.3193359375 0.6007827788649707 0.3251953125 0.5909980430528375 0.3232421875 0.5528375733855186 0.3134765625 0.547945205479452 0.3017578125 0.5489236790606653 0.294921875 0.5528375733855186 0.2890625 0.5636007827788649 0.2861328125 0.5743639921722112 0.2890625 0.5851272015655578
0 0.466796875 0.31702544031311153 0.470703125 0.3385518590998043 0.4912109375 0.35518590998043054 0.5126953125 0.35127201565557725 0.5224609375 0.3424657534246575 0.533203125 0.3238747553816047 0.5224609375 0.3013698630136986 0.5224609375 0.27495107632093935 0.505859375 0.2583170254403131 0.4970703125 0.2583170254403131 0.47265625 0.2690802348336595 0.4619140625 0.2837573385518591 0.45703125 0.3013698630136986 0.45703125 0.3111545988258317 0.466796875 0.31702544031311153
0 0.220703125 0.3639921722113503 0.2216796875 0.3786692759295499 0.2197265625 0.40410958904109584 0.2265625 0.41976516634050876 0.2509765625 0.42661448140900193 0.263671875 0.4246575342465754 0.2890625 0.4148727984344422 0.302734375 0.40410958904109584 0.3046875 0.38943248532289626 0.30078125 0.3659491193737769 0.283203125 0.33268101761252444 0.2734375 0.32289628180039137 0.251953125 0.3111545988258317 0.23828125 0.3111545988258317 0.2275390625 0.3180039138943248 0.2158203125 0.3385518590998043 0.21484375 0.3561643835616438 0.220703125 0.3639921722113503
0 0.1533203125 0.6966731898238747 0.1455078125 0.7240704500978473 0.1484375 0.7436399217221135 0.16796875 0.7690802348336595 0.1728515625 0.7690802348336595 0.171875 0.7720156555772995 0.1923828125 0.773972602739726 0.2021484375 0.7622309197651662 0.212890625 0.7632093933463796 0.22265625 0.7563600782778865 0.228515625 0.7416829745596869 0.197265625 0.6565557729941291 0.1962890625 0.6448140900195695 0.1865234375 0.6242661448140899 0.16796875 0.6154598825831703 0.154296875 0.6232876712328766 0.146484375 0.6330724070450098 0.14453125 0.6448140900195695 0.14453125 0.662426614481409 0.1533203125 0.6966731898238747
0 0.8994140625 0.9569471624266145 0.91796875 0.9549902152641877 0.927734375 0.9363992172211351 0.9521484375 0.9403131115459882 0.96484375 0.9315068493150684 0.962890625 0.9119373776908024 0.9560546875 0.9041095890410957 0.912109375 0.8894324853228962 0.900390625 0.8894324853228962 0.892578125 0.8953033268101761 0.880859375 0.9236790606653621 0.88671875 0.9471624266144814 0.8994140625 0.9569471624266145
0 0.119140625 0.29549902152641877 0.125 0.2984344422700587 0.1337890625 0.29647749510763205 0.134765625 0.2847358121330724 0.1298828125 0.28082191780821913 0.12109375 0.28180039138943247 0.1171875 0.2857142857142857 0.119140625 0.29549902152641877
0 0.365234375 0.7240704500978473 0.3818359375 0.7426614481409002 0.4033203125 0.7553816046966731 0.4130859375 0.7514677103718199 0.421875 0.7367906066536203 0.423828125 0.7201565557729941 0.4140625 0.6819960861056751 0.4072265625 0.6692759295499021 0.3828125 0.6712328767123287 0.3720703125 0.6810176125244618 0.359375 0.7025440313111545 0.3583984375 0.7103718199608611 0.365234375 0.7240704500978473
0 0.841796875 0.5117416829745596 0.8486328125 0.5136986301369862 0.861328125 0.5009784735812133 0.859375 0.4843444227005871 0.853515625 0.47651663405088057 0.845703125 0.4735812133072407 0.8359375 0.4833659491193737 0.8369140625 0.50293542074364 0.841796875 0.5117416829745596
0 0.748046875 0.7847358121330724 0.7880859375 0.7700587084148728 0.8056640625 0.7544031311154599 0.7998046875 0.7426614481409002 0.7900390625 0.7367906066536203 0.78125 0.7367906066536203 0.7607421875 0.7563600782778865 0.7412109375 0.7612524461839529 0.7333984375 0.7690802348336595 0.734375 0.7788649706457925 0.748046875 0.7847358121330724
0 0.7666015625 0.8894324853228962 0.78515625 0.8884540117416829 0.8056640625 0.8953033268101761 0.8154296875 0.8992172211350293 0.82421875 0.9090019569471623 0.84375 0.9031311154598824 0.8642578125 0.9021526418786692 0.8720703125 0.8894324853228962 0.8720703125 0.8816046966731899 0.865234375 0.8747553816046967 0.845703125 0.8610567514677104 0.828125 0.8571428571428571 0.8212890625 0.8590998043052837 0.814453125 0.8747553816046967 0.7783203125 0.8688845401174168 0.7646484375 0.8727984344422699 0.763671875 0.8864970645792564 0.7666015625 0.8894324853228962