0 0.392578125 0.0675146771037182 0.4091796875 0.06947162426614481 0.4287109375 0.060665362035225046 0.4326171875 0.0538160469667319 0.4326171875 0.03718199608610567 0.4287109375 0.02837573385518591 0.41796875 0.022504892367906065 0.4140625 0.014677103718199608 0.4091796875 0.011741682974559686 0.3994140625 0.0136986301369863 0.3876953125 0.030332681017612523 0.38671875 0.05870841487279843 0.392578125 0.0675146771037182
0 0.4345703125 0.033268101761252444 0.4423828125 0.03424657534246575 0.4482421875 0.029354207436399216 0.4501953125 0.016634050880626222 0.4453125 0.011741682974559686 0.4375 0.011741682974559686 0.431640625 0.018590998043052837 0.4306640625 0.026418786692759294 0.4345703125 0.033268101761252444
0 0.7060546875 0.18297455968688844 0.7138671875 0.18590998043052837 0.7412109375 0.18493150684931506 0.7490234375 0.16144814090019569 0.7490234375 0.15362035225048923 0.7412109375 0.13992172211350293 0.734375 0.1360078277886497 0.7216796875 0.1360078277886497 0.703125 0.14481409001956946 0.697265625 0.15166340508806261 0.697265625 0.17123287671232876 0.7060546875 0.18297455968688844
0 0.7578125 0.1780821917808219 0.7685546875 0.17906066536203522 0.77734375 0.17221135029354206 0.77734375 0.1634050880626223 0.7724609375 0.15753424657534246 0.759765625 0.15557729941291584 0.7548828125 0.16046966731898238 0.75390625 0.17123287671232876 0.7578125 0.1780821917808219
0 0.3125 0.4217221135029354 0.328125 0.4227005870841487 0.3388671875 0.4138943248532289 0.3408203125 0.3972602739726027 0.33203125 0.38551859099804303 0.3193359375 0.38649706457925637 0.3095703125 0.40019569471624267 0.3076171875 0.41193737769080235 0.3125 0.4217221135029354
0 0.63671875 0.2690802348336595 0.6435546875 0.2700587084148728 0.6533203125 0.2651663405088062 0.65625 0.25244618395303325 0.65234375 0.2455968688845401 0.638671875 0.24266144814090018 0.630859375 0.24755381604696672 0.62890625 0.2583170254403131 0.63671875 0.2690802348336595
0 0.0869140625 0.4628180039138943 0.0966796875 0.4657534246575342 0.103515625 0.4598825831702544 0.103515625 0.44911937377690797 0.0986328125 0.44227005870841485 0.083984375 0.44129158512720157 0.080078125 0.44520547945205474 0.080078125 0.4559686888454012 0.0869140625 0.4628180039138943
0 0.4501953125 0.6673189823874754 0.4580078125 0.6839530332681016 0.4423828125 0.7084148727984344 0.4443359375 0.7240704500978473 0.4375 0.7377690802348337 0.4375 0.7495107632093932 0.4453125 0.7583170254403131 0.4560546875 0.7553816046966731 0.46484375 0.7436399217221135 0.484375 0.7377690802348337 0.5009765625 0.7162426614481409 0.5400390625 0.7181996086105674 0.5771484375 0.7123287671232876 0.59765625 0.7221135029354208 0.6064453125 0.7201565557729941 0.6142578125 0.7123287671232876 0.63671875 0.7123287671232876 0.6435546875 0.7054794520547945 0.638671875 0.6819960861056751 0.625 0.6731898238747553 0.619140625 0.6598170254403131 0.6171875 0.6399217221135028 0.6015625 0.6135029354207436 0.591796875 0.601761252446184 0.5625 0.5870841487279843 0.5556640625 0.5792563600782779 0.548828125 0.5704500978473581 0.5517578125 0.5596868884540117 0.546875 0.5430528375733854 0.5400390625 0.5362035225048923 0.5302734375 0.5430528375733854 0.53515625 0.5694716242661448 0.53125 0.5772994129158512 0.52734375 0.5782778864970646 0.5166015625 0.5694716242661448 0.505859375 0.5704500978473581 0.4658203125 0.6144814090019569 0.4521484375 0.6389432485322896 0.4453125 0.6409001956947162 0.4296875 0.6320939334637965 0.4228515625 0.6369863013698629 0.4287109375 0.662426614481409 0.4501953125 0.6673189823874754
0 0.171875 0.9295499021526418 0.1865234375 0.9315068493150684 0.197265625 0.9246575342465754 0.201171875 0.9060665362035225 0.1962890625 0.8972602739726027 0.177734375 0.8913894324853228 0.166015625 0.9001956947162426 0.1640625 0.913894324853229 0.171875 0.9295499021526418
0 0.1240234375 0.824853228962818 0.1337890625 0.824853228962818 0.140625 0.8180039138943249 0.140625 0.8101761252446182 0.1298828125 0.8013698630136986 0.1220703125 0.8013698630136986 0.1162109375 0.8101761252446182 0.1171875 0.8189823874755382 0.1240234375 0.824853228962818
0 0.9541015625 0.6262230919765166 0.9765625 0.6262230919765166 0.9873046875 0.6154598825831703 0.9892578125 0.5998043052837574 0.97265625 0.5831702544031311 0.958984375 0.5812133072407045 0.9462890625 0.5890410958904109 0.9404296875 0.5978473581213307 0.94140625 0.6135029354207436 0.9541015625 0.6262230919765166
0 0.796875 0.8904109589041095 0.8076171875 0.8913894324853228 0.814453125 0.8864970645792564 0.81640625 0.8718199608610566 0.8095703125 0.8610567514677104 0.798828125 0.8590998043052837 0.7900390625 0.8688845401174168 0.7890625 0.8776908023483365 0.796875 0.8904109589041095
0 0.2734375 0.850293542074364 0.28125 0.8561643835616438 0.2939453125 0.8561643835616438 0.296875 0.8493150684931507 0.2939453125 0.8317025440313112 0.2841796875 0.8287671232876711 0.271484375 0.8317025440313112 0.26953125 0.8414872798434441 0.2734375 0.850293542074364
0 0.2958984375 0.7710371819960861 0.2978515625 0.7729941291585127 0.3037109375 0.7729941291585127 0.3056640625 0.7710371819960861 0.3056640625 0.7651663405088062 0.3017578125 0.7622309197651662 0.2978515625 0.7632093933463796 0.2958984375 0.7651663405088062 0.2958984375 0.7710371819960861
0 0.6015625 0.7896281800391389 0.6044921875 0.793542074363992 0.609375 0.7954990215264187 0.6123046875 0.7954990215264187 0.6171875 0.7925636007827788 0.6201171875 0.7857142857142857 0.6201171875 0.7827788649706457 0.6181640625 0.7808219178082191 0.6171875 0.7808219178082191 0.615234375 0.7788649706457925 0.6064453125 0.7778864970645791 0.6025390625 0.7818003913894325 0.6015625 0.7847358121330724 0.6015625 0.7896281800391389