0 0.25390625 0.06164383561643836 0.259765625 0.07436399217221135 0.2783203125 0.08023483365949119 0.2998046875 0.08023483365949119 0.3095703125 0.09882583170254403 0.3515625 0.11448140900195694 0.37109375 0.13209393346379647 0.3828125 0.15264187866927592 0.392578125 0.16144814090019569 0.4013671875 0.15557729941291584 0.4033203125 0.10176125244618395 0.3896484375 0.0812133072407045 0.37890625 0.08414872798434442 0.3701171875 0.08023483365949119 0.3515625 0.04794520547945205 0.328125 0.043052837573385516 0.3076171875 0.0538160469667319 0.2900390625 0.03228962818003914 0.27734375 0.0273972602739726 0.2578125 0.03131115459882583 0.2412109375 0.04207436399217221 0.2412109375 0.05675146771037182 0.25390625 0.06164383561643836
0 0.083984375 0.2495107632093933 0.095703125 0.26125244618395305 0.095703125 0.2729941291585127 0.0869140625 0.2857142857142857 0.0859375 0.2984344422700587 0.0947265625 0.3131115459882583 0.09375 0.33561643835616434 0.1015625 0.3405088062622309 0.0986328125 0.3522504892367906 0.1044921875 0.3659491193737769 0.1123046875 0.3659491193737769 0.123046875 0.35812133072407043 0.1474609375 0.3659491193737769 0.1572265625 0.363013698630137 0.1640625 0.36692759295499017 0.1748046875 0.3659491193737769 0.205078125 0.3268101761252446 0.208984375 0.31409001956947163 0.2255859375 0.2925636007827789 0.2470703125 0.29158512720156554 0.25390625 0.2857142857142857 0.2578125 0.27495107632093935 0.279296875 0.27103718199608606 0.29296875 0.24755381604696672 0.2958984375 0.22407045009784735 0.291015625 0.20939334637964774 0.2822265625 0.20254403131115456 0.2685546875 0.20254403131115456 0.2587890625 0.20939334637964774 0.2490234375 0.18590998043052837 0.2333984375 0.16536203522504891 0.23828125 0.15264187866927592 0.23828125 0.12622309197651663 0.220703125 0.10469667318982387 0.2080078125 0.09784735812133072 0.193359375 0.10078277886497064 0.18359375 0.1086105675146771 0.1796875 0.11839530332681017 0.1513671875 0.13013698630136986 0.1474609375 0.14187866927592954 0.162109375 0.16144814090019569 0.1533203125 0.19960861056751467 0.1298828125 0.21428571428571427 0.1044921875 0.20841487279843443 0.09375 0.2162426614481409 0.0830078125 0.23972602739726026 0.083984375 0.2495107632093933
0 0.337890625 0.4050880626223091 0.35546875 0.42074363992172203 0.3837890625 0.4295499021526418 0.400390625 0.4305283757338552 0.4248046875 0.4187866927592955 0.44140625 0.3953033268101761 0.44921875 0.3698630136986301 0.4404296875 0.32974559686888455 0.40234375 0.30724070450097846 0.37109375 0.3082191780821918 0.3564453125 0.31409001956947163 0.3369140625 0.33170254403131116 0.328125 0.3522504892367906 0.3271484375 0.3816046966731898 0.337890625 0.4050880626223091
0 0.326171875 0.5821917808219178 0.3525390625 0.5812133072407045 0.3662109375 0.5724070450097847 0.37109375 0.5616438356164383 0.3701171875 0.5362035225048923 0.3642578125 0.5254403131115459 0.349609375 0.5146771037181995 0.3359375 0.5146771037181995 0.3203125 0.5215264187866928 0.3115234375 0.5303326810176124 0.3056640625 0.5450097847358121 0.306640625 0.5675146771037182 0.326171875 0.5821917808219178
0 0.2763671875 0.4667318982387475 0.2919921875 0.4647749510763209 0.30078125 0.45401174168297453 0.30078125 0.4393346379647749 0.291015625 0.42857142857142855 0.275390625 0.42857142857142855 0.2666015625 0.4403131115459883 0.267578125 0.4589041095890411 0.2763671875 0.4667318982387475
0 0 0.6457925636007827 0.01171875 0.6399217221135028 0.0224609375 0.6193737769080234 0.0283203125 0.6154598825831703 0.0498046875 0.5430528375733854 0.046875 0.5254403131115459 0.037109375 0.5185909980430529 0.025390625 0.5185909980430529 0.00390625 0.5283757338551859 0 0.5313111545988258 0 0.6457925636007827
0 0.1240234375 0.6761252446183953 0.1123046875 0.6859099804305283 0.08984375 0.7377690802348337 0.0888671875 0.7446183953033267 0.0986328125 0.7553816046966731 0.1162109375 0.7524461839530332 0.140625 0.7553816046966731 0.1767578125 0.7250489236790607 0.1845703125 0.7318982387475538 0.1943359375 0.7338551859099803 0.216796875 0.7348336594911937 0.23828125 0.7299412915851271 0.29296875 0.700587084148728 0.306640625 0.6741682974559686 0.3037109375 0.6330724070450098 0.294921875 0.6164383561643836 0.2822265625 0.6037181996086105 0.26953125 0.5978473581213307 0.2373046875 0.601761252446184 0.2109375 0.6174168297455969 0.1953125 0.6379647749510763 0.1708984375 0.687866927592955 0.150390625 0.687866927592955 0.1376953125 0.675146771037182 0.140625 0.6575342465753424 0.1357421875 0.6399217221135028 0.119140625 0.6350293542074363 0.1103515625 0.6438356164383562 0.111328125 0.6536203522504892 0.1240234375 0.6761252446183953
0 0.1611328125 0.6604696673189824 0.171875 0.6585127201565557 0.1787109375 0.6526418786692758 0.1796875 0.6457925636007827 0.1748046875 0.6369863013698629 0.166015625 0.6360078277886496 0.1572265625 0.6428571428571428 0.1552734375 0.6516634050880625 0.1611328125 0.6604696673189824
0 0.4130859375 0.6428571428571428 0.42578125 0.6448140900195695 0.4560546875 0.6399217221135028 0.48046875 0.6164383561643836 0.4814453125 0.6066536203522505 0.46875 0.5792563600782779 0.4453125 0.5675146771037182 0.4375 0.5675146771037182 0.4130859375 0.5909980430528375 0.404296875 0.6095890410958904 0.404296875 0.6311154598825832 0.4130859375 0.6428571428571428
0 0.4072265625 0.796477495107632 0.4150390625 0.8209393346379648 0.46484375 0.8414872798434441 0.4794921875 0.8561643835616438 0.5048828125 0.8522504892367906 0.517578125 0.837573385518591 0.5302734375 0.8033268101761252 0.5302734375 0.7906066536203522 0.5263671875 0.7651663405088062 0.5126953125 0.7475538160469667 0.46484375 0.7201565557729941 0.4521484375 0.7191780821917808 0.4375 0.7367906066536203 0.4345703125 0.7338551859099803 0.4326171875 0.7416829745596869 0.4208984375 0.7475538160469667 0.4091796875 0.7681017612524461 0.41015625 0.7906066536203522 0.4072265625 0.796477495107632
0 0.36328125 0.8943248532289628 0.3828125 0.9187866927592955 0.40234375 0.9275929549902152 0.4189453125 0.9285714285714285 0.4453125 0.9217221135029353 0.4638671875 0.9021526418786692 0.4765625 0.8767123287671232 0.474609375 0.8581213307240704 0.462890625 0.8395303326810175 0.4169921875 0.8209393346379648 0.380859375 0.8258317025440313 0.3701171875 0.834637964774951 0.361328125 0.8542074363992171 0.3583984375 0.8776908023483365 0.36328125 0.8943248532289628
0 0.4345703125 0.2074363992172211 0.4453125 0.20645792563600782 0.45703125 0.19960861056751467 0.4912109375 0.20939334637964774 0.5 0.2054794520547945 0.5126953125 0.1898238747553816 0.53125 0.19569471624266144 0.55078125 0.19373776908023482 0.5634765625 0.18688845401174167 0.583984375 0.16144814090019569 0.5869140625 0.15166340508806261 0.583984375 0.12328767123287672 0.5732421875 0.11056751467710371 0.560546875 0.10371819960861055 0.529296875 0.10273972602739725 0.501953125 0.1223091976516634 0.4873046875 0.12328767123287672 0.4619140625 0.1379647749510763 0.423828125 0.18688845401174167 0.423828125 0.19863013698630136 0.4345703125 0.2074363992172211
0 0.001953125 0.7974559686888454 0.0087890625 0.7974559686888454 0.021484375 0.7827788649706457 0.0185546875 0.7729941291585127 0.0068359375 0.7681017612524461 0 0.7681017612524461 0.001953125 0.7974559686888454
0 0.18359375 0.8962818003913894 0.1904296875 0.9031311154598824 0.19921875 0.9246575342465754 0.21875 0.9422700587084147 0.248046875 0.9530332681017611 0.2509765625 0.9500978473581213 0.26171875 0.9530332681017611 0.2744140625 0.9432485322896282 0.2802734375 0.933463796477495 0.2861328125 0.9324853228962817 0.306640625 0.9530332681017611 0.3125 0.9510763209393346 0.3203125 0.9363992172211351 0.328125 0.9315068493150684 0.341796875 0.949119373776908 0.3427734375 0.9598825831702543 0.353515625 0.9735812133072406 0.3623046875 0.9941291585127201 0.369140625 0.9990215264187867 0.40625 0.9990215264187867 0.412109375 0.9863013698630138 0.41796875 0.9833659491193737 0.41796875 0.9608610567514676 0.4052734375 0.9344422700587083 0.3896484375 0.9236790606653621 0.3330078125 0.850293542074364 0.328125 0.8238747553816047 0.3232421875 0.8180039138943249 0.3134765625 0.8170254403131114 0.2998046875 0.8385518590998042 0.2724609375 0.8454011741682974 0.2216796875 0.8385518590998042 0.1953125 0.8454011741682974 0.1845703125 0.8551859099804305 0.1865234375 0.8835616438356164 0.18359375 0.8962818003913894
0 0.0166015625 0.9559686888454012 0.0146484375 0.9275929549902152 0.0009765625 0.9099804305283756 0 0.9833659491193737 0.0166015625 0.9559686888454012
0 0.96484375 0.19960861056751467 0.9794921875 0.2152641878669276 0.9990234375 0.22211350293542073 0.9990234375 0.11252446183953033 0.9677734375 0.13307240704500978 0.95703125 0.16144814090019569 0.9560546875 0.175146771037182 0.96484375 0.19960861056751467
0 0.6727216796875 0.3466076320939334 0.665365234375 0.33215851272015656 0.664482421875 0.32095303326810176 0.668896484375 0.3118111545988258 0.6791953125 0.3118111545988258 0.6930244140625 0.31918297455968686 0.705677734375 0.32419667318982387 0.723921875 0.32832485322896277 0.73745703125 0.32979941291585124 0.7551123046875 0.33097847358121324 0.7621748046875 0.33540215264187867 0.7704140625 0.3418894324853229 0.7760048828125 0.3454275929549902 0.791599609375 0.3407093933463796 0.8004277343750001 0.33687671232876715 0.818376953125 0.33540215264187867 0.8230849609375002 0.3386457925636008 0.8433886718749999 0.3469021526418786 0.8578076171875001 0.3395303326810176 0.8581015625000001 0.33038845401174166 0.8592783203125001 0.3224275929549902 0.8681064453125 0.3230166340508806 0.8804648437499999 0.328619373776908 0.8972373046875 0.32124755381604697 0.897826171875 0.30827299412915854 0.9093017578125 0.30945205479452054 0.9254853515624999 0.3180039138943248 0.95196875 0.3185939334637965 0.961384765625 0.30679843444227006 0.9528515625 0.2967729941291585 0.9460830078125 0.2849774951076321 0.9298994140625 0.2649256360078278 0.92342578125 0.24785812133072405 0.92077734375 0.23871722113502933 0.909595703125 0.23576810176125243 0.9008115234375002 0.2238131115459882 0.8899687499999999 0.21372309197651665 0.879126953125 0.21333561643835613 0.8686718750000001 0.20285812133072406 0.8694462890624999 0.19238160469667318 0.8837734375 0.18927690802348335 0.906232421875 0.18888845401174167 0.9174619140625 0.17181506849315067 0.9081679687500002 0.16521819960861056 0.8922919921875 0.1679344422700587 0.8795146484374999 0.17375538160469667 0.870220703125 0.16715851272015655 0.8756416015624999 0.154353228962818 0.8593789062500001 0.13068199608610565 0.8423408203125 0.12447358121330723 0.8295634765625 0.10856360078277885 0.806330078125 0.09769863013698629 0.7780634765625 0.09110176125244618 0.7505703125 0.09110176125244618 0.724626953125 0.09653522504892367 0.715333984375 0.10313111545988259 0.70216796875 0.11322015655577297 0.694423828125 0.11050391389432486 0.6812587890625 0.10934050880626223 0.68358203125 0.12796575342465752 0.670416015625 0.15509784735812132 0.646021484375 0.15626223091976515 0.6243369140625 0.16014187866927593 0.6119462890625 0.17682778864970644 0.6076865234375 0.19584246575342465 0.6119462890625 0.2195127201565558 0.6243369140625 0.24240704500978474 0.6239501953125 0.2575410958904109 0.6165927734375 0.2618091976516634 0.6072998046875 0.26840606653620347 0.585228515625 0.27655479452054793 0.5712880859375 0.2750029354207436 0.5530888671875 0.27267416829745594 0.537212890625 0.27461448140900196 0.5194013671875 0.2808238747553816 0.50236328125 0.2932407045009785 0.4950058593750001 0.3091506849315068 0.4950058593750001 0.33476125244618393 0.5163037109375 0.358431506849315 0.5376005859375 0.35687964774951075 0.5582568359375 0.35987671232876706 0.555025390625 0.3677446183953033 0.5484423828125 0.3789980430528376 0.54766796875 0.3952954990215264 0.5480556640625 0.4123698630136986 0.551927734375 0.43215949119373775 0.5577353515625 0.4449657534246575 0.56005859375 0.4620391389432485 0.558509765625 0.4795009784735812 0.576322265625 0.49735127201565554 0.6030400390625 0.49967906066536205 0.6258857421875 0.4888140900195694 0.6386640625 0.4744569471624266 0.6603486328125 0.46165068493150685 0.6773857421875 0.4542778864970646 0.685130859375 0.44108512720156556 0.6890029296875 0.4282798434442269 0.6963603515625 0.41508610567514675 0.7025556640625 0.4046086105675147 0.691712890625 0.38326614481409 0.684732421875 0.36567906066536204 0.6783125 0.35368395303326805 0.6727216796875 0.3466076320939334
0 0.5634765625 0.25929549902152643 0.578125 0.2632093933463796 0.5888671875 0.25538160469667315 0.5908203125 0.24266144814090018 0.5830078125 0.2328767123287671 0.5693359375 0.23091976516634052 0.560546875 0.23776908023483365 0.5595703125 0.25146771037182 0.5634765625 0.25929549902152643
0 0.8388671875 0.5019569471624266 0.8447265625 0.5215264187866928 0.8583984375 0.5371819960861057 0.8759765625 0.5459882583170254 0.8935546875 0.5430528375733854 0.8974609375 0.5391389432485323 0.896484375 0.5342465753424658 0.8681640625 0.5088062622309197 0.861328125 0.49021526418786693 0.8505859375 0.4755381604696673 0.84375 0.474559686888454 0.83203125 0.4804305283757338 0.8310546875 0.4921722113502935 0.8388671875 0.5019569471624266
0 0.697265625 0.6242661448140899 0.7060546875 0.6262230919765166 0.712890625 0.6223091976516634 0.7158203125 0.6095890410958904 0.7099609375 0.601761252446184 0.701171875 0.5998043052837574 0.693359375 0.6056751467710371 0.6923828125 0.6193737769080234 0.697265625 0.6242661448140899
0 0.85546875 0.601761252446184 0.86328125 0.6056751467710371 0.8779296875 0.6007827788649707 0.8779296875 0.5880626223091976 0.8720703125 0.5763209393346379 0.861328125 0.573385518590998 0.8525390625 0.5812133072407045 0.8515625 0.5919765166340508 0.85546875 0.601761252446184