0 0.1259765625 0.19569471624266144 0.1259765625 0.20645792563600782 0.1416015625 0.223091976516634 0.1943359375 0.2279843444227006 0.20703125 0.22504892367906065 0.208984375 0.21330724070450097 0.1982421875 0.19863013698630136 0.1962890625 0.18493150684931506 0.212890625 0.17906066536203522 0.2197265625 0.17123287671232876 0.2197265625 0.15949119373776907 0.2109375 0.14677103718199608 0.1962890625 0.149706457925636 0.1826171875 0.16927592954990214 0.173828125 0.16046966731898238 0.171875 0.15264187866927592 0.1611328125 0.14579256360078277 0.1533203125 0.14774951076320939 0.1396484375 0.15949119373776907 0.1162109375 0.16634050880626222 0.115234375 0.175146771037182 0.1259765625 0.19569471624266144
0 0.6328125 0.44422700587084146 0.658203125 0.4500978473581213 0.66796875 0.4500978473581213 0.6767578125 0.43542074363992167 0.671875 0.4246575342465754 0.6611328125 0.42074363992172203 0.6396484375 0.4217221135029354 0.630859375 0.42759295499021527 0.62890625 0.4344422700587084 0.6328125 0.44422700587084146
0 0.587890625 0.3884540117416829 0.595703125 0.38649706457925637 0.6044921875 0.3679060665362035 0.623046875 0.37181996086105673 0.63671875 0.3913894324853229 0.6435546875 0.410958904109589 0.6474609375 0.4148727984344422 0.654296875 0.41291585127201563 0.6650390625 0.38943248532289626 0.7021484375 0.3796477495107632 0.7119140625 0.36888454011741684 0.7138671875 0.35518590998043054 0.685546875 0.3473581213307241 0.677734375 0.32974559686888455 0.6689453125 0.32289628180039137 0.6708984375 0.31409001956947163 0.6923828125 0.3150684931506849 0.705078125 0.3043052837573385 0.7119140625 0.273972602739726 0.697265625 0.27103718199608606 0.68359375 0.27690802348336596 0.66015625 0.27495107632093935 0.6259765625 0.2827788649706458 0.6162109375 0.2925636007827789 0.61328125 0.30772994129158515 0.5927734375 0.32974559686888455 0.5869140625 0.3532289628180039 0.57421875 0.363013698630137 0.5771484375 0.3796477495107632 0.587890625 0.3884540117416829
0 0.501953125 0.5704500978473581 0.490234375 0.5782778864970646 0.4931640625 0.5919765166340508 0.5322265625 0.5900195694716242 0.548828125 0.5841487279843445 0.5517578125 0.5909980430528375 0.55078125 0.6154598825831703 0.556640625 0.6203522504892367 0.5673828125 0.6203522504892367 0.5732421875 0.6164383561643836 0.580078125 0.5851272015655578 0.5771484375 0.5665362035225049 0.572265625 0.5596868884540117 0.5576171875 0.5538160469667319 0.5537109375 0.5440313111545988 0.5390625 0.5293542074363992 0.5234375 0.5234833659491194 0.501953125 0.5283757338551859 0.494140625 0.5420743639921721 0.494140625 0.5528375733855186 0.501953125 0.5704500978473581
0 0.2431640625 0.7818003913894325 0.255859375 0.8238747553816047 0.2607421875 0.8287671232876711 0.2685546875 0.8277886497064578 0.2880859375 0.8072407045009784 0.3046875 0.8003913894324853 0.3134765625 0.7896281800391389 0.3115234375 0.7710371819960861 0.29296875 0.7524461839530332 0.29296875 0.7407045009784736 0.2890625 0.7367906066536203 0.2763671875 0.735812133072407 0.2646484375 0.7279843444227005 0.2548828125 0.7299412915851271 0.248046875 0.7367906066536203 0.2431640625 0.7514677103718199 0.232421875 0.7583170254403131 0.2314453125 0.7671232876712328 0.2431640625 0.7818003913894325
0 0.5390625 0.796477495107632 0.552734375 0.8072407045009784 0.568359375 0.8082191780821917 0.5830078125 0.8023483365949119 0.595703125 0.7808219178082191 0.5927734375 0.7622309197651662 0.5712890625 0.7465753424657533 0.548828125 0.7465753424657533 0.537109375 0.7553816046966731 0.533203125 0.7651663405088062 0.5322265625 0.7847358121330724 0.5390625 0.796477495107632
0 0.501953125 0.7984344422700587 0.509765625 0.7984344422700587 0.517578125 0.7896281800391389 0.5166015625 0.7818003913894325 0.5078125 0.7749510763209393 0.5009765625 0.7749510763209393 0.494140625 0.7808219178082191 0.4931640625 0.7906066536203522 0.501953125 0.7984344422700587
0 0.9482421875 0.821917808219178 0.958984375 0.8228962818003913 0.9658203125 0.8170254403131114 0.966796875 0.812133072407045 0.9599609375 0.8023483365949119 0.9521484375 0.8023483365949119 0.947265625 0.8072407045009784 0.9453125 0.8150684931506849 0.9482421875 0.821917808219178
0 0.859375 0.5450097847358121 0.8662109375 0.5469667318982387 0.8740234375 0.5430528375733854 0.8759765625 0.5322896281800391 0.8701171875 0.5254403131115459 0.8564453125 0.5283757338551859 0.85546875 0.5391389432485323 0.859375 0.5450097847358121
0 0.8125 0.31898238747553814 0.8427734375 0.32093933463796476 0.8681640625 0.33268101761252444 0.8779296875 0.33170254403131116 0.8837890625 0.324853228962818 0.8857421875 0.3062622309197652 0.875 0.27984344422700586 0.880859375 0.26125244618395305 0.8759765625 0.2455968688845401 0.8681640625 0.2455968688845401 0.8623046875 0.24070450097847357 0.8408203125 0.24070450097847357 0.8037109375 0.25146771037182 0.783203125 0.26810176125244617 0.78515625 0.29060665362035226 0.8125 0.31898238747553814
0 0.8017578125 0.35518590998043054 0.8125 0.3532289628180039 0.818359375 0.34540117416829746 0.81640625 0.33463796477495106 0.810546875 0.33072407045009783 0.8017578125 0.33072407045009783 0.794921875 0.3385518590998043 0.794921875 0.350293542074364 0.8017578125 0.35518590998043054
0 0.095703125 0.3776908023483366 0.10546875 0.3796477495107632 0.11328125 0.37573385518590996 0.1162109375 0.36497064579256355 0.1123046875 0.35812133072407043 0.0986328125 0.3561643835616438 0.09375 0.3590998043052837 0.0908203125 0.36888454011741684 0.095703125 0.3776908023483366