0 0.46875 0.3923679060665362 0.4697265625 0.39921722113502933 0.4931640625 0.40900195694716246 0.5126953125 0.4246575342465754 0.5185546875 0.4481409001956947 0.5390625 0.46183953033268105 0.5537109375 0.4637964774951076 0.5595703125 0.4559686888454012 0.556640625 0.43737769080234834 0.5693359375 0.42074363992172203 0.5771484375 0.3972602739726027 0.5751953125 0.37279843444227 0.564453125 0.3679060665362035 0.556640625 0.3561643835616438 0.533203125 0.34833659491193736 0.515625 0.33268101761252444 0.5107421875 0.31702544031311153 0.5 0.3111545988258317 0.48828125 0.3131115459882583 0.4775390625 0.33072407045009783 0.4736328125 0.3268101761252446 0.4638671875 0.3268101761252446 0.4521484375 0.35127201565557725 0.4521484375 0.3776908023483366 0.46875 0.3923679060665362
0 0.677734375 0.7279843444227005 0.6875 0.7309197651663404 0.689453125 0.74853228962818 0.7021484375 0.7690802348336595 0.7236328125 0.7671232876712328 0.75390625 0.7808219178082191 0.779296875 0.7827788649706457 0.7939453125 0.7759295499021526 0.8056640625 0.7544031311154599 0.810546875 0.7299412915851271 0.80859375 0.7221135029354208 0.822265625 0.6839530332681016 0.8173828125 0.675146771037182 0.8076171875 0.6712328767123287 0.791015625 0.678082191780822 0.779296875 0.6653620352250489 0.76171875 0.6790606653620352 0.7431640625 0.6819960861056751 0.732421875 0.6800391389432485 0.712890625 0.6673189823874754 0.693359375 0.6712328767123287 0.673828125 0.6663405088062622 0.6689453125 0.6712328767123287 0.6708984375 0.6819960861056751 0.65625 0.6947162426614482 0.6572265625 0.7084148727984344 0.677734375 0.7279843444227005
0 0.583984375 0.5645792563600782 0.6142578125 0.5645792563600782 0.6298828125 0.5567514677103718 0.6337890625 0.5469667318982387 0.623046875 0.5283757338551859 0.615234375 0.5303326810176124 0.599609375 0.5254403131115459 0.5771484375 0.5342465753424658 0.5732421875 0.5401174168297456 0.5732421875 0.5567514677103718 0.583984375 0.5645792563600782
0 0.5166015625 0.03718199608610567 0.533203125 0.03718199608610567 0.5478515625 0.04403131115459882 0.560546875 0.05772994129158513 0.578125 0.05968688845401173 0.5830078125 0.03913894324853229 0.5615234375 0.01761252446183953 0.541015625 0.008806262230919765 0.5322265625 0.008806262230919765 0.515625 0.025440313111545987 0.513671875 0.033268101761252444 0.5166015625 0.03718199608610567
0 0.60546875 0.149706457925636 0.619140625 0.1487279843444227 0.623046875 0.13992172211350293 0.619140625 0.13013698630136986 0.607421875 0.12720156555772993 0.599609375 0.13307240704500978 0.6005859375 0.14481409001956946 0.60546875 0.149706457925636
0 0.69140625 0.26125244618395305 0.703125 0.2632093933463796 0.7109375 0.2583170254403131 0.712890625 0.24657534246575344 0.7060546875 0.23483365949119372 0.693359375 0.2328767123287671 0.685546875 0.24070450097847357 0.6845703125 0.2495107632093933 0.69140625 0.26125244618395305
0 0.0439453125 0.6399217221135028 0.064453125 0.6164383561643836 0.064453125 0.608610567514677 0.05859375 0.6007827788649707 0.033203125 0.5949119373776908 0.0185546875 0.5968688845401174 0.0009765625 0.5880626223091976 0 0.6311154598825832 0.0439453125 0.6399217221135028
0 0 0.9305283757338552 0.021484375 0.9344422700587083 0.0361328125 0.9305283757338552 0.046875 0.9119373776908024 0.0458984375 0.9021526418786692 0.0400390625 0.8972602739726027 0.01171875 0.8904109589041095 0 0.8904109589041095 0 0.9305283757338552
0 0.2255859375 0.6663405088062622 0.2236328125 0.6819960861056751 0.228515625 0.6859099804305283 0.2451171875 0.6868884540117416 0.2490234375 0.6810176125244618 0.248046875 0.6536203522504892 0.240234375 0.6467710371819961 0.2333984375 0.6252446183953033 0.2294921875 0.6223091976516634 0.2236328125 0.6242661448140899 0.212890625 0.6409001956947162 0.212890625 0.6526418786692758 0.2255859375 0.6663405088062622
0 0.173828125 0.5254403131115459 0.177734375 0.5293542074363992 0.2119140625 0.5293542074363992 0.22265625 0.5048923679060665 0.2197265625 0.4804305283757338 0.205078125 0.4755381604696673 0.1826171875 0.4823874755381604 0.1767578125 0.49021526418786693 0.1708984375 0.5136986301369862 0.173828125 0.5254403131115459
0 0.107421875 0.5293542074363992 0.1337890625 0.5440313111545988 0.1494140625 0.5401174168297456 0.1533203125 0.5254403131115459 0.150390625 0.5078277886497065 0.146484375 0.49804305283757333 0.1279296875 0.47651663405088057 0.1220703125 0.4726027397260274 0.1123046875 0.474559686888454 0.10546875 0.4843444227005871 0.1015625 0.5019569471624266 0.1005859375 0.5205479452054794 0.107421875 0.5293542074363992
0 0.259765625 0.09099804305283757 0.2607421875 0.10567514677103718 0.267578125 0.11252446183953033 0.27734375 0.11252446183953033 0.2890625 0.10567514677103718 0.2958984375 0.08610567514677103 0.3134765625 0.08806262230919765 0.3203125 0.08023483365949119 0.3193359375 0.06653620352250489 0.30859375 0.03913894324853229 0.2890625 0.023483365949119372 0.2822265625 0.023483365949119372 0.2763671875 0.029354207436399216 0.275390625 0.043052837573385516 0.2685546875 0.05675146771037182 0.2685546875 0.07240704500978473 0.259765625 0.09099804305283757
0 0 0.033268101761252444 0.0087890625 0.03424657534246575 0.0341796875 0.022504892367906065 0.0390625 0.009784735812133072 0.0380859375 0 0 0 0 0.033268101761252444
0 0.8603515625 0.41682974559686886 0.8876953125 0.423679060665362 0.904296875 0.41291585127201563 0.90625 0.38943248532289626 0.8974609375 0.3786692759295499 0.875 0.37377690802348335 0.8544921875 0.38454011741682975 0.853515625 0.40410958904109584 0.8603515625 0.41682974559686886
0 0.8486328125 0.5195694716242661 0.865234375 0.547945205479452 0.8720703125 0.5528375733855186 0.88671875 0.5557729941291585 0.931640625 0.5499021526418787 0.9521484375 0.5322896281800391 0.9658203125 0.5117416829745596 0.9609375 0.4833659491193737 0.94921875 0.4677103718199608 0.9345703125 0.4589041095890411 0.8974609375 0.4481409001956947 0.8720703125 0.4471624266144814 0.849609375 0.45205479452054786 0.8388671875 0.46868884540117417 0.8388671875 0.5146771037181995 0.8486328125 0.5195694716242661
0 0.7958984375 0.350293542074364 0.80078125 0.3542074363992172 0.810546875 0.3522504892367906 0.814453125 0.34540117416829746 0.810546875 0.3277886497064579 0.802734375 0.3199608610567514 0.7900390625 0.3180039138943248 0.787109375 0.324853228962818 0.7958984375 0.350293542074364
0 0.513671875 0.9823874755381604 0.533203125 0.9823874755381604 0.5615234375 0.9931506849315068 0.5908203125 0.9931506849315068 0.5986328125 0.9911937377690802 0.6015625 0.9863013698630138 0.6025390625 0.9677103718199609 0.5849609375 0.9412915851272015 0.564453125 0.9412915851272015 0.5390625 0.9354207436399216 0.5224609375 0.9393346379647749 0.5078125 0.9373776908023483 0.498046875 0.9412915851272015 0.50390625 0.9735812133072406 0.513671875 0.9823874755381604
0 0.390625 0.6330724070450098 0.390625 0.6379647749510763 0.3935546875 0.6438356164383562 0.3974609375 0.6457925636007827 0.412109375 0.6438356164383562 0.4169921875 0.6418786692759295 0.431640625 0.6242661448140899 0.4365234375 0.62133072407045 0.439453125 0.6164383561643836 0.439453125 0.6125244618395304 0.4384765625 0.6105675146771037 0.4345703125 0.608610567514677 0.423828125 0.6076320939334637 0.419921875 0.6095890410958904 0.4169921875 0.6144814090019569 0.41015625 0.6203522504892367 0.4052734375 0.6174168297455969 0.400390625 0.6164383561643836 0.390625 0.6262230919765166 0.3896484375 0.6320939334637965 0.390625 0.6330724070450098
0 0.392578125 0.6614481409001957 0.396484375 0.6643835616438356 0.400390625 0.6634050880626223 0.4013671875 0.662426614481409 0.4013671875 0.6575342465753424 0.3974609375 0.6545988258317025 0.3935546875 0.6555772994129158 0.3916015625 0.6575342465753424 0.392578125 0.6614481409001957
0 0.24609375 0.9266144814090019 0.2509765625 0.9315068493150684 0.259765625 0.9295499021526418 0.263671875 0.9246575342465754 0.26171875 0.9168297455968688 0.2529296875 0.9099804305283756 0.2470703125 0.9119373776908024 0.244140625 0.9178082191780822 0.24609375 0.9266144814090019
0 0.1298828125 0.16046966731898238 0.142578125 0.162426614481409 0.1611328125 0.17416829745596868 0.1728515625 0.17025440313111545 0.1767578125 0.15949119373776907 0.1630859375 0.14187866927592954 0.1640625 0.12426614481409001 0.1572265625 0.11056751467710371 0.1484375 0.1086105675146771 0.1259765625 0.12622309197651663 0.125 0.1506849315068493 0.1298828125 0.16046966731898238
0 0.248046875 0.4187866927592955 0.2646484375 0.4217221135029354 0.2783203125 0.410958904109589 0.283203125 0.4021526418786692 0.2841796875 0.38551859099804303 0.279296875 0.37279843444227 0.267578125 0.3698630136986301 0.2568359375 0.3542074363992172 0.244140625 0.3532289628180039 0.240234375 0.3590998043052837 0.2216796875 0.36692759295499017 0.216796875 0.37279843444227 0.21875 0.38454011741682975 0.248046875 0.4187866927592955
0 0.2998046875 0.4246575342465754 0.306640625 0.42759295499021527 0.3173828125 0.41976516634050876 0.3203125 0.4070450097847358 0.31640625 0.3953033268101761 0.298828125 0.3953033268101761 0.29296875 0.40313111545988256 0.2919921875 0.410958904109589 0.2998046875 0.4246575342465754
0 0.3193359375 0.3698630136986301 0.3251953125 0.3679060665362035 0.326171875 0.3571428571428571 0.3193359375 0.3434442270058708 0.3056640625 0.3395303326810176 0.298828125 0.34540117416829746 0.306640625 0.36497064579256355 0.3193359375 0.3698630136986301