0 0.0595703125 0.2162426614481409 0.0634765625 0.22602739726027393 0.078125 0.23483365949119372 0.083984375 0.24755381604696672 0.09375 0.24853228962818003 0.1123046875 0.24266144814090018 0.1171875 0.23776908023483365 0.1181640625 0.22896281800391388 0.10546875 0.20939334637964774 0.111328125 0.19373776908023482 0.1083984375 0.18199608610567514 0.0986328125 0.1780821917808219 0.087890625 0.18395303326810175 0.0830078125 0.17416829745596868 0.07421875 0.16927592954990214 0.0654296875 0.1771037181996086 0.0595703125 0.19863013698630136 0.0595703125 0.2162426614481409
0 0.19140625 0.49706457925636005 0.19921875 0.5 0.212890625 0.49412915851272016 0.234375 0.4598825831702544 0.2373046875 0.44911937377690797 0.2333984375 0.4344422700587084 0.2265625 0.4295499021526418 0.21875 0.4295499021526418 0.203125 0.43737769080234834 0.181640625 0.47651663405088057 0.181640625 0.48727984344422703 0.19140625 0.49706457925636005
0 0.166015625 0.5772994129158512 0.181640625 0.5812133072407045 0.1953125 0.5675146771037182 0.208984375 0.5391389432485323 0.216796875 0.5322896281800391 0.216796875 0.5195694716242661 0.2080078125 0.512720156555773 0.1982421875 0.5136986301369862 0.169921875 0.5362035225048923 0.1611328125 0.5684931506849316 0.166015625 0.5772994129158512
0 0.7197265625 0.4657534246575342 0.7197265625 0.4726027397260274 0.7470703125 0.5283757338551859 0.76171875 0.5450097847358121 0.783203125 0.557729941291585 0.8017578125 0.5802348336594911 0.810546875 0.5841487279843445 0.8193359375 0.5792563600782779 0.833984375 0.560665362035225 0.8466796875 0.5332681017612524 0.849609375 0.49804305283757333 0.8447265625 0.49021526418786693 0.830078125 0.4726027397260274 0.818359375 0.4667318982387475 0.79296875 0.4628180039138943 0.77734375 0.4667318982387475 0.7685546875 0.47749510763209385 0.7548828125 0.4794520547945205 0.7451171875 0.4716242661448141 0.7392578125 0.4559686888454012 0.734375 0.45303326810176126 0.7294921875 0.4559686888454012 0.7294921875 0.46086105675146766 0.7197265625 0.4657534246575342
0 0.6025390625 0.446183953033268 0.6123046875 0.46183953033268105 0.6201171875 0.4647749510763209 0.64453125 0.4637964774951076 0.6640625 0.4510763209393346 0.6728515625 0.4138943248532289 0.662109375 0.3933463796477495 0.654296875 0.38649706457925637 0.619140625 0.38551859099804303 0.60546875 0.3933463796477495 0.5986328125 0.40802348336594907 0.595703125 0.4246575342465754 0.6025390625 0.446183953033268
0 0.48046875 0.6917808219178082 0.48828125 0.6917808219178082 0.494140625 0.6868884540117416 0.4970703125 0.675146771037182 0.48828125 0.6643835616438356 0.478515625 0.6643835616438356 0.470703125 0.6722113502935421 0.470703125 0.6819960861056751 0.48046875 0.6917808219178082
0 0.380859375 0.2827788649706458 0.4013671875 0.30039138943248533 0.4130859375 0.2974559686888454 0.421875 0.27984344422700586 0.4189453125 0.24755381604696672 0.4013671875 0.23972602739726026 0.3857421875 0.24168297455968685 0.3779296875 0.25048923679060664 0.3759765625 0.2690802348336595 0.380859375 0.2827788649706458
0 0.546875 0.5841487279843445 0.5732421875 0.5870841487279843 0.5849609375 0.5812133072407045 0.59375 0.5704500978473581 0.591796875 0.5469667318982387 0.5771484375 0.5332681017612524 0.5654296875 0.5342465753424658 0.5556640625 0.5440313111545988 0.53515625 0.5499021526418787 0.5341796875 0.5743639921722112 0.546875 0.5841487279843445
0 0.369140625 0.7093933463796478 0.3818359375 0.7123287671232876 0.3896484375 0.7054794520547945 0.3984375 0.6859099804305283 0.3984375 0.6643835616438356 0.380859375 0.6604696673189824 0.3740234375 0.6634050880626223 0.3662109375 0.675146771037182 0.3603515625 0.6956947162426614 0.369140625 0.7093933463796478
0 0.615234375 0.6438356164383562 0.6220703125 0.6536203522504892 0.6455078125 0.6594911937377691 0.6513671875 0.6555772994129158 0.650390625 0.6311154598825832 0.6533203125 0.6232876712328766 0.6416015625 0.598825831702544 0.6328125 0.595890410958904 0.6123046875 0.6007827788649707 0.603515625 0.6164383561643836 0.6005859375 0.6340508806262231 0.615234375 0.6438356164383562
0 0.0361328125 0.7896281800391389 0.046875 0.7915851272015655 0.05859375 0.7827788649706457 0.05859375 0.7681017612524461 0.05078125 0.7612524461839529 0.03515625 0.7612524461839529 0.029296875 0.7681017612524461 0.0283203125 0.7778864970645791 0.0361328125 0.7896281800391389
0 0.9072265625 0.5743639921722112 0.94140625 0.5557729941291585 0.943359375 0.5420743639921721 0.9345703125 0.5322896281800391 0.919921875 0.5254403131115459 0.9033203125 0.5391389432485323 0.89453125 0.5528375733855186 0.8955078125 0.5704500978473581 0.9072265625 0.5743639921722112
0 0.3583984375 0.3972602739726027 0.3740234375 0.3972602739726027 0.3779296875 0.38062622309197647 0.373046875 0.36203522504892366 0.3671875 0.3571428571428571 0.3564453125 0.3571428571428571 0.3486328125 0.3659491193737769 0.3505859375 0.38943248532289626 0.3583984375 0.3972602739726027