0 0.6787109375 0.6810176125244618 0.6953125 0.6917808219178082 0.7080078125 0.6956947162426614 0.7265625 0.6947162426614482 0.73828125 0.6888454011741683 0.7490234375 0.6771037181996086 0.7490234375 0.6487279843444227 0.73828125 0.6301369863013698 0.7265625 0.6193737769080234 0.7060546875 0.6174168297455969 0.6943359375 0.6223091976516634 0.6806640625 0.6330724070450098 0.671875 0.649706457925636 0.6708984375 0.6585127201565557 0.6787109375 0.6810176125244618
0 0.4228515625 0.773972602739726 0.43359375 0.7759295499021526 0.44140625 0.7729941291585127 0.4638671875 0.7847358121330724 0.4736328125 0.7857142857142857 0.4833984375 0.7759295499021526 0.4970703125 0.7397260273972602 0.4873046875 0.7348336594911937 0.474609375 0.7416829745596869 0.458984375 0.7407045009784736 0.451171875 0.7465753424657533 0.443359375 0.7446183953033267 0.4375 0.7348336594911937 0.4306640625 0.7338551859099803 0.41796875 0.7436399217221135 0.4150390625 0.7504892367906066 0.4150390625 0.7651663405088062 0.4228515625 0.773972602739726
0 0.2587890625 0.8649706457925636 0.28515625 0.8943248532289628 0.3095703125 0.9021526418786692 0.337890625 0.9021526418786692 0.3525390625 0.9119373776908024 0.3916015625 0.9246575342465754 0.4033203125 0.9246575342465754 0.4091796875 0.9178082191780822 0.40625 0.87573385518591 0.3974609375 0.8610567514677104 0.3857421875 0.8532289628180039 0.380859375 0.8365949119373777 0.376953125 0.7896281800391389 0.35546875 0.7681017612524461 0.333984375 0.7622309197651662 0.3193359375 0.7641878669275929 0.3046875 0.7602739726027397 0.2978515625 0.7534246575342466 0.2890625 0.7553816046966731 0.279296875 0.7759295499021526 0.267578125 0.7857142857142857 0.251953125 0.8238747553816047 0.251953125 0.8405088062622308 0.2587890625 0.8649706457925636
0 0.1513671875 0.87573385518591 0.1669921875 0.8698630136986301 0.1669921875 0.834637964774951 0.1767578125 0.8268101761252445 0.1630859375 0.8072407045009784 0.154296875 0.8052837573385518 0.1337890625 0.8140900195694716 0.123046875 0.8287671232876711 0.1328125 0.8727984344422699 0.1513671875 0.87573385518591
0 0.4921875 0.42857142857142855 0.513671875 0.43542074363992167 0.5302734375 0.4305283757338552 0.5390625 0.4403131115459883 0.5537109375 0.44422700587084146 0.5712890625 0.4637964774951076 0.583984375 0.48532289628180036 0.611328125 0.49804305283757333 0.619140625 0.49804305283757333 0.6259765625 0.49510763209393344 0.64453125 0.4735812133072407 0.64453125 0.4657534246575342 0.6181640625 0.42857142857142855 0.619140625 0.41291585127201563 0.615234375 0.40117416829745595 0.60546875 0.3953033268101761 0.59375 0.40410958904109584 0.5859375 0.40410958904109584 0.5712890625 0.3933463796477495 0.5693359375 0.37279843444227 0.56640625 0.37084148727984345 0.560546875 0.36888454011741684 0.5361328125 0.37377690802348335 0.5185546875 0.38649706457925637 0.498046875 0.3835616438356164 0.4912109375 0.3953033268101761 0.4892578125 0.42563600782778865 0.4921875 0.42857142857142855
0 0.94140625 0.09980430528375733 0.95703125 0.09882583170254403 0.9677734375 0.08806262230919765 0.9677734375 0.07338551859099804 0.95703125 0.06164383561643836 0.943359375 0.060665362035225046 0.931640625 0.07142857142857142 0.931640625 0.09001956947162426 0.94140625 0.09980430528375733
0 0.505859375 0.11937377690802346 0.5302734375 0.12524461839530332 0.537109375 0.14285714285714285 0.552734375 0.15459882583170254 0.5615234375 0.15459882583170254 0.568359375 0.149706457925636 0.56640625 0.13894324853228962 0.5390625 0.12328767123287672 0.5498046875 0.09197651663405088 0.5322265625 0.06947162426614481 0.515625 0.06653620352250489 0.505859375 0.07240704500978473 0.4970703125 0.08512720156555773 0.498046875 0.10469667318982387 0.505859375 0.11937377690802346
0 0.5576171875 0.175146771037182 0.564453125 0.17123287671232876 0.56640625 0.162426614481409 0.560546875 0.15459882583170254 0.5498046875 0.15166340508806261 0.5419921875 0.15753424657534246 0.546875 0.17318982387475537 0.5576171875 0.175146771037182
0 0.5849609375 0.2720156555772994 0.5947265625 0.2720156555772994 0.599609375 0.26810176125244617 0.6015625 0.25929549902152643 0.595703125 0.25146771037182 0.5869140625 0.25048923679060664 0.580078125 0.2563600782778865 0.5791015625 0.26418786692759294 0.5849609375 0.2720156555772994
0 0.4521484375 0.223091976516634 0.453125 0.25538160469667315 0.4599609375 0.2602739726027397 0.465 0.26007142857142856 0.4677734375 0.2534246575342466 0.473607421875 0.2482739726027397 0.48030078125 0.2497142857142857 0.4844111328125 0.2572984344422701 0.48042773437499997 0.2648405088062622 0.48046875 0.27690802348336596 0.4833984375 0.2857142857142857 0.50390625 0.2896281800391389 0.517578125 0.28082191780821913 0.525390625 0.24853228962818003 0.5400390625 0.23581213307240706 0.5498046875 0.22015655577299414 0.552734375 0.20254403131115456 0.548828125 0.18688845401174167 0.537109375 0.1634050880626223 0.5234375 0.15655577299412915 0.494140625 0.15949119373776907 0.4833984375 0.16536203522504891 0.4658203125 0.18395303326810175 0.462890625 0.20499021526418787 0.4521484375 0.223091976516634
0 0.3935546875 0.30332681017612523 0.4150390625 0.30919765166340507 0.4443359375 0.29060665362035226 0.4482421875 0.273972602739726 0.439453125 0.2622309197651663 0.431640625 0.26125244618395305 0.41796875 0.2671232876712329 0.412109375 0.2583170254403131 0.40234375 0.2563600782778865 0.396484375 0.26125244618395305 0.39453125 0.27788649706457924 0.388671875 0.2886497064579256 0.388671875 0.2974559686888454 0.3935546875 0.30332681017612523