0 0.5771484375 0.19471624266144813 0.5791015625 0.2054794520547945 0.609375 0.23091976516634052 0.6201171875 0.2279843444227006 0.63671875 0.19373776908023482 0.634765625 0.1634050880626223 0.6298828125 0.15949119373776907 0.6171875 0.1643835616438356 0.6064453125 0.16046966731898238 0.5986328125 0.1643835616438356 0.5908203125 0.162426614481409 0.5830078125 0.16829745596868884 0.5859375 0.18101761252446183 0.5771484375 0.19471624266144813
0 0.439453125 0.3816046966731898 0.4423828125 0.3953033268101761 0.4541015625 0.410958904109589 0.462890625 0.41291585127201563 0.482421875 0.398238747553816 0.5126953125 0.36497064579256355 0.517578125 0.3542074363992172 0.5107421875 0.34442270058708413 0.4794921875 0.3238747553816047 0.470703125 0.3219178082191781 0.4609375 0.324853228962818 0.4306640625 0.3571428571428571 0.4296875 0.3698630136986301 0.439453125 0.3816046966731898
0 0.25390625 0.4637964774951076 0.2587890625 0.47847358121330724 0.2724609375 0.48140900195694714 0.2900390625 0.47064579256360073 0.2998046875 0.45792563600782776 0.310546875 0.42661448140900193 0.3095703125 0.41682974559686886 0.2998046875 0.40410958904109584 0.2998046875 0.3933463796477495 0.2939453125 0.38062622309197647 0.2861328125 0.3776908023483366 0.271484375 0.3796477495107632 0.2373046875 0.43542074363992167 0.236328125 0.44911937377690797 0.25390625 0.4637964774951076
0 0.2724609375 0.3747553816046966 0.296875 0.3679060665362035 0.3056640625 0.37181996086105673 0.3447265625 0.3698630136986301 0.3544921875 0.3590998043052837 0.353515625 0.3473581213307241 0.32421875 0.3199608610567514 0.31640625 0.31702544031311153 0.287109375 0.31604696673189825 0.26171875 0.33268101761252444 0.255859375 0.3434442270058708 0.2568359375 0.36203522504892366 0.2724609375 0.3747553816046966
0 0.3486328125 0.8160469667318981 0.35546875 0.8189823874755382 0.37890625 0.8131115459882583 0.3916015625 0.8170254403131114 0.400390625 0.8072407045009784 0.4013671875 0.7984344422700587 0.38671875 0.7857142857142857 0.388671875 0.7710371819960861 0.3818359375 0.7632093933463796 0.3583984375 0.7651663405088062 0.3408203125 0.7896281800391389 0.3408203125 0.8043052837573385 0.3486328125 0.8160469667318981
0 0.193359375 0.7710371819960861 0.203125 0.7769080234833659 0.2177734375 0.7769080234833659 0.240234375 0.7641878669275929 0.25 0.7309197651663404 0.2333984375 0.7025440313111545 0.22265625 0.6986301369863013 0.2119140625 0.7074363992172211 0.21484375 0.7201565557729941 0.2109375 0.7240704500978473 0.1845703125 0.7279843444227005 0.1767578125 0.7436399217221135 0.177734375 0.7563600782778865 0.193359375 0.7710371819960861
0 0.1826171875 0.9246575342465754 0.2177734375 0.9236790606653621 0.234375 0.9285714285714285 0.251953125 0.9236790606653621 0.2568359375 0.9187866927592955 0.2568359375 0.9080234833659491 0.248046875 0.8933463796477495 0.2353515625 0.8884540117416829 0.2255859375 0.8708414872798433 0.2158203125 0.8620352250489237 0.2021484375 0.863013698630137 0.177734375 0.8904109589041095 0.173828125 0.9148727984344422 0.1826171875 0.9246575342465754
0 0.5302734375 0.7857142857142857 0.5673828125 0.7808219178082191 0.5732421875 0.7759295499021526 0.587890625 0.7769080234833659 0.59375 0.7720156555772995 0.5986328125 0.7475538160469667 0.5908203125 0.7426614481409002 0.5732421875 0.7446183953033267 0.5634765625 0.7504892367906066 0.5576171875 0.7612524461839529 0.5380859375 0.7641878669275929 0.5244140625 0.7602739726027397 0.517578125 0.7651663405088062 0.517578125 0.7788649706457925 0.5302734375 0.7857142857142857
0 0.04296875 0.8463796477495107 0.0537109375 0.8307240704500979 0.06640625 0.8356164383561643 0.091796875 0.837573385518591 0.115234375 0.8258317025440313 0.119140625 0.8189823874755382 0.1171875 0.8018590998043053 0.1318359375 0.7681017612524461 0.1298828125 0.7397260273972602 0.1123046875 0.7377690802348337 0.0810546875 0.7514677103718199 0.0498046875 0.7945205479452054 0.0341796875 0.8277886497064578 0.0322265625 0.834637964774951 0.04296875 0.8463796477495107
0 0.0556640625 0.9540117416829744 0.0615234375 0.958904109589041 0.07421875 0.9598825831702543 0.0947265625 0.9461839530332681 0.09765625 0.9354207436399216 0.0947265625 0.9256360078277887 0.0888671875 0.920743639921722 0.0693359375 0.9109589041095889 0.0576171875 0.9119373776908024 0.0517578125 0.9178082191780822 0.0498046875 0.9363992172211351 0.0556640625 0.9540117416829744
0 0.1533203125 0.9774951076320939 0.1572265625 0.9892367906066536 0.1533203125 0.9990215264187867 0.1904296875 0.9990215264187867 0.189453125 0.9696673189823874 0.181640625 0.9559686888454012 0.15625 0.9549902152641877 0.146484375 0.9628180039138943 0.1455078125 0.9735812133072406 0.1533203125 0.9774951076320939
0 0.5771484375 0.8679060665362035 0.63671875 0.8884540117416829 0.68359375 0.8806262230919766 0.7060546875 0.8639921722113503 0.7109375 0.8532289628180039 0.6923828125 0.8209393346379648 0.6640625 0.7925636007827788 0.64453125 0.7788649706457925 0.6357421875 0.7788649706457925 0.626953125 0.7847358121330724 0.603515625 0.8160469667318981 0.5908203125 0.8101761252446182 0.5947265625 0.8003913894324853 0.591796875 0.7945205479452054 0.5810546875 0.7954990215264187 0.5732421875 0.8033268101761252 0.56640625 0.8199608610567515 0.56640625 0.8493150684931507 0.5771484375 0.8679060665362035