0 0.4375 0.15264187866927592 0.4541015625 0.1643835616438356 0.46484375 0.16536203522504891 0.4912109375 0.15362035225048923 0.5166015625 0.12915851272015655 0.521484375 0.11545988258317026 0.5205078125 0.10176125244618395 0.5087890625 0.08806262230919765 0.484375 0.08610567514677103 0.4541015625 0.09784735812133072 0.4404296875 0.1095890410958904 0.4326171875 0.12426614481409001 0.4326171875 0.13992172211350293 0.4375 0.15264187866927592
0 0.5341796875 0.11252446183953033 0.548828125 0.136986301369863 0.548828125 0.15851272015655576 0.5546875 0.16536203522504891 0.5654296875 0.16829745596868884 0.572265625 0.1643835616438356 0.5732421875 0.15655577299412915 0.599609375 0.13405088062622308 0.6162109375 0.1379647749510763 0.6376953125 0.13209393346379647 0.6474609375 0.12622309197651663 0.66015625 0.1095890410958904 0.654296875 0.09001956947162426 0.6484375 0.08317025440313111 0.6064453125 0.0684931506849315 0.58203125 0.0821917808219178 0.572265625 0.07632093933463796 0.556640625 0.07534246575342465 0.53515625 0.09295499021526418 0.5322265625 0.09882583170254403 0.5341796875 0.11252446183953033
0 0.5146484375 0.3796477495107632 0.5322265625 0.37573385518590996 0.541015625 0.36497064579256355 0.5400390625 0.34637964774951074 0.5322265625 0.33659491193737767 0.513671875 0.33463796477495106 0.5048828125 0.34833659491193736 0.50390625 0.3659491193737769 0.5146484375 0.3796477495107632
0 0.3857421875 0.5146771037181995 0.3974609375 0.5215264187866928 0.421875 0.5176125244618395 0.43359375 0.5048923679060665 0.4384765625 0.4931506849315069 0.4306640625 0.4677103718199608 0.4208984375 0.46183953033268105 0.3994140625 0.4667318982387475 0.3857421875 0.4794520547945205 0.380859375 0.49021526418786693 0.3798828125 0.5009784735812133 0.3857421875 0.5146771037181995
0 0.2265625 0.5342465753424658 0.2392578125 0.5440313111545988 0.2509765625 0.5469667318982387 0.2705078125 0.5420743639921721 0.28515625 0.5244618395303327 0.28515625 0.5009784735812133 0.279296875 0.4911937377690802 0.2646484375 0.4794520547945205 0.2431640625 0.47749510763209385 0.2275390625 0.4892367906066536 0.224609375 0.4990215264187866 0.2236328125 0.5273972602739725 0.2265625 0.5342465753424658
0 0.552734375 0.9099804305283756 0.560546875 0.9197651663405088 0.57421875 0.9266144814090019 0.5947265625 0.9256360078277887 0.615234375 0.9168297455968688 0.626953125 0.8953033268101761 0.623046875 0.8708414872798433 0.60546875 0.8551859099804305 0.5859375 0.847358121330724 0.5888671875 0.824853228962818 0.5810546875 0.8160469667318981 0.5712890625 0.8170254403131114 0.56640625 0.821917808219178 0.5595703125 0.8600782778864969 0.546875 0.8825831702544031 0.546875 0.8982387475538159 0.552734375 0.9099804305283756
0 0.6884765625 0.9637964774951076 0.6884765625 0.9814090019569471 0.6962890625 0.984344422700587 0.712890625 0.9794520547945205 0.7177734375 0.9706457925636007 0.7177734375 0.949119373776908 0.69921875 0.9324853228962817 0.69140625 0.9324853228962817 0.6875 0.9363992172211351 0.68359375 0.9520547945205479 0.6884765625 0.9637964774951076
0 0.9736328125 0.9970645792563599 0.984375 0.9931506849315068 0.9853515625 0.987279843444227 0.9794921875 0.9755381604696673 0.982421875 0.9598825831702543 0.978515625 0.9559686888454012 0.962890625 0.9559686888454012 0.94921875 0.9696673189823874 0.951171875 0.9882583170254403 0.9736328125 0.9970645792563599
0 0.970703125 0.7857142857142857 0.9765625 0.7857142857142857 0.984375 0.7544031311154599 0.9736328125 0.7514677103718199 0.9609375 0.7602739726027397 0.958984375 0.7700587084148728 0.970703125 0.7857142857142857
0 0.865234375 0.24363992172211352 0.87890625 0.23972602739726026 0.8837890625 0.2338551859099804 0.8837890625 0.22700587084148727 0.875 0.21330724070450097 0.8671875 0.2123287671232877 0.861328125 0.2191780821917808 0.859375 0.23874755381604693 0.865234375 0.24363992172211352
0 0.294921875 0.14677103718199608 0.2998046875 0.14774951076320939 0.3046875 0.14187866927592954 0.3046875 0.13405088062622308 0.3154296875 0.12426614481409001 0.31640625 0.11839530332681017 0.3056640625 0.10665362035225048 0.298828125 0.1086105675146771 0.29296875 0.12133072407045009 0.2861328125 0.12426614481409001 0.28515625 0.1350293542074364 0.294921875 0.14677103718199608
0 0.6611328125 0.0136986301369863 0.7021484375 0.01761252446183953 0.7080078125 0.0136986301369863 0.7099609375 0 0.65625 0.0009784735812133072 0.6611328125 0.0136986301369863
0 0.7744140625 0.03913894324853229 0.783203125 0.0538160469667319 0.7919921875 0.060665362035225046 0.822265625 0.0675146771037182 0.8369140625 0.051859099804305274 0.837890625 0.04207436399217221 0.830078125 0.03131115459882583 0.7919921875 0.019569471624266144 0.7783203125 0.0029354207436399216 0.7607421875 0.003913894324853229 0.751953125 0.02054794520547945 0.7529296875 0.029354207436399216 0.7744140625 0.03913894324853229
0 0.404296875 0.19960861056751467 0.4111328125 0.19960861056751467 0.4169921875 0.19275929549902152 0.4248046875 0.19275929549902152 0.4296875 0.19863013698630136 0.4267578125 0.20254403131115456 0.4287109375 0.2191780821917808 0.4384765625 0.22015655577299414 0.4462890625 0.21330724070450097 0.4482421875 0.2035225048923679 0.4423828125 0.1888454011741683 0.4248046875 0.16927592954990214 0.3935546875 0.1780821917808219 0.3935546875 0.18786692759295498 0.404296875 0.19960861056751467
0 0.390625 0.15949119373776907 0.396484375 0.15655577299412915 0.3984375 0.14579256360078277 0.3876953125 0.13894324853228962 0.380859375 0.14090019569471623 0.3818359375 0.15753424657534246 0.390625 0.15949119373776907
0 0.1689453125 0.43346379647749506 0.1787109375 0.43346379647749506 0.1865234375 0.42857142857142855 0.1904296875 0.4158512720156556 0.1826171875 0.4060665362035225 0.1748046875 0.40117416829745595 0.1640625 0.410958904109589 0.1630859375 0.423679060665362 0.1689453125 0.43346379647749506
0 0.7265625 0.697651663405088 0.7451171875 0.697651663405088 0.7490234375 0.6741682974559686 0.744140625 0.6643835616438356 0.7294921875 0.662426614481409 0.7177734375 0.6741682974559686 0.716796875 0.6859099804305283 0.7265625 0.697651663405088
0 0.572265625 0.6761252446183953 0.5810546875 0.6741682974559686 0.5869140625 0.6643835616438356 0.5859375 0.6555772994129158 0.5810546875 0.6506849315068493 0.568359375 0.6545988258317025 0.5654296875 0.6594911937377691 0.5654296875 0.6712328767123287 0.572265625 0.6761252446183953
0 0.48046875 0.7475538160469667 0.4990234375 0.74559686888454 0.5029296875 0.7416829745596869 0.5009765625 0.7338551859099803 0.4951171875 0.7309197651663404 0.47265625 0.7318982387475538 0.4716796875 0.7377690802348337 0.48046875 0.7475538160469667
0 0.8935546875 0.50293542074364 0.90625 0.5009784735812133 0.9072265625 0.4931506849315069 0.90234375 0.4843444227005871 0.89453125 0.4833659491193737 0.890625 0.48727984344422703 0.8896484375 0.4960861056751467 0.8935546875 0.50293542074364
0 0.87890625 0.5538160469667319 0.884765625 0.5538160469667319 0.8984375 0.5430528375733854 0.888671875 0.5332681017612524 0.8779296875 0.5322896281800391 0.873046875 0.5362035225048923 0.8720703125 0.5459882583170254 0.87890625 0.5538160469667319
0 0.28125 0.8982387475538159 0.2890625 0.8982387475538159 0.2939453125 0.8806262230919766 0.2783203125 0.8816046966731899 0.27734375 0.8943248532289628 0.28125 0.8982387475538159
0 0.3251953125 0.834637964774951 0.3310546875 0.8395303326810175 0.337890625 0.8385518590998042 0.3427734375 0.8287671232876711 0.3359375 0.7994129158512719 0.3251953125 0.7945205479452054 0.31640625 0.8013698630136986 0.31640625 0.8111545988258317 0.3251953125 0.834637964774951
0 0.140625 0.7818003913894325 0.17578125 0.7827788649706457 0.189453125 0.7896281800391389 0.212890625 0.7857142857142857 0.2275390625 0.7681017612524461 0.2412109375 0.7622309197651662 0.2451171875 0.7553816046966731 0.2314453125 0.7465753424657533 0.1962890625 0.7446183953033267 0.154296875 0.7475538160469667 0.1357421875 0.7602739726027397 0.134765625 0.7729941291585127 0.140625 0.7818003913894325