0 0.7939453125 0.6125244618395304 0.7978515625 0.6526418786692758 0.80859375 0.6614481409001957 0.822265625 0.6604696673189824 0.830078125 0.6536203522504892 0.8349609375 0.6389432485322896 0.85546875 0.6369863013698629 0.8916015625 0.6125244618395304 0.90234375 0.5851272015655578 0.9013671875 0.5567514677103718 0.8896484375 0.538160469667319 0.8974609375 0.5205479452054794 0.896484375 0.5117416829745596 0.8916015625 0.5048923679060665 0.87890625 0.50293542074364 0.8671875 0.5156555772994129 0.8564453125 0.5195694716242661 0.826171875 0.5166340508806262 0.7978515625 0.5234833659491194 0.7900390625 0.5313111545988258 0.779296875 0.560665362035225 0.7783203125 0.5812133072407045 0.7939453125 0.6125244618395304
0 0.06640625 0.6937377690802349 0.0673828125 0.7103718199608611 0.0791015625 0.738747553816047 0.0947265625 0.7524461839530332 0.12890625 0.7602739726027397 0.1708984375 0.7446183953033267 0.1806640625 0.7270058708414873 0.1796875 0.7035225048923679 0.171875 0.6829745596868884 0.134765625 0.6516634050880625 0.1279296875 0.6291585127201565 0.115234375 0.6281800391389433 0.1083984375 0.6320939334637965 0.1005859375 0.6203522504892367 0.0986328125 0.6046966731898238 0.087890625 0.6037181996086105 0.080078125 0.6223091976516634 0.080078125 0.6614481409001957 0.06640625 0.6937377690802349
0 0.154296875 0.8463796477495107 0.177734375 0.8414872798434441 0.181640625 0.8238747553816047 0.158203125 0.8052837573385518 0.1484375 0.8052837573385518 0.1396484375 0.8170254403131114 0.1435546875 0.8405088062622308 0.154296875 0.8463796477495107
0 0.4130859375 0.863013698630137 0.4296875 0.8796477495107631 0.439453125 0.8806262230919766 0.447265625 0.8767123287671232 0.462890625 0.850293542074364 0.462890625 0.837573385518591 0.45703125 0.8258317025440313 0.4453125 0.8180039138943249 0.4306640625 0.8160469667318981 0.4111328125 0.824853228962818 0.4072265625 0.8307240704500979 0.40625 0.8454011741682974 0.4130859375 0.863013698630137
0 0.359375 0.8483365949119372 0.3798828125 0.8483365949119372 0.3896484375 0.8385518590998042 0.390625 0.8277886497064578 0.3779296875 0.8131115459882583 0.3603515625 0.8131115459882583 0.3525390625 0.8209393346379648 0.3515625 0.837573385518591 0.359375 0.8483365949119372
0 0.4208984375 0.6340508806262231 0.4306640625 0.6653620352250489 0.4375 0.6741682974559686 0.466796875 0.6859099804305283 0.4775390625 0.6810176125244618 0.5 0.6428571428571428 0.498046875 0.6105675146771037 0.4873046875 0.595890410958904 0.4697265625 0.5841487279843445 0.470703125 0.5626223091976517 0.4677734375 0.5567514677103718 0.447265625 0.5489236790606653 0.4296875 0.5538160469667319 0.4228515625 0.5626223091976517 0.4248046875 0.5724070450097847 0.435546875 0.5841487279843445 0.4296875 0.6027397260273972 0.41015625 0.6193737769080234 0.3935546875 0.6232876712328766 0.396484375 0.6369863013698629 0.4208984375 0.6340508806262231
0 0.5498046875 0.6653620352250489 0.5634765625 0.6790606653620352 0.5830078125 0.6888454011741683 0.59765625 0.6888454011741683 0.6162109375 0.6829745596868884 0.6337890625 0.6692759295499021 0.64453125 0.6526418786692758 0.6455078125 0.6154598825831703 0.630859375 0.5880626223091976 0.6162109375 0.5782778864970646 0.5908203125 0.5772994129158512 0.5595703125 0.6007827788649707 0.5458984375 0.6183953033268101 0.544921875 0.6418786692759295 0.5498046875 0.6653620352250489
0 0.7451171875 0.40802348336594907 0.75390625 0.40802348336594907 0.7626953125 0.39921722113502933 0.7626953125 0.38747553816046965 0.7568359375 0.3825831702544031 0.7451171875 0.3816046966731898 0.73828125 0.3884540117416829 0.73828125 0.40117416829745595 0.7451171875 0.40802348336594907
0 0.66015625 0.1095890410958904 0.6767578125 0.12622309197651663 0.6982421875 0.13111545988258316 0.7119140625 0.12720156555772993 0.740234375 0.09980430528375733 0.7548828125 0.10567514677103718 0.76953125 0.10567514677103718 0.779296875 0.10078277886497064 0.7890625 0.08610567514677103 0.791015625 0.06555772994129158 0.78125 0.05283757338551859 0.763671875 0.04794520547945205 0.759765625 0.03718199608610567 0.7548828125 0.03522504892367906 0.73828125 0.05772994129158513 0.732421875 0.05772994129158513 0.7158203125 0.04598825831702544 0.6884765625 0.04598825831702544 0.6669921875 0.05968688845401173 0.6533203125 0.07534246575342465 0.6533203125 0.09686888454011741 0.66015625 0.1095890410958904
0 0.58984375 0.19373776908023482 0.599609375 0.21135029354207435 0.609375 0.2172211350293542 0.6220703125 0.2172211350293542 0.630859375 0.2123287671232877 0.640625 0.19960861056751467 0.6455078125 0.1888454011741683 0.64453125 0.175146771037182 0.6396484375 0.1643835616438356 0.6318359375 0.15753424657534246 0.6240234375 0.15362035225048923 0.607421875 0.15264187866927592 0.6025390625 0.15459882583170254 0.5947265625 0.162426614481409 0.5888671875 0.175146771037182 0.587890625 0.18786692759295498 0.58984375 0.19373776908023482
0 0.6396484375 0.14090019569471623 0.640625 0.14285714285714285 0.646484375 0.14774951076320939 0.6494140625 0.14774951076320939 0.650390625 0.1487279843444227 0.65625 0.14774951076320939 0.662109375 0.14187866927592954 0.6640625 0.136986301369863 0.6640625 0.13209393346379647 0.6630859375 0.12915851272015655 0.6591796875 0.12524461839530332 0.6552734375 0.12328767123287672 0.6474609375 0.12328767123287672 0.640625 0.12915851272015655 0.6396484375 0.13209393346379647 0.6396484375 0.14090019569471623
0 0.681640625 0.14677103718199608 0.68359375 0.1506849315068493 0.6865234375 0.15362035225048923 0.69140625 0.15557729941291584 0.697265625 0.15459882583170254 0.7001953125 0.15166340508806261 0.701171875 0.15166340508806261 0.7080078125 0.14677103718199608 0.7099609375 0.14383561643835616 0.7099609375 0.13992172211350293 0.708984375 0.1379647749510763 0.705078125 0.13405088062622308 0.703125 0.13307240704500978 0.6953125 0.13307240704500978 0.6923828125 0.13405088062622308 0.6884765625 0.1360078277886497 0.685546875 0.13894324853228962 0.6845703125 0.13894324853228962 0.6826171875 0.14187866927592954 0.6826171875 0.14481409001956946 0.681640625 0.14677103718199608
0 0.8115234375 0.09784735812133072 0.8115234375 0.10469667318982387 0.814453125 0.1076320939334638 0.82421875 0.11252446183953033 0.830078125 0.11448140900195694 0.83203125 0.11448140900195694 0.8369140625 0.111545988258317 0.8369140625 0.10665362035225048 0.837890625 0.10567514677103718 0.8369140625 0.10273972602739725 0.8291015625 0.0949119373776908 0.8212890625 0.09099804305283757 0.8173828125 0.09197651663405088 0.814453125 0.09393346379647749 0.814453125 0.0949119373776908 0.8115234375 0.09784735812133072
0 0.83984375 0.11545988258317026 0.8408203125 0.12133072407045009 0.8447265625 0.12720156555772993 0.8515625 0.12720156555772993 0.8603515625 0.13307240704500978 0.8623046875 0.13405088062622308 0.865234375 0.13405088062622308 0.8662109375 0.13307240704500978 0.8662109375 0.12524461839530332 0.865234375 0.11448140900195694 0.86328125 0.1086105675146771 0.85546875 0.10176125244618395 0.84765625 0.09882583170254403 0.84375 0.09980430528375733 0.83984375 0.10567514677103718 0.8388671875 0.11448140900195694 0.83984375 0.11545988258317026
0 0.44921875 0.5048923679060665 0.4541015625 0.5146771037181995 0.466796875 0.5264187866927592 0.470703125 0.5264187866927592 0.4736328125 0.5254403131115459 0.4736328125 0.5244618395303327 0.4755859375 0.5225048923679061 0.4755859375 0.5156555772994129 0.470703125 0.5009784735812133 0.466796875 0.49706457925636005 0.462890625 0.49706457925636005 0.45703125 0.49412915851272016 0.4521484375 0.49412915851272016 0.4501953125 0.4960861056751467 0.44921875 0.49804305283757333 0.44921875 0.5048923679060665
0 0.4453125 0.4471624266144814 0.4462890625 0.4481409001956947 0.4462890625 0.45205479452054786 0.4482421875 0.45792563600782776 0.44921875 0.4598825831702544 0.451171875 0.46086105675146766 0.4580078125 0.46086105675146766 0.4599609375 0.4598825831702544 0.4765625 0.4432485322896282 0.478515625 0.4383561643835616 0.4755859375 0.4324853228962818 0.47265625 0.4305283757338552 0.46484375 0.42857142857142855 0.453125 0.42857142857142855 0.451171875 0.4295499021526418 0.4462890625 0.43542074363992167 0.4453125 0.4383561643835616 0.4453125 0.4471624266144814
0 0.583984375 0.3884540117416829 0.5908203125 0.4060665362035225 0.59375 0.40802348336594907 0.5986328125 0.4070450097847358 0.607421875 0.398238747553816 0.609375 0.3933463796477495 0.609375 0.38649706457925637 0.6064453125 0.3825831702544031 0.5947265625 0.3767123287671233 0.5908203125 0.3767123287671233 0.5888671875 0.3776908023483366 0.5849609375 0.3825831702544031 0.583984375 0.38454011741682975 0.583984375 0.3884540117416829
0 0.62109375 0.4060665362035225 0.6220703125 0.4070450097847358 0.6220703125 0.41193737769080235 0.623046875 0.4138943248532289 0.626953125 0.41682974559686886 0.6318359375 0.41682974559686886 0.634765625 0.4158512720156556 0.640625 0.40900195694716246 0.640625 0.4021526418786692 0.6396484375 0.40019569471624267 0.63671875 0.3972602739726027 0.6337890625 0.3962818003913894 0.6259765625 0.3962818003913894 0.623046875 0.398238747553816 0.62109375 0.4021526418786692 0.62109375 0.4060665362035225
0 0.43359375 0.2925636007827789 0.4345703125 0.29549902152641877 0.4423828125 0.3043052837573385 0.4501953125 0.30724070450097846 0.466796875 0.3082191780821918 0.4736328125 0.2896281800391389 0.4736328125 0.28180039138943247 0.470703125 0.2759295499021526 0.462890625 0.26810176125244617 0.4560546875 0.26418786692759294 0.4443359375 0.2651663405088062 0.439453125 0.26810176125244617 0.43359375 0.2759295499021526 0.4326171875 0.27984344422700586 0.43359375 0.2925636007827789
0 0.3955078125 0.3659491193737769 0.4052734375 0.3679060665362035 0.4130859375 0.3639921722113503 0.4423828125 0.3561643835616438 0.4501953125 0.34540117416829746 0.4638671875 0.33659491193737767 0.4658203125 0.32974559686888455 0.4609375 0.32289628180039137 0.4560546875 0.32093933463796476 0.4501953125 0.3219178082191781 0.4404296875 0.3268101761252446 0.4326171875 0.3238747553816047 0.419921875 0.32289628180039137 0.4111328125 0.3268101761252446 0.4072265625 0.33268101761252444 0.390625 0.34833659491193736 0.3896484375 0.3590998043052837 0.3955078125 0.3659491193737769
0 0.4921875 0.2847358121330724 0.4951171875 0.2876712328767123 0.498046875 0.2886497064579256 0.4990234375 0.2876712328767123 0.5029296875 0.2876712328767123 0.505859375 0.2857142857142857 0.5068359375 0.2827788649706458 0.505859375 0.28180039138943247 0.505859375 0.27788649706457924 0.5029296875 0.2729941291585127 0.5009765625 0.2720156555772994 0.4970703125 0.2720156555772994 0.4951171875 0.2729941291585127 0.4931640625 0.2759295499021526 0.4921875 0.2788649706457925 0.4921875 0.2847358121330724
0 0.530640625 0.2941565557729941 0.5270244140625 0.2993326810176125 0.523150390625 0.3034735812133072 0.5216015625 0.29752152641878665 0.5192763671875 0.2905332681017613 0.511787109375 0.2900156555772994 0.507396484375 0.2933806262230919 0.5068798828125 0.29959197651663405 0.502748046875 0.30295596868884533 0.49680761718749994 0.30813307240704496 0.4975830078125 0.3130499021526419 0.4975830078125 0.3174500978473581 0.491642578125 0.3197788649706458 0.482603515625 0.32780234833659494 0.48389453125 0.33789628180039133 0.4815703125 0.34540117416829746 0.48027929687499993 0.35238943248532284 0.47769628906249995 0.3593767123287671 0.47924609374999994 0.36688258317025435 0.47795507812500004 0.37697651663405085 0.4828623046875 0.38396379647749507 0.48957714843750005 0.3852583170254403 0.493708984375 0.3878463796477495 0.49861621093749997 0.39198727984344417 0.5019736328125 0.3981986301369863 0.5099794921875 0.40078669275929546 0.5190185546875 0.40026908023483365 0.522892578125 0.3974227005870841 0.5350302734375 0.3961281800391389 0.5451025390625 0.3935401174168297 0.549751953125 0.38267025440313107 0.552333984375 0.37438845401174164 0.5595654296875 0.3632592954990215 0.5562080078125 0.3560127201565558 0.5711875 0.3580831702544031 0.5830673828125 0.35523581213307237 0.5890068359375 0.3459187866927593 0.5921064453125 0.33349608610567516 0.597271484375 0.3265078277886497 0.6047607421875 0.321073385518591 0.602953125 0.31330919765166343 0.6135419921875 0.3086506849315068 0.6192236328125 0.3060626223091976 0.625421875 0.30062720156555767 0.62103125 0.29260371819960856 0.6158662109375 0.2905332681017613 0.60941015625 0.2928630136986301 0.610443359375 0.28276908023483366 0.6109599609375 0.2755225048923679 0.60966796875 0.27474559686888456 0.616125 0.268793542074364 0.6158662109375 0.26025244618395305 0.6091513671875 0.2532651663405088 0.6112177734375 0.24757045009784734 0.608634765625 0.24032387475538158 0.601662109375 0.23488943248532287 0.5967548828125 0.23437181996086104 0.60062890625 0.23023091976516633 0.6034697265625 0.22039628180039136 0.594947265625 0.2131487279843444 0.588232421875 0.20823189823874752 0.579451171875 0.21185518590998043 0.5822919921875 0.20202054794520546 0.577126953125 0.19529158512720154 0.572478515625 0.19089138943248532 0.56447265625 0.18882093933463795 0.5549169921875 0.19632681017612522 0.5507841796875 0.19166829745596867 0.544328125 0.1883033268101761 0.53761328125 0.19037377690802348 0.534255859375 0.20020841487279842 0.5396796875 0.20978473581213306 0.543037109375 0.21547847358121328 0.5370966796875 0.2159960861056751 0.5303818359375 0.22143150684931506 0.5283154296875 0.22893639921722114 0.5311572265625 0.23747749510763208 0.5257333984375 0.23903033268101756 0.5223759765625 0.23954794520547945 0.520568359375 0.24368884540117416 0.520568359375 0.2478297455968689 0.514111328125 0.25041780821917803 0.5102373046875 0.25197064579256356 0.50610546875 0.25507632093933463 0.5086884765625 0.26517025440313113 0.5120458984375 0.2703463796477495 0.520826171875 0.27474559686888456 0.5293486328125 0.2755225048923679 0.5324482421875 0.28147553816046966 0.536580078125 0.2845812133072407 0.5435537109375 0.28716927592954994 0.5482021484375 0.28639236790606654 0.550009765625 0.27888747553816046 0.55104296875 0.26956947162426614 0.547943359375 0.26077005870841485 0.54639453125 0.25430039138943245 0.553625 0.2506771037181996 0.5595654296875 0.2517123287671233 0.5642138671875 0.25507632093933463 0.5686044921875 0.2597348336594912 0.5693798828125 0.2667230919765166 0.567830078125 0.27345205479452056 0.5719619140625 0.27604011741682977 0.5719619140625 0.2791457925636007 0.5649892578125 0.28095792563600785 0.5574990234375 0.28173385518591 0.552333984375 0.284839530332681 0.5486767578125 0.2901389432485323 0.53787109375 0.2915684931506849 0.530640625 0.2941565557729941
0 0.3003388671875 0.33113307240704504 0.2970498046875 0.34061056751467705 0.293759765625 0.3430821917808219 0.2871806640625 0.35420841487279836 0.282658203125 0.36450978473581214 0.270734375 0.3669814090019569 0.2662109375 0.37728277886497064 0.2682666015625 0.3888209393346379 0.274845703125 0.395825831702544 0.2838916015625 0.3974735812133072 0.2908818359375 0.39046868884540115 0.3003388671875 0.395825831702544 0.301572265625 0.40530234833659484 0.2978720703125 0.4098356164383561 0.292115234375 0.42178473581213305 0.28800390625 0.438679060665362 0.2995166015625 0.4506281800391389 0.2933486328125 0.45474853228962814 0.28348046875 0.4679344422700587 0.278134765625 0.48977299412915853 0.290470703125 0.5074921722113503 0.30239453125 0.5157328767123287 0.30239453125 0.5206771037181995 0.3036279296875 0.5318033268101761 0.3167861328125 0.5346868884540117 0.3245986328125 0.534274951076321 0.330765625 0.5256223091976516 0.3406337890625 0.5231497064579256 0.362015625 0.5079041095890411 0.3694169921875 0.4951301369863014 0.369828125 0.47411545988258313 0.370650390625 0.4572211350293542 0.354203125 0.44197553816046964 0.3546142578125 0.43785518590998046 0.36037109375 0.42837769080234833 0.3616044921875 0.41766438356164387 0.353380859375 0.4139559686888454 0.3451572265625 0.4032426614481409 0.36037109375 0.39005675146771035 0.362015625 0.3711017612524462 0.36037109375 0.35832876712328765 0.3513251953125 0.34720352250489234 0.3435126953125 0.34019863013698626 0.3287099609375 0.3344295499021526 0.3206435546875 0.32446281800391386 0.3089736328125 0.3216555772994129 0.3003388671875 0.33113307240704504
0 0.7158203125 0.9990215264187867 0.7294921875 0.9990215264187867 0.7314453125 0.9960861056751467 0.7314453125 0.9892367906066536 0.7236328125 0.984344422700587 0.7138671875 0.9833659491193737 0.7109375 0.9863013698630138 0.7109375 0.9941291585127201 0.7158203125 0.9990215264187867