0 0.38671875 0.19863013698630136 0.4150390625 0.19667318982387474 0.4208984375 0.21135029354207435 0.421875 0.2299412915851272 0.431640625 0.24168297455968685 0.447265625 0.2455968688845401 0.462890625 0.23679060665362034 0.4697265625 0.223091976516634 0.4716796875 0.19569471624266144 0.4453125 0.15459882583170254 0.439453125 0.15459882583170254 0.4287109375 0.17123287671232876 0.4130859375 0.17221135029354206 0.404296875 0.14383561643835616 0.400390625 0.14090019569471623 0.392578125 0.14481409001956946 0.3896484375 0.15459882583170254 0.3828125 0.15557729941291584 0.375 0.1634050880626223 0.375 0.175146771037182 0.38671875 0.19863013698630136
0 0.3017578125 0.3561643835616438 0.2880859375 0.3610567514677104 0.2763671875 0.37279843444227 0.2734375 0.3825831702544031 0.2890625 0.4138943248532289 0.3203125 0.4315068493150685 0.3515625 0.4324853228962818 0.3642578125 0.423679060665362 0.3681640625 0.41193737769080235 0.3828125 0.39921722113502933 0.404296875 0.40900195694716246 0.4326171875 0.4148727984344422 0.453125 0.40802348336594907 0.4638671875 0.3972602739726027 0.4658203125 0.38551859099804303 0.4541015625 0.37181996086105673 0.44921875 0.35518590998043054 0.4384765625 0.3414872798434442 0.427734375 0.3414872798434442 0.4111328125 0.350293542074364 0.3994140625 0.33463796477495106 0.3994140625 0.32289628180039137 0.3955078125 0.31702544031311153 0.3662109375 0.30724070450097846 0.3447265625 0.2896281800391389 0.3330078125 0.2886497064579256 0.3232421875 0.29549902152641877 0.306640625 0.29452054794520544 0.294921875 0.3131115459882583 0.2919921875 0.337573385518591 0.3017578125 0.3561643835616438
0 0.658203125 0.21428571428571427 0.67578125 0.21330724070450097 0.685546875 0.2035225048923679 0.6953125 0.21428571428571427 0.7060546875 0.21428571428571427 0.74609375 0.13894324853228962 0.7451171875 0.1223091976516634 0.734375 0.11252446183953033 0.7265625 0.11056751467710371 0.7099609375 0.11056751467710371 0.7021484375 0.11448140900195694 0.6953125 0.12818003913894324 0.69921875 0.15557729941291584 0.6552734375 0.18101761252446183 0.6484375 0.1917808219178082 0.6494140625 0.20645792563600782 0.658203125 0.21428571428571427
0 0.4150390625 0.31898238747553814 0.4287109375 0.3180039138943248 0.4267578125 0.30528375733855184 0.4208984375 0.30332681017612523 0.412109375 0.3082191780821918 0.4111328125 0.31409001956947163 0.4150390625 0.31898238747553814
0 0.4697265625 0.31017612524461835 0.4638671875 0.3023483365949119 0.4521484375 0.3062622309197652 0.455078125 0.31702544031311153 0.4697265625 0.31017612524461835
0 0.53125 0.27690802348336596 0.5419921875 0.27495107632093935 0.5458984375 0.26810176125244617 0.5439453125 0.2602739726027397 0.5390625 0.25733855185909976 0.525390625 0.26418786692759294 0.5244140625 0.27103718199608606 0.53125 0.27690802348336596
0 0.56640625 0.31702544031311153 0.587890625 0.31898238747553814 0.60546875 0.31017612524461835 0.6123046875 0.2886497064579256 0.6015625 0.27984344422700586 0.556640625 0.2857142857142857 0.552734375 0.2896281800391389 0.5517578125 0.30039138943248533 0.56640625 0.31702544031311153
0 0.4072265625 0.6722113502935421 0.42578125 0.675146771037182 0.439453125 0.6643835616438356 0.4423828125 0.6487279843444227 0.427734375 0.6320939334637965 0.412109375 0.6301369863013698 0.392578125 0.6409001956947162 0.3916015625 0.6555772994129158 0.4072265625 0.6722113502935421
0 0.0078125 0.7426614481409002 0.0078125 0.7544031311154599 0.01171875 0.7583170254403131 0.05078125 0.7602739726027397 0.078125 0.7416829745596869 0.0791015625 0.7270058708414873 0.04296875 0.6986301369863013 0.0224609375 0.7015655577299412 0.017578125 0.7074363992172211 0.0166015625 0.7250489236790607 0.0078125 0.7426614481409002
0 0.4853515625 0.7641878669275929 0.49609375 0.7759295499021526 0.515625 0.7847358121330724 0.5263671875 0.7984344422700587 0.5576171875 0.8082191780821917 0.5751953125 0.7945205479452054 0.5751953125 0.7857142857142857 0.5634765625 0.773972602739726 0.556640625 0.7475538160469667 0.54296875 0.7201565557729941 0.537109375 0.7162426614481409 0.5107421875 0.7084148727984344 0.494140625 0.7152641878669275 0.4814453125 0.7348336594911937 0.48046875 0.7534246575342466 0.4853515625 0.7641878669275929
0 0.931640625 0.6819960861056751 0.943359375 0.6800391389432485 0.9541015625 0.6673189823874754 0.9560546875 0.6545988258317025 0.9462890625 0.6438356164383562 0.9287109375 0.6389432485322896 0.919921875 0.6526418786692758 0.9208984375 0.6741682974559686 0.931640625 0.6819960861056751
0 0.578125 0.74853228962818 0.5947265625 0.7504892367906066 0.61328125 0.7416829745596869 0.61328125 0.7191780821917808 0.6025390625 0.6917808219178082 0.5849609375 0.6917808219178082 0.56640625 0.7093933463796478 0.56640625 0.7309197651663404 0.578125 0.74853228962818
0 0.697265625 0.7994129158512719 0.6845703125 0.8062622309197651 0.685546875 0.8131115459882583 0.701171875 0.8268101761252445 0.7421875 0.8326810176125244 0.755859375 0.87573385518591 0.763671875 0.8874755381604696 0.7890625 0.8884540117416829 0.79296875 0.8796477495107631 0.7919921875 0.8512720156555773 0.802734375 0.8483365949119372 0.81640625 0.8620352250489237 0.8310546875 0.8620352250489237 0.841796875 0.8170254403131114 0.8291015625 0.7896281800391389 0.8232421875 0.786692759295499 0.814453125 0.7896281800391389 0.7939453125 0.8238747553816047 0.787109375 0.8238747553816047 0.775390625 0.8131115459882583 0.7587890625 0.812133072407045 0.7548828125 0.7945205479452054 0.7646484375 0.7857142857142857 0.771484375 0.7602739726027397 0.7822265625 0.7436399217221135 0.7841796875 0.7338551859099803 0.779296875 0.726027397260274 0.7568359375 0.7270058708414873 0.73828125 0.7348336594911937 0.71875 0.7573385518590998 0.7109375 0.7798434442270058 0.697265625 0.7994129158512719