0 0.2470703125 0.11350293542074363 0.25390625 0.11937377690802346 0.26953125 0.11937377690802346 0.310546875 0.1095890410958904 0.3154296875 0.11252446183953033 0.31640625 0.15459882583170254 0.3232421875 0.16829745596868884 0.3134765625 0.1771037181996086 0.294921875 0.18101761252446183 0.283203125 0.1888454011741683 0.2783203125 0.2152641878669276 0.2841796875 0.21819960861056747 0.2841796875 0.223091976516634 0.2783203125 0.24266144814090018 0.298828125 0.2622309197651663 0.33203125 0.2583170254403131 0.337890625 0.25440313111545987 0.3515625 0.22896281800391388 0.3701171875 0.21330724070450097 0.3662109375 0.19373776908023482 0.353515625 0.17906066536203522 0.34375 0.17416829745596868 0.33984375 0.16634050880626222 0.353515625 0.136986301369863 0.3544921875 0.11741682974559686 0.359375 0.11056751467710371 0.373046875 0.10665362035225048 0.3798828125 0.09882583170254403 0.37890625 0.07925636007827788 0.3701171875 0.06555772994129158 0.3486328125 0.05283757338551859 0.3134765625 0.04403131115459882 0.25390625 0.051859099804305274 0.2470703125 0.06164383561643836 0.2451171875 0.07338551859099804 0.2431640625 0.10078277886497064 0.2470703125 0.11350293542074363
0 0.2080078125 0.13992172211350293 0.2119140625 0.15557729941291584 0.2236328125 0.15949119373776907 0.2412109375 0.12720156555772993 0.2412109375 0.12133072407045009 0.212890625 0.09784735812133072 0.1953125 0.1086105675146771 0.1953125 0.12426614481409001 0.2080078125 0.13992172211350293
0 0.5439453125 0.06947162426614481 0.560546875 0.07045009784735812 0.5703125 0.06457925636007827 0.580078125 0.0684931506849315 0.5830078125 0.07729941291585127 0.5908203125 0.0821917808219178 0.60546875 0.0812133072407045 0.6044921875 0.06262230919765166 0.611328125 0.046966731898238745 0.60546875 0.03913894324853229 0.5908203125 0.03424657534246575 0.580078125 0.025440313111545987 0.5732421875 0.023483365949119372 0.546875 0.03424657534246575 0.5361328125 0.04500978473581213 0.53515625 0.0547945205479452 0.5439453125 0.06947162426614481
0 0.29296875 0.4305283757338552 0.30859375 0.42661448140900193 0.3271484375 0.4295499021526418 0.3369140625 0.42563600782778865 0.365234375 0.42661448140900193 0.3701171875 0.4217221135029354 0.3720703125 0.40802348336594907 0.365234375 0.3943248532289628 0.3544921875 0.3933463796477495 0.333984375 0.39921722113502933 0.3046875 0.40117416829745595 0.291015625 0.4187866927592955 0.2890625 0.42563600782778865 0.29296875 0.4305283757338552
0 0.38671875 0.4804305283757338 0.390625 0.4911937377690802 0.4072265625 0.4892367906066536 0.4228515625 0.4960861056751467 0.431640625 0.5078277886497065 0.4453125 0.5146771037181995 0.478515625 0.5166340508806262 0.4814453125 0.5068493150684932 0.4658203125 0.47651663405088057 0.4697265625 0.4657534246575342 0.4814453125 0.4549902152641878 0.4833984375 0.4315068493150685 0.4658203125 0.40019569471624267 0.4560546875 0.3923679060665362 0.4501953125 0.3923679060665362 0.4296875 0.40313111545988256 0.41015625 0.4021526418786692 0.4033203125 0.4070450097847358 0.3994140625 0.41780821917808214 0.3984375 0.4481409001956947 0.38671875 0.4804305283757338
0 0.3037109375 0.557729941291585 0.3017578125 0.5763209393346379 0.306640625 0.5821917808219178 0.31640625 0.5851272015655578 0.333984375 0.5812133072407045 0.35546875 0.5626223091976517 0.3623046875 0.5410958904109588 0.349609375 0.5185909980430529 0.333984375 0.5156555772994129 0.3203125 0.5185909980430529 0.296875 0.5391389432485323 0.296875 0.5499021526418787 0.3037109375 0.557729941291585
0 0.4736328125 0.6506849315068493 0.48828125 0.6487279843444227 0.4970703125 0.6350293542074363 0.494140625 0.6154598825831703 0.48046875 0.608610567514677 0.4677734375 0.611545988258317 0.4560546875 0.6252446183953033 0.4580078125 0.6399217221135028 0.4736328125 0.6506849315068493
0 0.5478515625 0.4559686888454012 0.546875 0.4598825831702544 0.56640625 0.4735812133072407 0.59375 0.4823874755381604 0.615234375 0.5019569471624266 0.6318359375 0.50293542074364 0.6396484375 0.49412915851272016 0.642578125 0.47847358121330724 0.6513671875 0.46183953033268105 0.6533203125 0.42857142857142855 0.666015625 0.410958904109589 0.6611328125 0.39041095890410954 0.6708984375 0.3590998043052837 0.6572265625 0.35518590998043054 0.646484375 0.3590998043052837 0.6416015625 0.34442270058708413 0.6357421875 0.3414872798434442 0.6015625 0.35812133072407043 0.576171875 0.36203522504892366 0.5361328125 0.40410958904109584 0.533203125 0.41780821917808214 0.5302734375 0.44227005870841485 0.5478515625 0.4559686888454012
0 0.6630859375 0.3405088062622309 0.6748046875 0.34540117416829746 0.6826171875 0.3424657534246575 0.6865234375 0.3268101761252446 0.67578125 0.2984344422700587 0.6611328125 0.29549902152641877 0.6533203125 0.3062622309197652 0.6552734375 0.3268101761252446 0.6630859375 0.3405088062622309
0 0.73046875 0.38062622309197647 0.740234375 0.3825831702544031 0.76953125 0.3698630136986301 0.775390625 0.350293542074364 0.7705078125 0.3385518590998043 0.74609375 0.33463796477495106 0.73828125 0.3238747553816047 0.7333984375 0.3238747553816047 0.7275390625 0.3424657534246575 0.7255859375 0.37279843444227 0.73046875 0.38062622309197647
0 0.3798828125 0.05675146771037182 0.3896484375 0.046966731898238745 0.4140625 0.03522504892367906 0.4150390625 0.03131115459882583 0.404296875 0.026418786692759294 0.384765625 0.025440313111545987 0.373046875 0.043052837573385516 0.3720703125 0.0557729941291585 0.3798828125 0.05675146771037182
0 0.8564453125 0.33170254403131116 0.8671875 0.32974559686888455 0.869140625 0.32289628180039137 0.865234375 0.31604696673189825 0.8564453125 0.3150684931506849 0.8525390625 0.3199608610567514 0.8515625 0.324853228962818 0.8564453125 0.33170254403131116
0 0.8017578125 0.26418786692759294 0.8056640625 0.2632093933463796 0.8095703125 0.2583170254403131 0.80859375 0.2495107632093933 0.8037109375 0.2446183953033268 0.794921875 0.2495107632093933 0.794921875 0.2583170254403131 0.8017578125 0.26418786692759294
0 0.76953125 0.8894324853228962 0.802734375 0.920743639921722 0.810546875 0.9168297455968688 0.8310546875 0.9178082191780822 0.849609375 0.913894324853229 0.857421875 0.9090019569471623 0.869140625 0.8894324853228962 0.8681640625 0.8816046966731899 0.8515625 0.8698630136986301 0.8271484375 0.8708414872798433 0.814453125 0.8776908023483365 0.8076171875 0.8649706457925636 0.7880859375 0.8571428571428571 0.765625 0.8669275929549901 0.7646484375 0.8806262230919766 0.76953125 0.8894324853228962