0 0.01953125 0.5195694716242661 0.03125 0.5185909980430529 0.0439453125 0.5078277886497065 0.0498046875 0.4931506849315069 0.0576171875 0.48727984344422703 0.0576171875 0.4735812133072407 0.0439453125 0.47064579256360073 0.037109375 0.4823874755381604 0.021484375 0.4892367906066536 0.0166015625 0.49706457925636005 0.0166015625 0.5166340508806262 0.01953125 0.5195694716242661
0 0.2822265625 0.45792563600782776 0.30078125 0.4500978473581213 0.310546875 0.4315068493150685 0.2998046875 0.42074363992172203 0.2783203125 0.41682974559686886 0.2646484375 0.4227005870841487 0.2578125 0.43346379647749506 0.2607421875 0.4481409001956947 0.2822265625 0.45792563600782776
0 0.4130859375 0.3962818003913894 0.4501953125 0.38747553816046965 0.4677734375 0.3933463796477495 0.4697265625 0.4021526418786692 0.4541015625 0.41682974559686886 0.4560546875 0.42759295499021527 0.4658203125 0.43346379647749506 0.4833984375 0.4344422700587084 0.4931640625 0.4295499021526418 0.52734375 0.4344422700587084 0.5400390625 0.4305283757338552 0.5546875 0.43542074363992167 0.556640625 0.4393346379647749 0.5712890625 0.4393346379647749 0.5869140625 0.4187866927592955 0.578125 0.4070450097847358 0.564453125 0.4070450097847358 0.5595703125 0.3913894324853229 0.5625 0.3825831702544031 0.587890625 0.37181996086105673 0.5869140625 0.363013698630137 0.580078125 0.3561643835616438 0.5654296875 0.3522504892367906 0.560546875 0.3395303326810176 0.5458984375 0.3277886497064579 0.5390625 0.3268101761252446 0.5322265625 0.33268101761252444 0.46875 0.35812133072407043 0.4521484375 0.35812133072407043 0.4453125 0.36692759295499017 0.40625 0.3786692759295499 0.40625 0.39041095890410954 0.4130859375 0.3962818003913894
0 0.4443359375 0.550880626223092 0.458984375 0.5499021526418787 0.466796875 0.5264187866927592 0.4638671875 0.5156555772994129 0.4482421875 0.5088062622309197 0.4345703125 0.5117416829745596 0.427734375 0.5176125244618395 0.43359375 0.5430528375733854 0.4443359375 0.550880626223092
0 0.2548828125 0.5880626223091976 0.26953125 0.598825831702544 0.2744140625 0.6144814090019569 0.2744140625 0.6389432485322896 0.2802734375 0.6545988258317025 0.291015625 0.6653620352250489 0.3076171875 0.6702544031311154 0.3330078125 0.662426614481409 0.3447265625 0.649706457925636 0.349609375 0.6320939334637965 0.3486328125 0.6105675146771037 0.3349609375 0.5909980430528375 0.3447265625 0.560665362035225 0.3388671875 0.5225048923679061 0.349609375 0.4921722113502935 0.3466796875 0.46966731898238745 0.3359375 0.4628180039138943 0.302734375 0.4598825831702544 0.25390625 0.5176125244618395 0.2451171875 0.5342465753424658 0.2470703125 0.5704500978473581 0.2548828125 0.5880626223091976
0 0.3720703125 0.5410958904109588 0.3818359375 0.5420743639921721 0.392578125 0.5362035225048923 0.39453125 0.5215264187866928 0.3876953125 0.5136986301369862 0.375 0.5117416829745596 0.3671875 0.5176125244618395 0.365234375 0.5313111545988258 0.3720703125 0.5410958904109588
0 0.4052734375 0.6604696673189824 0.4267578125 0.662426614481409 0.439453125 0.6555772994129158 0.4453125 0.6399217221135028 0.443359375 0.6262230919765166 0.427734375 0.595890410958904 0.4267578125 0.5870841487279843 0.4208984375 0.5812133072407045 0.4052734375 0.5802348336594911 0.384765625 0.611545988258317 0.3896484375 0.6389432485322896 0.4052734375 0.6604696673189824
0 0.5712890625 0.5088062622309197 0.583984375 0.5136986301369862 0.58984375 0.5117416829745596 0.591796875 0.49804305283757333 0.5849609375 0.4892367906066536 0.576171875 0.48727984344422703 0.56640625 0.49510763209393344 0.56640625 0.5039138943248532 0.5712890625 0.5088062622309197
0 0.7548828125 0.50293542074364 0.7548828125 0.5156555772994129 0.765625 0.5420743639921721 0.775390625 0.5489236790606653 0.80078125 0.5499021526418787 0.8193359375 0.557729941291585 0.818359375 0.5675146771037182 0.806640625 0.5841487279843445 0.810546875 0.5900195694716242 0.849609375 0.5949119373776908 0.8623046875 0.5909980430528375 0.8720703125 0.5821917808219178 0.875 0.5724070450097847 0.873046875 0.5567514677103718 0.8642578125 0.5450097847358121 0.8798828125 0.47847358121330724 0.8779296875 0.46966731898238745 0.865234375 0.4569471624266145 0.837890625 0.4471624266144814 0.78125 0.45303326810176126 0.7666015625 0.4598825831702544 0.75 0.4804305283757338 0.748046875 0.48727984344422703 0.7548828125 0.50293542074364
0 0.1298828125 0.2191780821917808 0.1435546875 0.22211350293542073 0.150390625 0.2162426614481409 0.15234375 0.20450097847358123 0.146484375 0.19667318982387474 0.134765625 0.19569471624266144 0.1259765625 0.20254403131115456 0.125 0.21037181996086102 0.1298828125 0.2191780821917808
0 0.1318359375 0.09099804305283757 0.140625 0.08904109589041095 0.14453125 0.08414872798434442 0.1435546875 0.07632093933463796 0.1376953125 0.07142857142857142 0.126953125 0.07827788649706457 0.1259765625 0.08512720156555773 0.1318359375 0.09099804305283757
0 0.9541015625 0.43737769080234834 0.96484375 0.44911937377690797 0.9736328125 0.4500978473581213 0.9921875 0.39921722113502933 0.9873046875 0.3933463796477495 0.98046875 0.3943248532289628 0.9560546875 0.410958904109589 0.9521484375 0.4187866927592955 0.9541015625 0.43737769080234834