0 0.076171875 0.23679060665362034 0.0830078125 0.25048923679060664 0.0947265625 0.2563600782778865 0.1123046875 0.25733855185909976 0.1259765625 0.24755381604696672 0.130859375 0.23483365949119372 0.1279296875 0.22700587084148727 0.130859375 0.2152641878669276 0.150390625 0.19765166340508805 0.1572265625 0.17906066536203522 0.150390625 0.15362035225048923 0.1376953125 0.13209393346379647 0.119140625 0.12818003913894324 0.1064453125 0.13992172211350293 0.095703125 0.16046966731898238 0.08984375 0.19765166340508805 0.080078125 0.20156555772994128 0.0771484375 0.2123287671232877 0.080078125 0.22407045009784735 0.076171875 0.23679060665362034
0 0.2265625 0.5704500978473581 0.2470703125 0.5870841487279843 0.2685546875 0.5919765166340508 0.2939453125 0.5880626223091976 0.3203125 0.5538160469667319 0.3154296875 0.5450097847358121 0.3037109375 0.5391389432485323 0.2919921875 0.5254403131115459 0.2724609375 0.5117416829745596 0.234375 0.509784735812133 0.21875 0.5234833659491194 0.2197265625 0.5567514677103718 0.2265625 0.5704500978473581
0 0.6865234375 0.738747553816047 0.6845703125 0.7504892367906066 0.703125 0.7622309197651662 0.71484375 0.7759295499021526 0.7236328125 0.7759295499021526 0.736328125 0.7592954990215264 0.7333984375 0.732876712328767 0.740234375 0.7191780821917808 0.744140625 0.7181996086105674 0.759765625 0.7309197651663404 0.7607421875 0.7407045009784736 0.7724609375 0.7407045009784736 0.7685546875 0.7035225048923679 0.76171875 0.6956947162426614 0.744140625 0.6868884540117416 0.72265625 0.6868884540117416 0.7060546875 0.6937377690802349 0.6923828125 0.7162426614481409 0.697265625 0.7299412915851271 0.6865234375 0.738747553816047
0 0.6962890625 0.9510763209393346 0.697265625 0.9647749510763208 0.716796875 0.9853228962818003 0.73046875 0.9882583170254403 0.7412109375 0.9853228962818003 0.763671875 0.9990215264187867 0.80078125 0.9990215264187867 0.806640625 0.9892367906066536 0.806640625 0.9814090019569471 0.796875 0.9442270058708415 0.8125 0.9373776908023483 0.8232421875 0.9373776908023483 0.8359375 0.9285714285714285 0.841796875 0.9217221135029353 0.841796875 0.9060665362035225 0.837890625 0.8904109589041095 0.828125 0.8806262230919766 0.814453125 0.8816046966731899 0.794921875 0.8992172211350293 0.7802734375 0.8776908023483365 0.7568359375 0.8639921722113503 0.7548828125 0.8483365949119372 0.7490234375 0.8434442270058709 0.7412109375 0.8434442270058709 0.734375 0.850293542074364 0.732421875 0.863013698630137 0.703125 0.8796477495107631 0.689453125 0.9148727984344422 0.6875 0.933463796477495 0.6962890625 0.9510763209393346
0 0.5986328125 0.8003913894324853 0.6181640625 0.8052837573385518 0.654296875 0.8043052837573385 0.6630859375 0.793542074363992 0.662109375 0.7759295499021526 0.6513671875 0.7651663405088062 0.6064453125 0.7720156555772995 0.5927734375 0.7827788649706457 0.591796875 0.7896281800391389 0.5986328125 0.8003913894324853
0 0.82421875 0.4589041095890411 0.8291015625 0.4657534246575342 0.8310546875 0.4804305283757338 0.841796875 0.48532289628180036 0.8515625 0.4823874755381604 0.8681640625 0.4589041095890411 0.8876953125 0.446183953033268 0.8857421875 0.4344422700587084 0.876953125 0.4295499021526418 0.86328125 0.4315068493150685 0.8466796875 0.44129158512720157 0.8271484375 0.4383561643835616 0.8232421875 0.446183953033268 0.82421875 0.4589041095890411
0 0.8583984375 0.5596868884540117 0.8671875 0.5675146771037182 0.8671875 0.5743639921722112 0.8759765625 0.5782778864970646 0.880859375 0.5714285714285714 0.8798828125 0.5528375733855186 0.8837890625 0.5430528375733854 0.8974609375 0.5283757338551859 0.8984375 0.512720156555773 0.89453125 0.5048923679060665 0.8837890625 0.49706457925636005 0.8564453125 0.49021526418786693 0.8466796875 0.49510763209393344 0.849609375 0.5362035225048923 0.8583984375 0.5596868884540117
0 0.6181640625 0.5831702544031311 0.60546875 0.6232876712328766 0.611328125 0.6291585127201565 0.63671875 0.6340508806262231 0.65625 0.6027397260273972 0.66796875 0.5998043052837574 0.6787109375 0.5880626223091976 0.685546875 0.5636007827788649 0.681640625 0.5254403131115459 0.67578125 0.5205479452054794 0.6455078125 0.5205479452054794 0.595703125 0.538160469667319 0.59375 0.5420743639921721 0.5947265625 0.5704500978473581 0.6181640625 0.5831702544031311
0 0.6923828125 0.6272015655577299 0.6962890625 0.6242661448140899 0.6982421875 0.6125244618395304 0.6953125 0.6076320939334637 0.68359375 0.6066536203522505 0.677734375 0.6125244618395304 0.6796875 0.6262230919765166 0.6923828125 0.6272015655577299
0 0.830078125 0.8150684931506849 0.8388671875 0.8131115459882583 0.8515625 0.8033268101761252 0.8515625 0.7945205479452054 0.8466796875 0.7886497064579256 0.8291015625 0.7886497064579256 0.82421875 0.7925636007827788 0.8232421875 0.8072407045009784 0.830078125 0.8150684931506849
0 0.544921875 0.7407045009784736 0.552734375 0.7397260273972602 0.5615234375 0.7318982387475538 0.5556640625 0.7211350293542074 0.541015625 0.726027397260274 0.5400390625 0.7348336594911937 0.544921875 0.7407045009784736
0 0.462890625 0.7886497064579256 0.47265625 0.7896281800391389 0.48046875 0.7827788649706457 0.4814453125 0.7729941291585127 0.4765625 0.7651663405088062 0.466796875 0.7651663405088062 0.4560546875 0.7729941291585127 0.455078125 0.7827788649706457 0.462890625 0.7886497064579256
0 0.380859375 0.8581213307240704 0.3896484375 0.8571428571428571 0.3994140625 0.8424657534246576 0.396484375 0.8365949119373777 0.3828125 0.8297455968688844 0.369140625 0.8385518590998042 0.3701171875 0.8522504892367906 0.380859375 0.8581213307240704
0 0.2509765625 0.1095890410958904 0.26171875 0.11839530332681017 0.2919921875 0.12622309197651663 0.3173828125 0.11937377690802346 0.33203125 0.08904109589041095 0.34765625 0.08317025440313111 0.3681640625 0.08512720156555773 0.38671875 0.07729941291585127 0.3896484375 0.05968688845401173 0.37890625 0.04892367906066536 0.3408203125 0.05870841487279843 0.333984375 0.0538160469667319 0.32421875 0.036203522504892366 0.29296875 0.019569471624266144 0.275390625 0.022504892367906065 0.2529296875 0.04794520547945205 0.2451171875 0.06653620352250489 0.2451171875 0.09197651663405088 0.2509765625 0.1095890410958904
0 0.6240234375 0.07045009784735812 0.63671875 0.07632093933463796 0.6474609375 0.07632093933463796 0.6650390625 0.0675146771037182 0.6767578125 0.0675146771037182 0.6787109375 0.07534246575342465 0.6875 0.08023483365949119 0.7060546875 0.05675146771037182 0.703125 0.046966731898238745 0.68359375 0.033268101761252444 0.669921875 0 0.6171875 0 0.6083984375 0.03424657534246575 0.6103515625 0.0538160469667319 0.6240234375 0.07045009784735812
0 0.7255859375 0.25146771037182 0.732421875 0.2563600782778865 0.744140625 0.2534246575342466 0.748046875 0.2455968688845401 0.7451171875 0.2338551859099804 0.73828125 0.22896281800391388 0.724609375 0.2328767123287671 0.72265625 0.2455968688845401 0.7255859375 0.25146771037182
0 0.681640625 0.20841487279843443 0.689453125 0.20939334637964774 0.7001953125 0.20058708414872797 0.701171875 0.1908023483365949 0.6953125 0.18395303326810175 0.685546875 0.18297455968688844 0.677734375 0.18786692759295498 0.67578125 0.20058708414872797 0.681640625 0.20841487279843443
0 0.5048828125 0.36888454011741684 0.5009765625 0.3796477495107632 0.501953125 0.3962818003913894 0.505859375 0.40410958904109584 0.5146484375 0.40998043052837574 0.5361328125 0.40900195694716246 0.5439453125 0.40410958904109584 0.5537109375 0.3747553816046966 0.58203125 0.34833659491193736 0.5888671875 0.3336594911937377 0.5888671875 0.3268101761252446 0.58203125 0.31898238747553814 0.5498046875 0.31213307240704496 0.5361328125 0.2857142857142857 0.5263671875 0.286692759295499 0.515625 0.3062622309197652 0.50390625 0.31213307240704496 0.4931640625 0.32583170254403127 0.4931640625 0.34637964774951074 0.5048828125 0.36888454011741684
0 0.4130859375 0.22770743639921723 0.41796875 0.26097553816046964 0.4345703125 0.2922866927592955 0.4423828125 0.2991360078277886 0.45703125 0.30011448140900193 0.4765625 0.2922866927592955 0.48046875 0.2834804305283757 0.490234375 0.2785880626223092 0.4931640625 0.2619540117416829 0.51171875 0.24434148727984345 0.5087890625 0.21792270058708416 0.513671875 0.19443933463796476 0.5341796875 0.19835322896281798 0.5400390625 0.20422407045009786 0.544921875 0.21890117416829744 0.556640625 0.2267289628180039 0.5625 0.22379354207436397 0.5712890625 0.2257504892367906 0.5859375 0.22085812133072408 0.5927734375 0.21303033268101762 0.6005859375 0.18759001956947163 0.5849609375 0.17389138943248533 0.5732421875 0.17389138943248533 0.5625 0.1817191780821918 0.556640625 0.1817191780821918 0.5380859375 0.1699774951076321 0.5263671875 0.16606360078277888 0.5146484375 0.1689990215264188 0.50390625 0.16410665362035226 0.498046875 0.1562788649706458 0.4912109375 0.1562788649706458 0.470703125 0.16508512720156557 0.4599609375 0.16410665362035226 0.416015625 0.19150391389432486 0.421875 0.2120518590998043 0.4130859375 0.22770743639921723
0 0.681640625 0.3698630136986301 0.689453125 0.3698630136986301 0.6953125 0.3639921722113503 0.6923828125 0.3532289628180039 0.681640625 0.3532289628180039 0.677734375 0.3571428571428571 0.6767578125 0.363013698630137 0.681640625 0.3698630136986301
0 0.8662109375 0.8796477495107631 0.87109375 0.8835616438356164 0.8759765625 0.885518590998043 0.8798828125 0.885518590998043 0.8837890625 0.8835616438356164 0.8876953125 0.8796477495107631 0.888671875 0.8776908023483365 0.888671875 0.8737769080234834 0.8896484375 0.8727984344422699 0.8876953125 0.8688845401174168 0.8837890625 0.8649706457925636 0.880859375 0.8639921722113503 0.875 0.8639921722113503 0.8720703125 0.8649706457925636 0.865234375 0.8718199608610566 0.8642578125 0.87573385518591 0.8662109375 0.8796477495107631
0 0.91796875 0.9197651663405088 0.9189453125 0.9227005870841486 0.9287109375 0.9324853228962817 0.9306640625 0.9315068493150684 0.93359375 0.9315068493150684 0.935546875 0.9266144814090019 0.935546875 0.9168297455968688 0.93359375 0.9129158512720157 0.931640625 0.9109589041095889 0.9296875 0.9099804305283756 0.9267578125 0.9099804305283756 0.92578125 0.9090019569471623 0.9208984375 0.9109589041095889 0.9189453125 0.9129158512720157 0.91796875 0.9158512720156555 0.91796875 0.9197651663405088
0 0.5751953125 0.8679060665362035 0.5771484375 0.8698630136986301 0.58984375 0.87573385518591 0.595703125 0.8835616438356164 0.5986328125 0.8845401174168297 0.599609375 0.8835616438356164 0.6025390625 0.8835616438356164 0.607421875 0.8796477495107631 0.6103515625 0.8747553816046967 0.6103515625 0.8688845401174168 0.6025390625 0.8512720156555773 0.599609375 0.8493150684931507 0.591796875 0.8512720156555773 0.5810546875 0.8600782778864969 0.5751953125 0.863013698630137 0.57421875 0.8659491193737768 0.5751953125 0.8679060665362035
0 0.6129423828125 0.8198121330724069 0.6090087890625 0.8228571428571427 0.605791015625 0.826440313111546 0.6027509765625 0.8255450097847359 0.597029296875 0.8266193737769079 0.5943466796875 0.8337857142857142 0.5959560546875 0.8402358121330723 0.600248046875 0.8441771037181995 0.6038232421875 0.8482974559686888 0.61008203125 0.848834637964775 0.615625 0.8536722113502935 0.6209892578125 0.8561800391389431 0.627068359375 0.8536722113502935 0.6304658203125 0.8502681017612523 0.6301083984375 0.8436389432485323 0.6284990234375 0.8402358121330723 0.6233134765625 0.8393395303326809 0.619201171875 0.8431017612524462 0.61633984375 0.8434598825831701 0.6134794921875 0.8400567514677103 0.61633984375 0.8377270058708415 0.6218828125 0.8352191780821918 0.6229560546875 0.8294863013698629 0.6225986328125 0.8233953033268101 0.618306640625 0.8198121330724069 0.6129423828125 0.8198121330724069
0 0.7998046875 0.16536203522504891 0.8115234375 0.16829745596868884 0.83203125 0.14677103718199608 0.837890625 0.13013698630136986 0.8359375 0.111545988258317 0.830078125 0.11056751467710371 0.8212890625 0.1223091976516634 0.7939453125 0.13894324853228962 0.79296875 0.1487279843444227 0.7998046875 0.16536203522504891
0 0.970703125 0.18199608610567514 0.98046875 0.175146771037182 0.984375 0.15949119373776907 0.9794921875 0.15459882583170254 0.96875 0.15362035225048923 0.9599609375 0.1634050880626223 0.9599609375 0.1771037181996086 0.970703125 0.18199608610567514