0 0.404296875 0.2632093933463796 0.4267578125 0.2925636007827789 0.44921875 0.3013698630136986 0.4541015625 0.3111545988258317 0.455078125 0.3414872798434442 0.4609375 0.350293542074364 0.4736328125 0.36203522504892366 0.4970703125 0.36888454011741684 0.5185546875 0.36203522504892366 0.5263671875 0.35518590998043054 0.533203125 0.3414872798434442 0.5244140625 0.3199608610567514 0.51953125 0.31604696673189825 0.515625 0.24657534246575344 0.5224609375 0.23483365949119372 0.5234375 0.22113502935420742 0.5078125 0.18590998043052837 0.498046875 0.18101761252446183 0.474609375 0.1780821917808219 0.447265625 0.18101761252446183 0.4228515625 0.19373776908023482 0.400390625 0.223091976516634 0.3994140625 0.24755381604696672 0.404296875 0.2632093933463796
0 0.02734375 0.21330724070450097 0.0390625 0.21135029354207435 0.0458984375 0.19569471624266144 0.04296875 0.18590998043052837 0.025390625 0.175146771037182 0.0146484375 0.18101761252446183 0.0126953125 0.19960861056751467 0.02734375 0.21330724070450097
0 0.02734375 0.48532289628180036 0.029296875 0.49706457925636005 0.0439453125 0.5078277886497065 0.0517578125 0.5078277886497065 0.0712890625 0.4921722113502935 0.1103515625 0.509784735812133 0.1240234375 0.5088062622309197 0.1318359375 0.49706457925636005 0.1552734375 0.48140900195694714 0.1640625 0.4598825831702544 0.162109375 0.4344422700587084 0.1416015625 0.4158512720156556 0.1416015625 0.40410958904109584 0.134765625 0.38062622309197647 0.130859375 0.3776908023483366 0.12109375 0.38062622309197647 0.11328125 0.40117416829745595 0.099609375 0.40998043052837574 0.08203125 0.4158512720156556 0.07421875 0.4158512720156556 0.064453125 0.40802348336594907 0.0537109375 0.41193737769080235 0.04296875 0.4217221135029354 0.03515625 0.44227005870841485 0.0361328125 0.45303326810176126 0.02734375 0.48532289628180036
0 0.2373046875 0.5587084148727983 0.2724609375 0.5538160469667319 0.2978515625 0.5362035225048923 0.310546875 0.5322896281800391 0.3154296875 0.5234833659491194 0.3134765625 0.5107632093933463 0.302734375 0.4990215264187866 0.27734375 0.509784735812133 0.2529296875 0.5068493150684932 0.2451171875 0.5136986301369862 0.2412109375 0.5332681017612524 0.2333984375 0.5450097847358121 0.2314453125 0.5538160469667319 0.2373046875 0.5587084148727983
0 0.2060546875 0.32974559686888455 0.216796875 0.337573385518591 0.234375 0.3424657534246575 0.2373046875 0.3639921722113503 0.2568359375 0.3825831702544031 0.2685546875 0.3825831702544031 0.296875 0.3659491193737769 0.3056640625 0.34833659491193736 0.3056640625 0.337573385518591 0.2919921875 0.31898238747553814 0.2802734375 0.31017612524461835 0.2890625 0.2837573385518591 0.279296875 0.2700587084148728 0.2705078125 0.2671232876712329 0.251953125 0.2690802348336595 0.2412109375 0.2857142857142857 0.212890625 0.29549902152641877 0.2041015625 0.3062622309197652 0.2021484375 0.3150684931506849 0.2060546875 0.32974559686888455
0 0.302734375 0.446183953033268 0.3154296875 0.4471624266144814 0.3232421875 0.44129158512720157 0.326171875 0.4295499021526418 0.3173828125 0.41682974559686886 0.306640625 0.4158512720156556 0.2978515625 0.423679060665362 0.296875 0.43639921722113495 0.302734375 0.446183953033268
0 0.5849609375 0.5195694716242661 0.60546875 0.5195694716242661 0.6298828125 0.5117416829745596 0.64453125 0.4990215264187866 0.6533203125 0.48140900195694714 0.6533203125 0.4628180039138943 0.646484375 0.4432485322896282 0.6240234375 0.42661448140900193 0.599609375 0.42759295499021527 0.5703125 0.4393346379647749 0.55859375 0.45205479452054786 0.5537109375 0.4667318982387475 0.5556640625 0.4960861056751467 0.5849609375 0.5195694716242661
0 0.8623046875 0.46966731898238745 0.8701171875 0.46966731898238745 0.8935546875 0.4432485322896282 0.927734375 0.4393346379647749 0.93359375 0.4246575342465754 0.9248046875 0.40313111545988256 0.912109375 0.40019569471624267 0.90234375 0.40900195694716246 0.8896484375 0.40802348336594907 0.8779296875 0.41291585127201563 0.8681640625 0.4217221135029354 0.859375 0.44520547945205474 0.857421875 0.4628180039138943 0.8623046875 0.46966731898238745
0 0.31640625 0.7504892367906066 0.330078125 0.7514677103718199 0.3466796875 0.726027397260274 0.345703125 0.7084148727984344 0.33984375 0.6986301369863013 0.34375 0.6888454011741683 0.3388671875 0.6790606653620352 0.3310546875 0.6731898238747553 0.3232421875 0.6741682974559686 0.3154296875 0.6888454011741683 0.298828125 0.6986301369863013 0.2939453125 0.7123287671232876 0.2958984375 0.7348336594911937 0.31640625 0.7504892367906066
0 0.396484375 0.7759295499021526 0.41015625 0.773972602739726 0.4189453125 0.7622309197651662 0.4150390625 0.7495107632093932 0.4052734375 0.7436399217221135 0.392578125 0.7446183953033267 0.3857421875 0.7534246575342466 0.3857421875 0.7661448140900196 0.396484375 0.7759295499021526
0 0.484375 0.6682974559686887 0.501953125 0.7113502935420744 0.521484375 0.7270058708414873 0.5419921875 0.7348336594911937 0.568359375 0.7318982387475538 0.5830078125 0.7240704500978473 0.6005859375 0.6888454011741683 0.59765625 0.6643835616438356 0.5927734375 0.6575342465753424 0.5693359375 0.6360078277886496 0.5576171875 0.6311154598825832 0.521484375 0.6330724070450098 0.509765625 0.6272015655577299 0.501953125 0.6144814090019569 0.4912109375 0.6144814090019569 0.4853515625 0.6193737769080234 0.482421875 0.6262230919765166 0.484375 0.6682974559686887
0 0.7236328125 0.5929549902152641 0.7373046875 0.5939334637964775 0.7431640625 0.5880626223091976 0.7431640625 0.5743639921722112 0.7353515625 0.5665362035225049 0.712890625 0.5665362035225049 0.70703125 0.5724070450097847 0.70703125 0.5802348336594911 0.7236328125 0.5929549902152641
0 0.6689453125 0.6917808219178082 0.6875 0.7054794520547945 0.6845703125 0.7103718199608611 0.6923828125 0.7191780821917808 0.7119140625 0.726027397260274 0.73828125 0.7211350293542074 0.7529296875 0.6996086105675146 0.763671875 0.6917808219178082 0.771484375 0.6741682974559686 0.7939453125 0.6761252446183953 0.8046875 0.6692759295499021 0.806640625 0.6506849315068493 0.7978515625 0.6311154598825832 0.8046875 0.6183953033268101 0.8046875 0.6076320939334637 0.7900390625 0.5978473581213307 0.771484375 0.595890410958904 0.7578125 0.6164383561643836 0.72265625 0.6350293542074363 0.71484375 0.6467710371819961 0.7021484375 0.6536203522504892 0.6943359375 0.6536203522504892 0.677734375 0.6389432485322896 0.662109375 0.6418786692759295 0.646484375 0.6536203522504892 0.642578125 0.662426614481409 0.6689453125 0.6917808219178082
0 0.8046875 0.7074363992172211 0.8134765625 0.7152641878669275 0.8349609375 0.7221135029354208 0.8662109375 0.7573385518590998 0.8701171875 0.7720156555772995 0.8837890625 0.7778864970645791 0.91015625 0.7563600782778865 0.919921875 0.7524461839530332 0.9365234375 0.7534246575342466 0.9541015625 0.7426614481409002 0.9658203125 0.7201565557729941 0.9619140625 0.6956947162426614 0.9736328125 0.6702544031311154 0.9560546875 0.6311154598825832 0.9453125 0.6281800391389433 0.9189453125 0.6320939334637965 0.9013671875 0.6183953033268101 0.8828125 0.6154598825831703 0.875 0.6203522504892367 0.865234375 0.6379647749510763 0.865234375 0.6487279843444227 0.8720703125 0.6614481409001957 0.853515625 0.6722113502935421 0.8173828125 0.678082191780822 0.802734375 0.6859099804305283 0.80078125 0.6956947162426614 0.8046875 0.7074363992172211
0 0.82421875 0.834637964774951 0.8427734375 0.837573385518591 0.861328125 0.8317025440313112 0.876953125 0.8414872798434441 0.88671875 0.8414872798434441 0.8935546875 0.8356164383561643 0.8935546875 0.8199608610567515 0.8759765625 0.812133072407045 0.8681640625 0.7945205479452054 0.8525390625 0.7818003913894325 0.8291015625 0.7788649706457925 0.8154296875 0.7857142857142857 0.80859375 0.796477495107632 0.8095703125 0.8199608610567515 0.82421875 0.834637964774951
0 0.6923828125 0.19960861056751467 0.7138671875 0.22700587084148727 0.7373046875 0.23679060665362034 0.7548828125 0.23776908023483365 0.7783203125 0.2279843444227006 0.791015625 0.21330724070450097 0.8037109375 0.18590998043052837 0.7998046875 0.14383561643835616 0.7900390625 0.12426614481409001 0.7724609375 0.1086105675146771 0.7509765625 0.10078277886497064 0.7197265625 0.09784735812133072 0.708984375 0.10469667318982387 0.69140625 0.12622309197651663 0.685546875 0.15264187866927592 0.685546875 0.18199608610567514 0.6923828125 0.19960861056751467
0 0.62890625 0.286692759295499 0.63671875 0.29354207436399216 0.6640625 0.299412915851272 0.6728515625 0.2886497064579256 0.6669921875 0.27495107632093935 0.6748046875 0.25244618395303325 0.6689453125 0.22015655577299414 0.66015625 0.21037181996086102 0.6611328125 0.19863013698630136 0.6376953125 0.1898238747553816 0.6298828125 0.1908023483365949 0.6240234375 0.19765166340508805 0.619140625 0.2299412915851272 0.62890625 0.286692759295499
0 0.3623046875 0.6927592954990215 0.390625 0.6996086105675146 0.4013671875 0.6956947162426614 0.412109375 0.6859099804305283 0.41796875 0.6634050880626223 0.41015625 0.6369863013698629 0.3837890625 0.6232876712328766 0.375 0.6232876712328766 0.359375 0.6330724070450098 0.353515625 0.6448140900195695 0.3525390625 0.678082191780822 0.3623046875 0.6927592954990215