0 0.3369140625 0.26810176125244617 0.34765625 0.2759295499021526 0.3916015625 0.29060665362035226 0.396484375 0.3023483365949119 0.3916015625 0.32093933463796476 0.3994140625 0.33072407045009783 0.4111328125 0.33072407045009783 0.412109375 0.29647749510763205 0.439453125 0.2925636007827789 0.451171875 0.28180039138943247 0.4443359375 0.25244618395303325 0.45703125 0.22602739726027393 0.458984375 0.2054794520547945 0.4453125 0.17906066536203522 0.4140625 0.162426614481409 0.3818359375 0.16634050880626222 0.361328125 0.1643835616438356 0.353515625 0.16829745596868884 0.3544921875 0.1888454011741683 0.326171875 0.2162426614481409 0.32421875 0.23776908023483365 0.3369140625 0.26810176125244617
0 0.3505859375 0.15362035225048923 0.3623046875 0.15753424657534246 0.375 0.15166340508806261 0.3798828125 0.14187866927592954 0.3779296875 0.13307240704500978 0.3662109375 0.12622309197651663 0.3564453125 0.12720156555772993 0.345703125 0.1350293542074364 0.3447265625 0.14481409001956946 0.3505859375 0.15362035225048923
0 0.380859375 0.12818003913894324 0.39453125 0.12622309197651663 0.4013671875 0.11741682974559686 0.4013671875 0.10371819960861055 0.390625 0.09295499021526418 0.3828125 0.0949119373776908 0.37109375 0.10567514677103718 0.3720703125 0.12035225048923678 0.380859375 0.12818003913894324
0 0.30859375 0.175146771037182 0.3203125 0.1771037181996086 0.326171875 0.17221135029354206 0.3291015625 0.16144814090019569 0.32421875 0.15362035225048923 0.3125 0.1506849315068493 0.3056640625 0.15655577299412915 0.3037109375 0.1643835616438356 0.30859375 0.175146771037182
0 0.2783203125 0.5802348336594911 0.291015625 0.5821917808219178 0.3056640625 0.573385518590998 0.30859375 0.557729941291585 0.2998046875 0.5430528375733854 0.2900390625 0.5391389432485323 0.279296875 0.5401174168297456 0.2685546875 0.5518590998043053 0.26953125 0.5684931506849316 0.2783203125 0.5802348336594911
0 0.19921875 0.42857142857142855 0.208984375 0.43346379647749506 0.2119140625 0.4403131115459883 0.201171875 0.4569471624266145 0.2001953125 0.47064579256360073 0.2060546875 0.48140900195694714 0.2294921875 0.4892367906066536 0.236328125 0.49804305283757333 0.2548828125 0.4931506849315069 0.265625 0.47651663405088057 0.29296875 0.4755381604696673 0.306640625 0.4716242661448141 0.310546875 0.4667318982387475 0.310546875 0.4598825831702544 0.283203125 0.43639921722113495 0.26953125 0.4158512720156556 0.2548828125 0.410958904109589 0.236328125 0.41291585127201563 0.2138671875 0.40313111545988256 0.205078125 0.40313111545988256 0.197265625 0.40998043052837574 0.1953125 0.4148727984344422 0.19921875 0.42857142857142855
0 0.704884765625 0.5528375733855186 0.725392578125 0.557729941291585 0.734181640625 0.5655577299412916 0.740041015625 0.5655577299412916 0.756642578125 0.5528375733855186 0.765431640625 0.550880626223092 0.7763212890625 0.5447407045009784 0.7823212890625 0.5625821917808218 0.793546875 0.592252446183953 0.794728515625 0.6262230919765166 0.789845703125 0.6301369863013698 0.775197265625 0.6262230919765166 0.775197265625 0.6330724070450098 0.788869140625 0.6409001956947162 0.797658203125 0.6555772994129158 0.798634765625 0.6673189823874754 0.788869140625 0.6859099804305283 0.788869140625 0.7015655577299412 0.800587890625 0.7191780821917808 0.814259765625 0.7201565557729941 0.833791015625 0.7093933463796478 0.846486328125 0.7191780821917808 0.856251953125 0.7191780821917808 0.868947265625 0.6947162426614482 0.885548828125 0.700587084148728 0.924611328125 0.6986301369863013 0.939259765625 0.6859099804305283 0.946095703125 0.6604696673189824 0.943166015625 0.6448140900195695 0.931447265625 0.6330724070450098 0.928517578125 0.6399217221135028 0.915822265625 0.6389432485322896 0.907033203125 0.6320939334637965 0.908009765625 0.6193737769080234 0.900197265625 0.6095890410958904 0.866994140625 0.5909980430528375 0.845509765625 0.5841487279843445 0.837697265625 0.5430528375733854 0.827931640625 0.5322896281800391 0.810353515625 0.5264187866927592 0.791798828125 0.5254403131115459 0.737111328125 0.5391389432485323 0.717580078125 0.5313111545988258 0.704884765625 0.5313111545988258 0.698048828125 0.538160469667319 0.698048828125 0.5459882583170254 0.704884765625 0.5528375733855186
0 0.8154296875 0.7504892367906066 0.81640625 0.7583170254403131 0.8203125 0.7651663405088062 0.82421875 0.7681017612524461 0.8291015625 0.7700587084148728 0.8310546875 0.7720156555772995 0.8388671875 0.7720156555772995 0.84765625 0.7681017612524461 0.8505859375 0.7651663405088062 0.853515625 0.7563600782778865 0.8525390625 0.7495107632093932 0.84765625 0.7407045009784736 0.845703125 0.7397260273972602 0.8408203125 0.7338551859099803 0.83203125 0.7338551859099803 0.8310546875 0.7348336594911937 0.828125 0.7348336594911937 0.82421875 0.7367906066536203 0.81640625 0.74559686888454 0.81640625 0.7495107632093932 0.8154296875 0.7504892367906066
0 0.748046875 0.9080234833659491 0.7685546875 0.9129158512720157 0.779296875 0.9060665362035225 0.78125 0.8894324853228962 0.7705078125 0.87573385518591 0.7548828125 0.8737769080234834 0.744140625 0.8845401174168297 0.7431640625 0.8982387475538159 0.748046875 0.9080234833659491
0 0.94921875 0.16927592954990214 0.95703125 0.17123287671232876 0.9638671875 0.16829745596868884 0.966796875 0.15753424657534246 0.962890625 0.15166340508806261 0.951171875 0.1487279843444227 0.9453125 0.15459882583170254 0.9443359375 0.16046966731898238 0.94921875 0.16927592954990214
0 0.9150390625 0.4246575342465754 0.935546875 0.42661448140900193 0.9462890625 0.4217221135029354 0.9501953125 0.40313111545988256 0.94140625 0.38649706457925637 0.9208984375 0.38551859099804303 0.91015625 0.3972602739726027 0.9091796875 0.40802348336594907 0.9150390625 0.4246575342465754
0 0.8935546875 0.5998043052837574 0.91015625 0.608610567514677 0.9228515625 0.6076320939334637 0.9453125 0.5949119373776908 0.9541015625 0.5841487279843445 0.9541015625 0.5714285714285714 0.9462890625 0.560665362035225 0.943359375 0.5195694716242661 0.9384765625 0.5048923679060665 0.927734375 0.5019569471624266 0.9111328125 0.5048923679060665 0.8828125 0.538160469667319 0.8818359375 0.557729941291585 0.8935546875 0.5998043052837574