0 0.080078125 0.2925636007827789 0.0869140625 0.2984344422700587 0.095703125 0.32093933463796476 0.1142578125 0.32583170254403127 0.1494140625 0.3150684931506849 0.16796875 0.30039138943248533 0.1806640625 0.2495107632093933 0.16796875 0.2279843444227006 0.1533203125 0.2191780821917808 0.134765625 0.2162426614481409 0.12109375 0.22113502935420742 0.1083984375 0.23874755381604693 0.0888671875 0.24363992172211352 0.0791015625 0.25929549902152643 0.0771484375 0.2857142857142857 0.080078125 0.2925636007827789
0 0.0654296875 0.5459882583170254 0.0771484375 0.547945205479452 0.0888671875 0.5410958904109588 0.0927734375 0.5254403131115459 0.0810546875 0.5136986301369862 0.068359375 0.5136986301369862 0.0576171875 0.5225048923679061 0.0556640625 0.5332681017612524 0.0654296875 0.5459882583170254
0 0.3017578125 0.550880626223092 0.3271484375 0.5616438356164383 0.3427734375 0.560665362035225 0.353515625 0.5518590998043053 0.3583984375 0.5410958904109588 0.3603515625 0.5146771037181995 0.3515625 0.4804305283757338 0.341796875 0.47847358121330724 0.3291015625 0.4843444227005871 0.3076171875 0.48630136986301364 0.2939453125 0.49706457925636005 0.2890625 0.5088062622309197 0.2890625 0.5303326810176124 0.3017578125 0.550880626223092
0 0 0.6761252446183953 0.0078125 0.6702544031311154 0.0205078125 0.6467710371819961 0.0166015625 0.6311154598825832 0.0029296875 0.62133072407045 0 0.62133072407045 0 0.6761252446183953
0 0.3779296875 0.36497064579256355 0.3896484375 0.38649706457925637 0.408203125 0.4021526418786692 0.439453125 0.4021526418786692 0.4462890625 0.41193737769080235 0.4599609375 0.410958904109589 0.4775390625 0.37279843444227 0.4677734375 0.3336594911937377 0.4677734375 0.32583170254403127 0.4736328125 0.31702544031311153 0.4697265625 0.3062622309197652 0.4541015625 0.3131115459882583 0.4423828125 0.3062622309197652 0.4072265625 0.30039138943248533 0.396484375 0.2886497064579256 0.38671875 0.2876712328767123 0.3828125 0.2896281800391389 0.384765625 0.3023483365949119 0.3779296875 0.3082191780821918 0.3662109375 0.3062622309197652 0.361328125 0.30919765166340507 0.3447265625 0.33072407045009783 0.3447265625 0.34833659491193736 0.3779296875 0.36497064579256355
0 0.583984375 0.8835616438356164 0.6083984375 0.8913894324853228 0.619140625 0.8845401174168297 0.6181640625 0.8727984344422699 0.611328125 0.8649706457925636 0.58984375 0.8610567514677104 0.5791015625 0.8688845401174168 0.578125 0.87573385518591 0.583984375 0.8835616438356164
0 0.51171875 0.6545988258317025 0.515625 0.6594911937377691 0.5224609375 0.662426614481409 0.544921875 0.6614481409001957 0.552734375 0.6536203522504892 0.560546875 0.6330724070450098 0.556640625 0.6252446183953033 0.5439453125 0.6232876712328766 0.525390625 0.6281800391389433 0.515625 0.6369863013698629 0.51171875 0.6438356164383562 0.51171875 0.6545988258317025
0 0.4150390625 0.834637964774951 0.421875 0.8405088062622308 0.4384765625 0.8395303326810175 0.451171875 0.8072407045009784 0.4501953125 0.7994129158512719 0.443359375 0.7906066536203522 0.4287109375 0.7906066536203522 0.40625 0.8033268101761252 0.404296875 0.8072407045009784 0.4150390625 0.834637964774951
0 0.326171875 0.9452054794520548 0.345703125 0.9540117416829744 0.3564453125 0.9540117416829744 0.37109375 0.9442270058708415 0.375 0.9246575342465754 0.3701171875 0.9041095890410957 0.36328125 0.8953033268101761 0.341796875 0.8845401174168297 0.322265625 0.8992172211350293 0.31640625 0.9090019569471623 0.31640625 0.9315068493150684 0.326171875 0.9452054794520548
0 0.421875 0.9168297455968688 0.4365234375 0.9119373776908024 0.443359375 0.8972602739726027 0.4404296875 0.8894324853228962 0.431640625 0.8845401174168297 0.4228515625 0.8864970645792564 0.4140625 0.8972602739726027 0.4150390625 0.9109589041095889 0.421875 0.9168297455968688
0 0.36328125 0.7808219178082191 0.3720703125 0.7827788649706457 0.3798828125 0.7778864970645791 0.3818359375 0.7671232876712328 0.3759765625 0.7573385518590998 0.357421875 0.7632093933463796 0.3564453125 0.7700587084148728 0.36328125 0.7808219178082191
0 0.78125 0.20156555772994128 0.794921875 0.2035225048923679 0.802734375 0.19863013698630136 0.806640625 0.18493150684931506 0.7998046875 0.17123287671232876 0.7822265625 0.17416829745596868 0.7744140625 0.18199608610567514 0.7734375 0.1888454011741683 0.78125 0.20156555772994128
0 0.90625 0.4735812133072407 0.9208984375 0.4716242661448141 0.9345703125 0.46086105675146766 0.9326171875 0.4481409001956947 0.92578125 0.43737769080234834 0.904296875 0.43737769080234834 0.89453125 0.44520547945205474 0.89453125 0.4628180039138943 0.90625 0.4735812133072407
0 0.8659140625000001 0.34430039138943247 0.861232421875 0.34466144814090016 0.8565498046875 0.3385264187866927 0.8590703124999999 0.3309471624266145 0.8637529296875 0.3244510763209393 0.8702373046874999 0.3150675146771037 0.8702373046874999 0.3064060665362035 0.8655546874999999 0.3017142857142857 0.859791015625 0.30532289628180037 0.8540283203125 0.3121800391389432 0.84178125 0.31001467710371816 0.8370986328125 0.30532289628180037 0.8475449218750001 0.2988268101761252 0.851146484375 0.28655675146771037 0.8446630859374998 0.28042074363992164 0.83673828125 0.27356360078277886 0.8270136718749999 0.2757289628180039 0.81260546875 0.27789432485322896 0.8104443359375001 0.2851125244618395 0.8097236328124999 0.2948571428571428 0.8140458984375 0.3017142857142857 0.8223310546875 0.3071281800391389 0.8280937500000001 0.3143454011741683 0.8360185546875 0.32336888454011736 0.8381796875 0.3316692759295499 0.832416015625 0.3334735812133072 0.8244921875 0.32878180039138943 0.8158466796875 0.32300782778864967 0.8129658203125001 0.3175939334637965 0.8039609375 0.3150675146771037 0.798197265625 0.31326320939334634 0.7899130859375 0.30676712328767125 0.7769453125 0.30532289628180037 0.769021484375 0.3082103718199608 0.762177734375 0.31181996086105673 0.755333984375 0.3107367906066536 0.74416796875 0.3165117416829746 0.7438076171875 0.3251731898238747 0.743447265625 0.3327514677103718 0.739845703125 0.3349168297455969 0.7369638671875 0.3421350293542074 0.7376845703125 0.34935322896281795 0.7362431640625 0.35548825831702546 0.731201171875 0.36775929549902153 0.7319208984375 0.37750391389432486 0.7430869140625 0.38075146771037177 0.7528125 0.3785861056751468 0.7528125 0.38255675146771034 0.7524521484375 0.3858043052837573 0.7528125 0.3944657534246575 0.753533203125 0.4013228962818004 0.7524521484375 0.4016839530332681 0.7420068359375 0.4013228962818004 0.7308408203125 0.3987974559686888 0.72039453125 0.4013228962818004 0.7153515625 0.40745890410958896 0.7153515625 0.4197289628180039 0.7153515625 0.4283913894324852 0.71679296875 0.43813502935420745 0.72039453125 0.44535322896281804 0.7293994140625 0.4522103718199609 0.739125 0.4565410958904109 0.745248046875 0.463037181996086 0.7643388671875 0.46917318982387474 0.7737041015625 0.4623160469667319 0.7737041015625 0.46736888454011744 0.7765859375 0.4778346379647749 0.784509765625 0.48108317025440306 0.7924345703125 0.4836086105675147 0.7971171875 0.4803610567514677 0.8097236328124999 0.4868571428571428 0.8198095703125 0.48144324853228965 0.823771484375 0.47711252446183944 0.8313359375000001 0.4702553816046967 0.840701171875 0.46592465753424656 0.8522265625 0.4605117416829745 0.8558291015625 0.4529324853228962 0.854388671875 0.4446311154598826 0.8493457031249999 0.4334432485322896 0.8410605468749999 0.42803033268101764 0.8515068359375 0.42803033268101764 0.8569091796875 0.424059686888454 0.8583505859375 0.4157592954990215 0.8633935546875 0.40962426614481406 0.8687958984375002 0.40529354207436397 0.8702373046874999 0.39699217221135025 0.8662744140625002 0.38760861056751467 0.8637529296875 0.38219569471624265 0.856189453125 0.3785861056751468 0.8479042968750001 0.3767818003913894 0.8497060546874999 0.3710078277886497 0.854748046875 0.3666771037181996 0.8662744140625002 0.36270645792563594 0.8698769531250001 0.3673982387475538 0.871677734375 0.3753385518590998 0.8839248046874999 0.38075146771037177 0.8896875 0.38508317025440314 0.895451171875 0.38905283757338555 0.9066171875 0.3843610567514677 0.9066171875 0.3771428571428571 0.9037353515625 0.3688424657534246 0.8979716796874999 0.36631604696673187 0.8976123046875 0.361624266144814 0.8979716796874999 0.3540450097847358 0.8979716796874999 0.34574461839530335 0.8929296875 0.33888747553816045 0.88464453125 0.33888747553816045 0.8792421875 0.3313082191780822 0.868435546875 0.3327514677103718 0.866634765625 0.3385264187866927 0.8659140625000001 0.34430039138943247