0 0.341796875 0.5459882583170254 0.35546875 0.560665362035225 0.3701171875 0.557729941291585 0.37890625 0.5616438356164383 0.3818359375 0.5655577299412916 0.3798828125 0.5812133072407045 0.384765625 0.5880626223091976 0.3984375 0.5880626223091976 0.3974609375 0.5831702544031311 0.40234375 0.5763209393346379 0.4072265625 0.5782778864970646 0.4072265625 0.5684931506849316 0.4150390625 0.5596868884540117 0.4287109375 0.5665362035225049 0.4375 0.5645792563600782 0.4521484375 0.5743639921722112 0.45703125 0.5949119373776908 0.4716796875 0.601761252446184 0.49479199218750003 0.601761252446184 0.505859375 0.6056751467710371 0.51171875 0.6183953033268101 0.5234375 0.6262230919765166 0.544921875 0.6252446183953033 0.5712890625 0.6056751467710371 0.6015625 0.5900195694716242 0.619140625 0.5880626223091976 0.62890625 0.5772994129158512 0.6298828125 0.5694716242661448 0.623046875 0.5616438356164383 0.60546875 0.5538160469667319 0.5947265625 0.5547945205479452 0.5732421875 0.5440313111545988 0.5498046875 0.5068493150684932 0.5458984375 0.4735812133072407 0.5166015625 0.4403131115459883 0.4970703125 0.43639921722113495 0.490234375 0.4217221135029354 0.4609375 0.40998043052837574 0.453125 0.410958904109589 0.4404296875 0.4295499021526418 0.4111328125 0.44129158512720157 0.4013671875 0.45205479452054786 0.41015625 0.49021526418786693 0.404296875 0.5058708414872799 0.3955078125 0.5107632093933463 0.35546875 0.5039138943248532 0.341796875 0.5117416829745596 0.3388671875 0.5313111545988258 0.341796875 0.5459882583170254
0 0.33203125 0.06262230919765166 0.341796875 0.06555772994129158 0.361328125 0.06360078277886497 0.41796875 0.0821917808219178 0.4287109375 0.0821917808219178 0.4365234375 0.07632093933463796 0.474609375 0.07925636007827788 0.4912109375 0.05968688845401173 0.494140625 0.046966731898238745 0.4873046875 0.025440313111545987 0.470703125 0.019569471624266144 0.458984375 0.022504892367906065 0.421875 0.003913894324853229 0.40234375 0.010763209393346379 0.3759765625 0.010763209393346379 0.34375 0.0273972602739726 0.3310546875 0.023483365949119372 0.3251953125 0.03424657534246575 0.3232421875 0.04500978473581213 0.33203125 0.06262230919765166
0 0.3291015625 0.06555772994129158 0.3447265625 0.07045009784735812 0.3681640625 0.06947162426614481 0.41796875 0.08414872798434442 0.4267578125 0.09197651663405088 0.4306640625 0.1086105675146771 0.4384765625 0.11643835616438356 0.451171875 0.11252446183953033 0.451171875 0.09393346379647749 0.46435546875 0.0821917808219178 0.4833984375 0.07534246575342465 0.494140625 0.04794520547945205 0.490234375 0.029354207436399216 0.484375 0.022504892367906065 0.4736328125 0.018590998043052837 0.455078125 0.02054794520547945 0.423828125 0.003913894324853229 0.4013671875 0.010763209393346379 0.3759765625 0.009784735812133072 0.3486328125 0.02446183953033268 0.333984375 0.019569471624266144 0.3212890625 0.03228962818003914 0.3212890625 0.046966731898238745 0.3291015625 0.06555772994129158
0 0.1337890625 0.6457925636007827 0.150390625 0.6467710371819961 0.158203125 0.6418786692759295 0.1669921875 0.6281800391389433 0.17578125 0.5792563600782779 0.1845703125 0.5655577299412916 0.1904296875 0.5626223091976517 0.1943359375 0.5469667318982387 0.203125 0.5410958904109588 0.203125 0.5254403131115459 0.1953125 0.5205479452054794 0.1787109375 0.5264187866927592 0.154296875 0.5185909980430529 0.1474609375 0.5215264187866928 0.1328125 0.5391389432485323 0.1181640625 0.5743639921722112 0.1220703125 0.6281800391389433 0.1337890625 0.6457925636007827
0 0.7841796875 0.3962818003913894 0.7861328125 0.41780821917808214 0.791015625 0.4217221135029354 0.8017578125 0.4217221135029354 0.8095703125 0.41193737769080235 0.80859375 0.39921722113502933 0.8505859375 0.3825831702544031 0.8544921875 0.37377690802348335 0.85546875 0.3434442270058708 0.84375 0.337573385518591 0.8017578125 0.33659491193737767 0.78515625 0.34637964774951074 0.7734375 0.37181996086105673 0.775390625 0.39041095890410954 0.7841796875 0.3962818003913894
0 0.8564453125 0.6712328767123287 0.8642578125 0.6722113502935421 0.869140625 0.6663405088062622 0.876953125 0.6653620352250489 0.8837890625 0.6712328767123287 0.8955078125 0.6731898238747553 0.9072265625 0.6653620352250489 0.91015625 0.6448140900195695 0.9033203125 0.6223091976516634 0.888671875 0.6076320939334637 0.86328125 0.6007827788649707 0.8232421875 0.601761252446184 0.806640625 0.6076320939334637 0.7998046875 0.6144814090019569 0.7998046875 0.6360078277886496 0.8564453125 0.6712328767123287
0 0.65625 0.5841487279843445 0.666015625 0.5900195694716242 0.67578125 0.5900195694716242 0.693359375 0.5772994129158512 0.69921875 0.5616438356164383 0.689453125 0.5459882583170254 0.6689453125 0.5450097847358121 0.66015625 0.5499021526418787 0.6513671875 0.5645792563600782 0.650390625 0.5714285714285714 0.65625 0.5841487279843445
0 0.578125 0.6898238747553815 0.5908203125 0.6888454011741683 0.6005859375 0.675146771037182 0.59765625 0.6614481409001957 0.572265625 0.6536203522504892 0.564453125 0.6545988258317025 0.5576171875 0.6634050880626223 0.556640625 0.675146771037182 0.578125 0.6898238747553815
0 0.337890625 0.7397260273972602 0.3447265625 0.7436399217221135 0.35546875 0.7407045009784736 0.3603515625 0.7279843444227005 0.35546875 0.7152641878669275 0.33984375 0.7123287671232876 0.330078125 0.7211350293542074 0.328125 0.7279843444227005 0.337890625 0.7397260273972602
0 0.0205078125 0.8737769080234834 0.0283203125 0.8816046966731899 0.0498046875 0.8835616438356164 0.0576171875 0.8806262230919766 0.0625 0.8708414872798433 0.0654296875 0.8444227005870841 0.052734375 0.8199608610567515 0.044921875 0.8170254403131114 0.0263671875 0.8199608610567515 0.0166015625 0.8287671232876711 0.0126953125 0.8395303326810175 0.01171875 0.8551859099804305 0.0205078125 0.8737769080234834
0 0.4482421875 0.9461839530332681 0.4560546875 0.9510763209393346 0.46484375 0.9510763209393346 0.4765625 0.9422700587084147 0.4814453125 0.9324853228962817 0.4990234375 0.9227005870841486 0.5009765625 0.9099804305283756 0.494140625 0.9001956947162426 0.47265625 0.8992172211350293 0.45703125 0.9070450097847358 0.4453125 0.9266144814090019 0.4443359375 0.9383561643835616 0.4482421875 0.9461839530332681
0 0.564453125 0.8590998043052837 0.5771484375 0.8649706457925636 0.5849609375 0.8649706457925636 0.609375 0.8493150684931507 0.6171875 0.8356164383561643 0.611328125 0.8238747553816047 0.599609375 0.8160469667318981 0.5791015625 0.8180039138943249 0.5654296875 0.8258317025440313 0.55859375 0.834637964774951 0.55859375 0.847358121330724 0.564453125 0.8590998043052837
0 0.611328125 0.7583170254403131 0.63671875 0.7778864970645791 0.6552734375 0.7827788649706457 0.6650390625 0.7798434442270058 0.669921875 0.773972602739726 0.6728515625 0.7612524461839529 0.6689453125 0.7495107632093932 0.658203125 0.738747553816047 0.6474609375 0.7045009784735812 0.6396484375 0.6927592954990215 0.6220703125 0.6937377690802349 0.607421875 0.7299412915851271 0.6064453125 0.7446183953033267 0.611328125 0.7583170254403131
0 0.94140625 0.11056751467710371 0.9560546875 0.11252446183953033 0.9609375 0.1076320939334638 0.962890625 0.09686888454011741 0.95703125 0.08806262230919765 0.939453125 0.07827788649706457 0.9296875 0.0821917808219178 0.9287109375 0.08904109589041095 0.94140625 0.11056751467710371
0 0.904296875 0.0538160469667319 0.9248046875 0.07436399217221135 0.9462890625 0.07338551859099804 0.9560546875 0.06555772994129158 0.9560546875 0.0547945205479452 0.94921875 0.043052837573385516 0.93359375 0.04207436399217221 0.91796875 0.033268101761252444 0.8994140625 0.03522504892367906 0.8974609375 0.0410958904109589 0.904296875 0.0538160469667319
0 0.8896484375 0.3679060665362035 0.8955078125 0.36888454011741684 0.9072265625 0.3590998043052837 0.908203125 0.350293542074364 0.9033203125 0.3414872798434442 0.896484375 0.3405088062622309 0.88671875 0.34833659491193736 0.8857421875 0.363013698630137 0.8896484375 0.3679060665362035
0 0.6845703125 0.3561643835616438 0.693359375 0.35812133072407043 0.7001953125 0.3532289628180039 0.7021484375 0.3434442270058708 0.697265625 0.33659491193737767 0.689453125 0.33463796477495106 0.6806640625 0.3414872798434442 0.6796875 0.34931506849315064 0.6845703125 0.3561643835616438
0 0.96875 0.8659491193737768 0.9755859375 0.8708414872798433 0.98828125 0.8698630136986301 0.9990234375 0.8561643835616438 0.9990234375 0.7847358121330724 0.978515625 0.796477495107632 0.9697265625 0.8209393346379648 0.9599609375 0.8228962818003913 0.955078125 0.8297455968688844 0.955078125 0.8405088062622308 0.96875 0.8659491193737768
0 0.9951171875 0.44911937377690797 0.9990234375 0.4471624266144814 0.9990234375 0.40998043052837574 0.9873046875 0.4138943248532289 0.986328125 0.4403131115459883 0.9951171875 0.44911937377690797