0 0.3642578125 0.20058708414872797 0.3623046875 0.21330724070450097 0.3662109375 0.2162426614481409 0.373046875 0.21135029354207435 0.3876953125 0.23581213307240706 0.4052734375 0.25538160469667315 0.4296875 0.2690802348336595 0.4521484375 0.2690802348336595 0.46484375 0.26418786692759294 0.484375 0.24657534246575344 0.4921875 0.2299412915851272 0.486328125 0.18199608610567514 0.4775390625 0.16731898238747553 0.4609375 0.15362035225048923 0.458984375 0.14481409001956946 0.4814453125 0.13405088062622308 0.5185546875 0.13307240704500978 0.54296875 0.09686888454011741 0.55859375 0.08414872798434442 0.55859375 0.06653620352250489 0.525390625 0.04207436399217221 0.501953125 0.043052837573385516 0.474609375 0.07632093933463796 0.4609375 0.10469667318982387 0.4482421875 0.11252446183953033 0.4287109375 0.136986301369863 0.423828125 0.136986301369863 0.3876953125 0.1634050880626223 0.3681640625 0.1643835616438356 0.35546875 0.17221135029354206 0.353515625 0.18493150684931506 0.3642578125 0.20058708414872797
0 0.296875 0.48140900195694714 0.3076171875 0.48532289628180036 0.3173828125 0.47847358121330724 0.318359375 0.46868884540117417 0.3095703125 0.45792563600782776 0.298828125 0.4549902152641878 0.2919921875 0.4589041095890411 0.2900390625 0.46966731898238745 0.296875 0.48140900195694714
0 0.791015625 0.2123287671232877 0.798828125 0.22896281800391388 0.7998046875 0.2446183953033268 0.791015625 0.27984344422700586 0.8056640625 0.3023483365949119 0.8056640625 0.31604696673189825 0.810546875 0.32093933463796476 0.83203125 0.31604696673189825 0.84765625 0.32974559686888455 0.9013671875 0.2788649706457925 0.9072265625 0.26418786692759294 0.9033203125 0.2338551859099804 0.88671875 0.2191780821917808 0.8779296875 0.20254403131115456 0.8603515625 0.19471624266144813 0.859375 0.17123287671232876 0.84765625 0.16634050880626222 0.837890625 0.17025440313111545 0.83203125 0.16829745596868884 0.82421875 0.15362035225048923 0.81640625 0.1506849315068493 0.79296875 0.15851272015655576 0.7734375 0.17318982387475537 0.7744140625 0.19569471624266144 0.791015625 0.2123287671232877
0 0.6474609375 0.09980430528375733 0.6572265625 0.09882583170254403 0.6650390625 0.08806262230919765 0.6630859375 0.07729941291585127 0.6552734375 0.07142857142857142 0.64453125 0.07338551859099804 0.6396484375 0.08023483365949119 0.6396484375 0.09295499021526418 0.6474609375 0.09980430528375733
0 0.869140625 0.5459882583170254 0.900390625 0.5430528375733854 0.9111328125 0.550880626223092 0.921875 0.5401174168297456 0.9189453125 0.5313111545988258 0.90234375 0.5264187866927592 0.890625 0.5039138943248532 0.8740234375 0.5078277886497065 0.8642578125 0.5273972602739725 0.86328125 0.5391389432485323 0.869140625 0.5459882583170254
0 0.9248046875 0.6516634050880625 0.9560546875 0.6516634050880625 0.9609375 0.6467710371819961 0.9599609375 0.6330724070450098 0.9462890625 0.6223091976516634 0.919921875 0.6311154598825832 0.91796875 0.6448140900195695 0.9248046875 0.6516634050880625
0 0.962890625 0.5684931506849316 0.9697265625 0.5684931506849316 0.9775390625 0.5616438356164383 0.978515625 0.5567514677103718 0.9736328125 0.550880626223092 0.9580078125 0.5528375733855186 0.9560546875 0.5626223091976517 0.962890625 0.5684931506849316
0 0.431640625 0.885518590998043 0.4306640625 0.9001956947162426 0.4560546875 0.9168297455968688 0.47265625 0.9187866927592955 0.4853515625 0.9060665362035225 0.4892578125 0.8835616438356164 0.49609375 0.8767123287671232 0.4951171875 0.8659491193737768 0.4873046875 0.8454011741682974 0.4755859375 0.8414872798434441 0.466796875 0.8307240704500979 0.453125 0.8297455968688844 0.4453125 0.837573385518591 0.4423828125 0.8786692759295498 0.431640625 0.885518590998043
0 0.193359375 0.7142857142857142 0.2021484375 0.7103718199608611 0.212890625 0.6956947162426614 0.2177734375 0.687866927592955 0.2177734375 0.678082191780822 0.2109375 0.6702544031311154 0.1953125 0.6663405088062622 0.1748046875 0.6868884540117416 0.177734375 0.7054794520547945 0.193359375 0.7142857142857142
0 0.685546875 0.8493150684931507 0.7001953125 0.8424657534246576 0.7236328125 0.8131115459882583 0.7138671875 0.7994129158512719 0.6982421875 0.796477495107632 0.677734375 0.7994129158512719 0.673828125 0.8052837573385518 0.6748046875 0.8395303326810175 0.685546875 0.8493150684931507
0 0.837890625 0.9745596868884541 0.8486328125 0.9726027397260273 0.85546875 0.9667318982387474 0.857421875 0.9510763209393346 0.8427734375 0.9275929549902152 0.828125 0.9285714285714285 0.81640625 0.9363992172211351 0.818359375 0.9579256360078278 0.837890625 0.9745596868884541