0 0.6455078125 0.49412915851272016 0.6728515625 0.4911937377690802 0.6865234375 0.4726027397260274 0.6875 0.4598825831702544 0.681640625 0.44227005870841485 0.666015625 0.4246575342465754 0.6533203125 0.4246575342465754 0.640625 0.4324853228962818 0.630859375 0.4432485322896282 0.6259765625 0.45792563600782776 0.6279296875 0.48140900195694714 0.6455078125 0.49412915851272016
0 0.4072265625 0.512720156555773 0.4248046875 0.5215264187866928 0.4345703125 0.5205479452054794 0.4453125 0.5136986301369862 0.4560546875 0.4960861056751467 0.4560546875 0.48630136986301364 0.4462890625 0.4726027397260274 0.431640625 0.4647749510763209 0.4140625 0.4628180039138943 0.4033203125 0.48532289628180036 0.4033203125 0.5039138943248532 0.4072265625 0.512720156555773
0 0.04296875 0.8033268101761252 0.048828125 0.8082191780821917 0.0654296875 0.8140900195694716 0.0830078125 0.8101761252446182 0.1162109375 0.8277886497064578 0.12890625 0.8287671232876711 0.1435546875 0.8189823874755382 0.1484375 0.8003913894324853 0.138671875 0.7945205479452054 0.134765625 0.7827788649706457 0.1064453125 0.7544031311154599 0.1015625 0.732876712328767 0.09375 0.723091976516634 0.078125 0.7191780821917808 0.056640625 0.7221135029354208 0.0498046875 0.7289628180039138 0.041015625 0.7524461839530332 0.041015625 0.7906066536203522 0.04296875 0.8033268101761252
0 0.4169921875 0.611545988258317 0.4296875 0.6125244618395304 0.4384765625 0.6056751467710371 0.458984375 0.6164383561643836 0.4736328125 0.6164383561643836 0.4873046875 0.6046966731898238 0.4892578125 0.5841487279843445 0.51171875 0.5616438356164383 0.5126953125 0.547945205479452 0.498046875 0.5362035225048923 0.4892578125 0.5362035225048923 0.4814453125 0.5430528375733854 0.4814453125 0.5596868884540117 0.4697265625 0.5567514677103718 0.44140625 0.5665362035225049 0.4345703125 0.557729941291585 0.4140625 0.5547945205479452 0.4072265625 0.5567514677103718 0.396484375 0.5704500978473581 0.396484375 0.5900195694716242 0.4169921875 0.611545988258317
0 0.578125 0.6722113502935421 0.587890625 0.675146771037182 0.6005859375 0.6673189823874754 0.609375 0.6819960861056751 0.6171875 0.6819960861056751 0.634765625 0.662426614481409 0.6279296875 0.649706457925636 0.6337890625 0.6183953033268101 0.6318359375 0.611545988258317 0.6181640625 0.598825831702544 0.6201171875 0.5802348336594911 0.615234375 0.5743639921722112 0.6015625 0.5763209393346379 0.599609375 0.5929549902152641 0.5810546875 0.6193737769080234 0.5693359375 0.6448140900195695 0.568359375 0.6536203522504892 0.578125 0.6722113502935421
0 0.6796875 0.6174168297455969 0.69921875 0.611545988258317 0.7099609375 0.595890410958904 0.70703125 0.5880626223091976 0.6962890625 0.5841487279843445 0.671875 0.5772994129158512 0.662109375 0.5812133072407045 0.66015625 0.5998043052837574 0.6796875 0.6174168297455969
0 0.62890625 0.7651663405088062 0.6357421875 0.7769080234833659 0.650390625 0.786692759295499 0.673828125 0.783757338551859 0.6923828125 0.7681017612524461 0.7001953125 0.7495107632093932 0.6962890625 0.7279843444227005 0.6845703125 0.7162426614481409 0.673828125 0.7123287671232876 0.6455078125 0.7162426614481409 0.6357421875 0.723091976516634 0.6279296875 0.735812133072407 0.6259765625 0.7553816046966731 0.62890625 0.7651663405088062
0 0.953125 0.11643835616438356 0.9833984375 0.12524461839530332 0.9990234375 0.12426614481409001 0.9990234375 0.07925636007827788 0.994140625 0.07534246575342465 0.978515625 0.07436399217221135 0.94921875 0.09099804305283757 0.947265625 0.10469667318982387 0.953125 0.11643835616438356
0 0.7587890625 0.7847358121330724 0.78515625 0.7896281800391389 0.7919921875 0.7827788649706457 0.79296875 0.7641878669275929 0.7861328125 0.7573385518590998 0.76171875 0.7583170254403131 0.751953125 0.7671232876712328 0.7529296875 0.7798434442270058 0.7587890625 0.7847358121330724
0 0.57421875 0.7641878669275929 0.5830078125 0.7690802348336595 0.609375 0.7661448140900196 0.6201171875 0.7426614481409002 0.6142578125 0.7299412915851271 0.5986328125 0.7240704500978473 0.58203125 0.7289628180039138 0.5751953125 0.7377690802348337 0.572265625 0.7583170254403131 0.57421875 0.7641878669275929
0 0.6005859375 0.8140900195694716 0.6220703125 0.8180039138943249 0.6376953125 0.8043052837573385 0.642578125 0.7925636007827788 0.634765625 0.783757338551859 0.6123046875 0.786692759295499 0.5966796875 0.8013698630136986 0.5947265625 0.8082191780821917 0.6005859375 0.8140900195694716
0 0.37890625 0.9628180039138943 0.392578125 0.9686888454011742 0.400390625 0.987279843444227 0.4111328125 0.9902152641878669 0.4228515625 0.987279843444227 0.43359375 0.9608610567514676 0.43359375 0.949119373776908 0.4189453125 0.9373776908023483 0.4072265625 0.9197651663405088 0.3740234375 0.9275929549902152 0.3720703125 0.933463796477495 0.37890625 0.9628180039138943
0 0.60546875 0.5322896281800391 0.619140625 0.5332681017612524 0.6337890625 0.5117416829745596 0.6298828125 0.49510763209393344 0.6123046875 0.47749510763209385 0.60546875 0.47651663405088057 0.5986328125 0.48140900195694714 0.59765625 0.49021526418786693 0.5908203125 0.49804305283757333 0.6015625 0.5283757338551859 0.60546875 0.5322896281800391
0 0.8876953125 0.6722113502935421 0.8974609375 0.6722113502935421 0.9013671875 0.6682974559686887 0.8974609375 0.6555772994129158 0.888671875 0.6555772994129158 0.8837890625 0.6604696673189824 0.8828125 0.6682974559686887 0.8876953125 0.6722113502935421