0 0.501953125 0.5665362035225049 0.505859375 0.5714285714285714 0.51953125 0.5714285714285714 0.5361328125 0.5587084148727983 0.5458984375 0.5567514677103718 0.5537109375 0.5469667318982387 0.55859375 0.5283757338551859 0.5576171875 0.5117416829745596 0.552734375 0.5039138943248532 0.5517578125 0.4911937377690802 0.54296875 0.4823874755381604 0.52734375 0.4823874755381604 0.515625 0.5 0.498046875 0.5146771037181995 0.5029296875 0.5440313111545988 0.501953125 0.5665362035225049
0 0.84765625 0.6986301369863013 0.85546875 0.7054794520547945 0.86328125 0.7054794520547945 0.900390625 0.697651663405088 0.9140625 0.662426614481409 0.9111328125 0.6487279843444227 0.9013671875 0.6438356164383562 0.88671875 0.6516634050880625 0.8798828125 0.6389432485322896 0.8720703125 0.6379647749510763 0.857421875 0.649706457925636 0.8466796875 0.6898238747553815 0.84765625 0.6986301369863013
0 0.5771484375 0.9990215264187867 0.6337890625 0.9990215264187867 0.63671875 0.9951076320939334 0.638671875 0.9765166340508806 0.634765625 0.9569471624266145 0.62890625 0.949119373776908 0.607421875 0.9520547945205479 0.591796875 0.9481409001956946 0.57421875 0.9608610567514676 0.5712890625 0.9745596868884541 0.5771484375 0.9990215264187867
0 0.609375 0.9217221135029353 0.619140625 0.9236790606653621 0.6279296875 0.9178082191780822 0.62890625 0.9080234833659491 0.623046875 0.8972602739726027 0.6123046875 0.8982387475538159 0.6044921875 0.9060665362035225 0.6044921875 0.9148727984344422 0.609375 0.9217221135029353
0 0.0673828125 0.6917808219178082 0.1259765625 0.7211350293542074 0.130859375 0.7181996086105674 0.150390625 0.7201565557729941 0.154296875 0.7133072407045009 0.1640625 0.7133072407045009 0.1640625 0.7162426614481409 0.1923828125 0.7201565557729941 0.1923828125 0.7240704500978473 0.201171875 0.723091976516634 0.2197265625 0.7289628180039138 0.2392578125 0.7191780821917808 0.2529296875 0.7054794520547945 0.265625 0.6653620352250489 0.2578125 0.6506849315068493 0.244140625 0.6399217221135028 0.23828125 0.6223091976516634 0.2119140625 0.6056751467710371 0.197265625 0.601761252446184 0.181640625 0.601761252446184 0.1728515625 0.6056751467710371 0.154296875 0.6037181996086105 0.146484375 0.5978473581213307 0.12890625 0.5968688845401174 0.123046875 0.5929549902152641 0.1015625 0.598825831702544 0.0849609375 0.6105675146771037 0.0673828125 0.6399217221135028 0.0673828125 0.6555772994129158 0.0634765625 0.6614481409001957 0.0625 0.6771037181996086 0.0673828125 0.6917808219178082
0 0.25 0.5254403131115459 0.26171875 0.5273972602739725 0.2666015625 0.5234833659491194 0.2685546875 0.5176125244618395 0.2646484375 0.5107632093933463 0.25390625 0.5078277886497065 0.2490234375 0.5117416829745596 0.2470703125 0.5215264187866928 0.25 0.5254403131115459
0 0.0390625 0.5430528375733854 0.052734375 0.5557729941291585 0.0712890625 0.5528375733855186 0.0810546875 0.5362035225048923 0.078125 0.4911937377690802 0.068359375 0.4804305283757338 0.0556640625 0.47749510763209385 0.0390625 0.4823874755381604 0.03125 0.4960861056751467 0.03125 0.5176125244618395 0.0390625 0.5430528375733854
0 0.5048828125 0.40313111545988256 0.505859375 0.40998043052837574 0.5146484375 0.4138943248532289 0.5380859375 0.4148727984344422 0.5517578125 0.4070450097847358 0.552734375 0.3972602739726027 0.5458984375 0.3835616438356164 0.525390625 0.37573385518590996 0.513671875 0.3796477495107632 0.5126953125 0.3943248532289628 0.5048828125 0.40313111545988256
0 0.7900390625 0.3943248532289628 0.814453125 0.3933463796477495 0.8232421875 0.38649706457925637 0.8232421875 0.37573385518590996 0.818359375 0.37181996086105673 0.7919921875 0.36692759295499017 0.7802734375 0.3747553816046966 0.7802734375 0.38454011741682975 0.7900390625 0.3943248532289628
0 0.3203125 0.7661448140900196 0.3232421875 0.7788649706457925 0.3408203125 0.7896281800391389 0.3505859375 0.7857142857142857 0.3759765625 0.8111545988258317 0.40234375 0.8180039138943249 0.416015625 0.8150684931506849 0.4296875 0.8082191780821917 0.4423828125 0.7915851272015655 0.4443359375 0.7651663405088062 0.435546875 0.7514677103718199 0.3984375 0.7416829745596869 0.37109375 0.74853228962818 0.3486328125 0.7397260273972602 0.34375 0.7338551859099803 0.328125 0.732876712328767 0.32421875 0.7367906066536203 0.328125 0.7553816046966731 0.3203125 0.7661448140900196
0 0 0.8258317025440313 0.0283203125 0.8297455968688844 0.048828125 0.812133072407045 0.0537109375 0.7945205479452054 0.0517578125 0.7876712328767124 0.0263671875 0.7622309197651662 0.017578125 0.7622309197651662 0.0048828125 0.7720156555772995 0 0.7798434442270058 0 0.8258317025440313