0 0.3974609375 0.37279843444227 0.408203125 0.3776908023483366 0.4462890625 0.3767123287671233 0.45703125 0.36888454011741684 0.4658203125 0.3542074363992172 0.486328125 0.3473581213307241 0.5068359375 0.3287671232876712 0.5126953125 0.32093933463796476 0.5126953125 0.31017612524461835 0.501953125 0.29452054794520544 0.46875 0.2788649706457925 0.4560546875 0.27788649706457924 0.4072265625 0.2886497064579256 0.3876953125 0.3238747553816047 0.390625 0.36007827788649704 0.3974609375 0.37279843444227
0 0.3310546875 0.398238747553816 0.3388671875 0.3962818003913894 0.34375 0.38943248532289626 0.359375 0.3884540117416829 0.373046875 0.3923679060665362 0.3798828125 0.38454011741682975 0.375 0.37279843444227 0.3486328125 0.3542074363992172 0.3369140625 0.3590998043052837 0.32421875 0.3816046966731898 0.3232421875 0.39041095890410954 0.3310546875 0.398238747553816
0 0.2001953125 0.4315068493150685 0.232421875 0.47651663405088057 0.2294921875 0.48532289628180036 0.236328125 0.5039138943248532 0.25 0.5136986301369862 0.2568359375 0.509784735812133 0.271484375 0.5185909980430529 0.2822265625 0.5176125244618395 0.3125 0.44227005870841485 0.310546875 0.4246575342465754 0.2978515625 0.40900195694716246 0.2900390625 0.3884540117416829 0.2646484375 0.3747553816046966 0.240234375 0.3943248532289628 0.212890625 0.38943248532289626 0.2060546875 0.3913894324853229 0.1982421875 0.40019569471624267 0.1943359375 0.4148727984344422 0.2001953125 0.4315068493150685
0 0.1357421875 0.678082191780822 0.14453125 0.6800391389432485 0.166015625 0.6741682974559686 0.171875 0.6673189823874754 0.17578125 0.6516634050880625 0.166015625 0.6232876712328766 0.15625 0.6193737769080234 0.1416015625 0.62133072407045 0.13671875 0.6262230919765166 0.130859375 0.6536203522504892 0.1298828125 0.6692759295499021 0.1357421875 0.678082191780822
0 0.3681640625 0.678082191780822 0.3818359375 0.6917808219178082 0.390625 0.6917808219178082 0.3974609375 0.6859099804305283 0.3994140625 0.6790606653620352 0.3935546875 0.6614481409001957 0.3798828125 0.6448140900195695 0.369140625 0.6438356164383562 0.34765625 0.6555772994129158 0.34765625 0.6692759295499021 0.3681640625 0.678082191780822
0 0.3740234375 0.8864970645792564 0.4111328125 0.9099804305283756 0.431640625 0.913894324853229 0.4814453125 0.9109589041095889 0.5126953125 0.8943248532289628 0.513671875 0.8708414872798433 0.5048828125 0.8561643835616438 0.5048828125 0.8395303326810175 0.498046875 0.821917808219178 0.48828125 0.8111545988258317 0.4638671875 0.8013698630136986 0.4541015625 0.7886497064579256 0.4248046875 0.7876712328767124 0.37890625 0.8062622309197651 0.345703125 0.812133072407045 0.3369140625 0.8228962818003913 0.337890625 0.8483365949119372 0.3740234375 0.8864970645792564
0 0.0625 0.850293542074364 0.0732421875 0.8463796477495107 0.08203125 0.8336594911937377 0.0810546875 0.8228962818003913 0.0703125 0.8150684931506849 0.046875 0.821917808219178 0.0400390625 0.8277886497064578 0.041015625 0.8434442270058709 0.0625 0.850293542074364
0 0.62890625 0.821917808219178 0.646484375 0.8365949119373777 0.6494140625 0.8551859099804305 0.6533203125 0.8600782778864969 0.6748046875 0.8669275929549901 0.685546875 0.863013698630137 0.6943359375 0.8659491193737768 0.7060546875 0.863013698630137 0.7099609375 0.8590998043052837 0.7099609375 0.8512720156555773 0.7021484375 0.8277886497064578 0.7099609375 0.8160469667318981 0.70703125 0.8062622309197651 0.66015625 0.7700587084148728 0.650390625 0.7720156555772995 0.6455078125 0.7778864970645791 0.6435546875 0.7925636007827788 0.62890625 0.821917808219178
0 0.6142578125 0.9187866927592955 0.62890625 0.920743639921722 0.6376953125 0.9158512720156555 0.640625 0.9011741682974559 0.6318359375 0.8874755381604696 0.623046875 0.8845401174168297 0.61328125 0.8864970645792564 0.6064453125 0.8953033268101761 0.6064453125 0.9090019569471623 0.6142578125 0.9187866927592955
0 0.7744140625 0.8767123287671232 0.8271484375 0.8620352250489237 0.8359375 0.8454011741682974 0.83203125 0.8131115459882583 0.8212890625 0.8043052837573385 0.791015625 0.8033268101761252 0.7783203125 0.8395303326810175 0.765625 0.8512720156555773 0.7646484375 0.8649706457925636 0.7744140625 0.8767123287671232
0 0.744140625 0.9305283757338552 0.7734375 0.9608610567514676 0.7841796875 0.9647749510763208 0.8076171875 0.958904109589041 0.8203125 0.9422700587084147 0.8291015625 0.9217221135029353 0.8291015625 0.9109589041095889 0.82421875 0.9041095890410957 0.8037109375 0.9041095890410957 0.78125 0.8972602739726027 0.76953125 0.9001956947162426 0.751953125 0.9148727984344422 0.744140625 0.9227005870841486 0.744140625 0.9305283757338552
0 0.94921875 0.7886497064579256 0.9755859375 0.7857142857142857 0.990234375 0.7769080234833659 0.99609375 0.7681017612524461 0.9970703125 0.7563600782778865 0.9921875 0.7475538160469667 0.962890625 0.723091976516634 0.93359375 0.7289628180039138 0.9228515625 0.7416829745596869 0.923828125 0.7563600782778865 0.94921875 0.7886497064579256
0 0.16816015625 0.0708962818003914 0.165791015625 0.06822602739726027 0.16786328125 0.06170058708414873 0.165791015625 0.05695401174168298 0.1557255859375 0.05013111545988258 0.1456591796875 0.04568199608610567 0.1358896484375 0.044495107632093925 0.126416015625 0.043605675146771036 0.11783007812499999 0.04657142857142856 0.1216787109375 0.050427592954990205 0.12848828125 0.051910958904109586 0.123455078125 0.05339432485322896 0.1240478515625 0.061997064579256356 0.1332255859375 0.06525929549902151 0.144771484375 0.06911643835616438 0.1382578125 0.07415851272015656 0.1317451171875 0.07475244618395303 0.12582421875 0.08187181996086106 0.1237509765625 0.07771819960861057 0.11871875000000001 0.07415851272015656 0.11990234375 0.07237866927592955 0.11546191406249999 0.06703913894324852 0.108060546875 0.0703023483365949 0.0985869140625 0.07208219178082192 0.08615234375 0.07564187866927592 0.078455078125 0.08098140900195695 0.071349609375 0.07771819960861057 0.071349609375 0.07000587084148728 0.0760859375 0.06259001956947162 0.07490234375 0.051910958904109586 0.0648359375 0.0468679060665362 0.0609873046875 0.0468679060665362 0.0583232421875 0.05517416829745596 0.057138671875000005 0.06259001956947162 0.05921093749999999 0.0708962818003914 0.06365234375 0.07415851272015656 0.0633564453125 0.07890508806262231 0.06158007812500001 0.08661741682974558 0.0645400390625 0.0978894324853229 0.0707578125 0.1014491193737769 0.0787509765625 0.10085616438356164 0.0823037109375 0.10500880626223093 0.084080078125 0.11568786692759295 0.0929619140625 0.12636692759295498 0.106580078125 0.1278502935420744 0.11279687499999999 0.1293326810176125 0.11723828124999999 0.14179158512720155 0.12434375 0.14861448140900194 0.13115234375 0.15128375733855184 0.13115234375 0.15810665362035226 0.13115234375 0.1655225048923679 0.13411328125 0.17382876712328765 0.1394423828125 0.1800577299412916 0.1471396484375 0.18599021526418785 0.161646484375 0.18391389432485322 0.1675673828125 0.18421037181996086 0.1835546875 0.18243052837573384 0.1891796875 0.17382876712328765 0.194212890625 0.16314970645792565 0.20487109375 0.162853228962818 0.21612109375 0.16255577299412916 0.229443359375 0.157513698630137 0.23358789062500002 0.14920743639921724 0.2332919921875 0.13556262230919763 0.23092382812499998 0.1290362035225049 0.22233789062500003 0.12399315068493151 0.21552832031249997 0.12102739726027396 0.21641699218749996 0.11628082191780822 0.221154296875 0.1073816046966732 0.21641699218749996 0.10233953033268102 0.21079199218750003 0.0996692759295499 0.21049609375 0.09077005870841487 0.20635058593749997 0.08127788649706458 0.20220605468750003 0.07356555772994129 0.197765625 0.06970939334637964 0.1879951171875 0.07119275929549902 0.180001953125 0.07237866927592955 0.175857421875 0.07119275929549902 0.16816015625 0.0708962818003914
0 0.462890625 0.5596868884540117 0.4677734375 0.5645792563600782 0.484375 0.5655577299412916 0.4951171875 0.5704500978473581 0.4990234375 0.5841487279843445 0.5107421875 0.5919765166340508 0.5283203125 0.5890410958904109 0.5498046875 0.5704500978473581 0.5771484375 0.5743639921722112 0.5966796875 0.5900195694716242 0.6123046875 0.5890410958904109 0.623046875 0.5782778864970646 0.6240234375 0.5636007827788649 0.615234375 0.5420743639921721 0.607421875 0.5352250489236791 0.5732421875 0.5303326810176124 0.5556640625 0.5185909980430529 0.529296875 0.5234833659491194 0.5205078125 0.5107632093933463 0.509765625 0.5068493150684932 0.4736328125 0.5068493150684932 0.4599609375 0.5185909980430529 0.458984375 0.5538160469667319 0.462890625 0.5596868884540117
0 0.8505859375 0.2162426614481409 0.8486328125 0.2299412915851272 0.86328125 0.23679060665362034 0.8876953125 0.2318982387475538 0.9033203125 0.2563600782778865 0.92578125 0.25440313111545987 0.935546875 0.2446183953033268 0.9365234375 0.23091976516634052 0.9287109375 0.2035225048923679 0.919921875 0.1917808219178082 0.9208984375 0.15362035225048923 0.91796875 0.14383561643835616 0.9091796875 0.13209393346379647 0.89453125 0.13013698630136986 0.8828125 0.1350293542074364 0.8759765625 0.14481409001956946 0.8681640625 0.19373776908023482 0.8505859375 0.2162426614481409