0 0.369140625 0.22896281800391388 0.375 0.23483365949119372 0.3818359375 0.2338551859099804 0.3876953125 0.22700587084148727 0.3837890625 0.20939334637964774 0.373046875 0.20254403131115456 0.3662109375 0.20939334637964774 0.365234375 0.22015655577299414 0.369140625 0.22896281800391388
0 0.466796875 0.299412915851272 0.474609375 0.299412915851272 0.4794921875 0.29452054794520544 0.4794921875 0.2857142857142857 0.47265625 0.2788649706457925 0.4609375 0.286692759295499 0.4599609375 0.2925636007827789 0.466796875 0.299412915851272
0 0.4423828125 0.3405088062622309 0.4560546875 0.34833659491193736 0.4716796875 0.34833659491193736 0.4794921875 0.32583170254403127 0.4697265625 0.3062622309197652 0.4638671875 0.3013698630136986 0.4501953125 0.3023483365949119 0.4365234375 0.3131115459882583 0.435546875 0.3238747553816047 0.4423828125 0.3405088062622309
0 0.2431640625 0.19373776908023482 0.2578125 0.19765166340508805 0.2685546875 0.18199608610567514 0.2626953125 0.15851272015655576 0.25 0.1634050880626223 0.236328125 0.1780821917808219 0.2353515625 0.18590998043052837 0.2431640625 0.19373776908023482
0 0.228515625 0.48532289628180036 0.236328125 0.4833659491193737 0.2392578125 0.4716242661448141 0.2333984375 0.4598825831702544 0.2236328125 0.4549902152641878 0.2158203125 0.4589041095890411 0.2197265625 0.47749510763209385 0.228515625 0.48532289628180036
0 0.3359375 0.41976516634050876 0.34765625 0.42563600782778865 0.353515625 0.4246575342465754 0.361328125 0.4050880626223091 0.3505859375 0.38649706457925637 0.345703125 0.3825831702544031 0.33203125 0.3825831702544031 0.326171875 0.38649706457925637 0.3251953125 0.3933463796477495 0.3359375 0.41976516634050876
0 0.6640625 0.4148727984344422 0.669921875 0.41780821917808214 0.6796875 0.4148727984344422 0.681640625 0.4070450097847358 0.6708984375 0.38649706457925637 0.662109375 0.3796477495107632 0.6533203125 0.38062622309197647 0.65625 0.40410958904109584 0.6640625 0.4148727984344422
0 0.4365234375 0.5215264187866928 0.4384765625 0.5342465753424658 0.4306640625 0.5538160469667319 0.431640625 0.560665362035225 0.4375 0.5655577299412916 0.453125 0.5626223091976517 0.4580078125 0.5675146771037182 0.4560546875 0.5851272015655578 0.4619140625 0.5909980430528375 0.470703125 0.5851272015655578 0.47265625 0.5753424657534246 0.4921875 0.5714285714285714 0.5078125 0.5636007827788649 0.51953125 0.5420743639921721 0.52734375 0.538160469667319 0.5400390625 0.5401174168297456 0.552734375 0.5313111545988258 0.5576171875 0.49804305283757333 0.572265625 0.4833659491193737 0.57421875 0.4726027397260274 0.568359375 0.4589041095890411 0.5615234375 0.45303326810176126 0.54296875 0.4500978473581213 0.5302734375 0.4637964774951076 0.5302734375 0.4804305283757338 0.5146484375 0.4960861056751467 0.5009765625 0.5019569471624266 0.4775390625 0.5 0.4462890625 0.5078277886497065 0.4423828125 0.5009784735812133 0.4326171875 0.49706457925636005 0.4228515625 0.5009784735812133 0.4228515625 0.5117416829745596 0.4365234375 0.5215264187866928
0 0.6640625 0.6986301369863013 0.681640625 0.7015655577299412 0.6884765625 0.697651663405088 0.69140625 0.684931506849315 0.6826171875 0.6712328767123287 0.671875 0.6702544031311154 0.66015625 0.6800391389432485 0.658203125 0.687866927592955 0.6640625 0.6986301369863013
0 0.8046875 0.7729941291585127 0.8134765625 0.8033268101761252 0.828125 0.8062622309197651 0.8310546875 0.8160469667318981 0.837890625 0.8209393346379648 0.8515625 0.821917808219178 0.8564453125 0.8170254403131114 0.8525390625 0.8140900195694716 0.8564453125 0.8033268101761252 0.8505859375 0.7818003913894325 0.8818359375 0.7847358121330724 0.9111328125 0.7622309197651662 0.9052734375 0.7524461839530332 0.8955078125 0.7475538160469667 0.896484375 0.7397260273972602 0.890625 0.726027397260274 0.8701171875 0.7064579256360078 0.8544921875 0.7064579256360078 0.841796875 0.7133072407045009 0.8291015625 0.7318982387475538 0.806640625 0.726027397260274 0.7998046875 0.732876712328767 0.796875 0.7651663405088062 0.8046875 0.7729941291585127
0 0.458984375 0.9354207436399216 0.47265625 0.9383561643835616 0.4814453125 0.9324853228962817 0.4833984375 0.9187866927592955 0.4775390625 0.9080234833659491 0.46484375 0.9060665362035225 0.4541015625 0.9148727984344422 0.453125 0.9236790606653621 0.458984375 0.9354207436399216
0 0.8447265625 0.08610567514677103 0.8564453125 0.08904109589041095 0.869140625 0.08023483365949119 0.8720703125 0.07045009784735812 0.8681640625 0.06360078277886497 0.84765625 0.04794520547945205 0.8369140625 0.04598825831702544 0.8291015625 0.0547945205479452 0.8291015625 0.06262230919765166 0.8447265625 0.08610567514677103
0 0.927734375 0.3816046966731898 0.939453125 0.4060665362035225 0.9453125 0.40998043052837574 0.955078125 0.40802348336594907 0.95703125 0.39041095890410954 0.9521484375 0.3767123287671233 0.95703125 0.37181996086105673 0.95703125 0.36203522504892366 0.931640625 0.3542074363992172 0.9228515625 0.363013698630137 0.921875 0.3767123287671233 0.927734375 0.3816046966731898