0 0.5538544921875 0.9237436399217221 0.565255859375 0.9257025440313111 0.5756787109375 0.9126448140900194 0.587890625 0.9070450097847358 0.5986328125 0.9070450097847358 0.642578125 0.9217221135029353 0.6650390625 0.9236790606653621 0.671875 0.9275929549902152 0.6748046875 0.9461839530332681 0.681640625 0.9608610567514676 0.6875 0.9637964774951076 0.7021484375 0.9579256360078278 0.7099609375 0.9452054794520548 0.7236328125 0.9481409001956946 0.75390625 0.9461839530332681 0.763671875 0.9383561643835616 0.775390625 0.9197651663405088 0.767578125 0.9070450097847358 0.759720703125 0.9051634050880626 0.7532060546875 0.8989618395303326 0.735291015625 0.8996144814090018 0.73659375 0.8849246575342467 0.7506005859375 0.8767377690802347 0.751251953125 0.8682504892367906 0.75390625 0.8571428571428571 0.771484375 0.8454011741682974 0.7763671875 0.8434442270058709 0.7802734375 0.8463796477495107 0.802734375 0.8140900195694716 0.8037109375 0.8003913894324853 0.798828125 0.783757338551859 0.794921875 0.7778864970645791 0.7861328125 0.7749510763209393 0.7548828125 0.7798434442270058 0.7470703125 0.7886497064579256 0.748046875 0.7974559686888454 0.740234375 0.8150684931506849 0.7275390625 0.812133072407045 0.7177734375 0.8180039138943249 0.68359375 0.8072407045009784 0.6708984375 0.7857142857142857 0.6552734375 0.809197651663405 0.6123046875 0.8307240704500979 0.59765625 0.8483365949119372 0.595703125 0.8590998043052837 0.5869140625 0.8669275929549901 0.556640625 0.8796477495107631 0.54296875 0.892367906066536 0.54296875 0.9080234833659491 0.5538544921875 0.9237436399217221
0 0.5498046875 0.9637964774951076 0.564453125 0.958904109589041 0.5654296875 0.949119373776908 0.5595703125 0.9422700587084147 0.552734375 0.9412915851272015 0.5458984375 0.9471624266144814 0.544921875 0.9540117416829744 0.5498046875 0.9637964774951076
0 0.7255859375 0.19765166340508805 0.7138671875 0.2299412915851272 0.7138671875 0.2632093933463796 0.720703125 0.27984344422700586 0.7333984375 0.29549902152641877 0.740234375 0.2984344422700587 0.751953125 0.29647749510763205 0.7998046875 0.27103718199608606 0.8271484375 0.24853228962818003 0.828125 0.22700587084148727 0.8203125 0.21330724070450097 0.775390625 0.19373776908023482 0.7666015625 0.17906066536203522 0.75390625 0.16829745596868884 0.7451171875 0.1643835616438356 0.72265625 0.1643835616438356 0.71484375 0.1780821917808219 0.7216796875 0.18297455968688844 0.7255859375 0.19765166340508805
0 0.2958984375 0.21428571428571427 0.3046875 0.2162426614481409 0.3134765625 0.21037181996086102 0.314453125 0.20058708414872797 0.306640625 0.1898238747553816 0.2998046875 0.1888454011741683 0.2919921875 0.19373776908023482 0.2900390625 0.2054794520547945 0.2958984375 0.21428571428571427
0 0.3447265625 0.19373776908023482 0.3505859375 0.1908023483365949 0.3525390625 0.18199608610567514 0.349609375 0.1780821917808219 0.3447265625 0.1761252446183953 0.3369140625 0.18101761252446183 0.337890625 0.1917808219178082 0.3447265625 0.19373776908023482
0 0.4111328125 0.18493150684931506 0.4072265625 0.19373776908023482 0.4111328125 0.2123287671232877 0.4306640625 0.23581213307240706 0.4541015625 0.25048923679060664 0.490234375 0.25538160469667315 0.494140625 0.24853228962818003 0.490234375 0.2299412915851272 0.4931640625 0.19960861056751467 0.49609375 0.1908023483365949 0.5048828125 0.18590998043052837 0.5048828125 0.18003913894324852 0.490234375 0.16144814090019569 0.4580078125 0.14090019569471623 0.4443359375 0.12328767123287672 0.427734375 0.12524461839530332 0.4189453125 0.136986301369863 0.4208984375 0.1771037181996086 0.4111328125 0.18493150684931506
0 0.34375 0.3767123287671233 0.36328125 0.37279843444227 0.369140625 0.3522504892367906 0.3623046875 0.3424657534246575 0.3486328125 0.3414872798434442 0.337890625 0.350293542074364 0.337890625 0.3679060665362035 0.34375 0.3767123287671233
0 0.2685546875 0.4481409001956947 0.279296875 0.446183953033268 0.2802734375 0.4383561643835616 0.2744140625 0.4305283757338552 0.2646484375 0.4344422700587084 0.263671875 0.44227005870841485 0.2685546875 0.4481409001956947
0 0.376953125 0.6585127201565557 0.3896484375 0.6575342465753424 0.404296875 0.6506849315068493 0.4072265625 0.6389432485322896 0.3974609375 0.6193737769080234 0.3837890625 0.6183953033268101 0.3720703125 0.6262230919765166 0.369140625 0.6448140900195695 0.376953125 0.6585127201565557
0 0.015625 0.5841487279843445 0.0263671875 0.5743639921722112 0.0283203125 0.5596868884540117 0.015625 0.547945205479452 0.001953125 0.5489236790606653 0 0.5821917808219178 0.015625 0.5841487279843445
0 0 0.8111545988258317 0.0166015625 0.8160469667318981 0.0390625 0.8072407045009784 0.0439453125 0.8160469667318981 0.0556640625 0.8189823874755382 0.0673828125 0.812133072407045 0.0703125 0.7945205479452054 0.064453125 0.7818003913894325 0.0576171875 0.7818003913894325 0.0439453125 0.7954990215264187 0.0380859375 0.786692759295499 0.0400390625 0.7720156555772995 0.037109375 0.7681017612524461 0.021484375 0.7681017612524461 0.0078125 0.7749510763209393 0 0.7876712328767124 0 0.8111545988258317
0 0.1318359375 0.812133072407045 0.1357421875 0.8150684931506849 0.154296875 0.812133072407045 0.16796875 0.786692759295499 0.16796875 0.7612524461839529 0.146484375 0.7612524461839529 0.1337890625 0.7710371819960861 0.12890625 0.7808219178082191 0.12890625 0.8082191780821917 0.1318359375 0.812133072407045
0 0.021484375 0.595890410958904 0.021484375 0.598825831702544 0.0244140625 0.601761252446184 0.0283203125 0.6037181996086105 0.03125 0.6046966731898238 0.04296875 0.6046966731898238 0.0517578125 0.5949119373776908 0.052734375 0.5919765166340508 0.052734375 0.5831702544031311 0.0517578125 0.5802348336594911 0.0478515625 0.5763209393346379 0.0458984375 0.5704500978473581 0.04296875 0.5675146771037182 0.0361328125 0.5665362035225049 0.0322265625 0.5684931506849316 0.025390625 0.5841487279843445 0.025390625 0.5880626223091976 0.021484375 0.595890410958904