0 0.37890625 0.29549902152641877 0.39453125 0.30039138943248533 0.4072265625 0.29452054794520544 0.4150390625 0.2847358121330724 0.4365234375 0.28180039138943247 0.4423828125 0.273972602739726 0.4423828125 0.2632093933463796 0.435546875 0.25440313111545987 0.421875 0.25146771037182 0.4091796875 0.2602739726027397 0.3837890625 0.26418786692759294 0.375 0.27495107632093935 0.3740234375 0.2857142857142857 0.37890625 0.29549902152641877
0 0.6591796875 0.273972602739726 0.6611328125 0.29647749510763205 0.673828125 0.3082191780821918 0.69140625 0.3062622309197652 0.708984375 0.2876712328767123 0.7099609375 0.26418786692759294 0.71484375 0.25538160469667315 0.7373046875 0.2338551859099804 0.734375 0.2162426614481409 0.7275390625 0.2054794520547945 0.716796875 0.19863013698630136 0.6865234375 0.2054794520547945 0.66015625 0.19471624266144813 0.640625 0.20058708414872797 0.6318359375 0.2123287671232877 0.6318359375 0.23091976516634052 0.6591796875 0.273972602739726
0 0.19921875 0.22504892367906065 0.2119140625 0.22700587084148727 0.2412109375 0.20645792563600782 0.248046875 0.19863013698630136 0.2529296875 0.18101761252446183 0.2451171875 0.17221135029354206 0.2099609375 0.16731898238747553 0.203125 0.17221135029354206 0.1923828125 0.19569471624266144 0.1923828125 0.2191780821917808 0.19921875 0.22504892367906065
0 0.361328125 0.5117416829745596 0.365234375 0.5293542074363992 0.375 0.5332681017612524 0.3837890625 0.5293542074363992 0.4013671875 0.538160469667319 0.4111328125 0.538160469667319 0.421875 0.5322896281800391 0.431640625 0.5185909980430529 0.4267578125 0.49804305283757333 0.4365234375 0.48727984344422703 0.4375 0.47847358121330724 0.4287109375 0.4657534246575342 0.408203125 0.46183953033268105 0.3896484375 0.4735812133072407 0.35546875 0.47651663405088057 0.3486328125 0.48630136986301364 0.3486328125 0.4960861056751467 0.361328125 0.5117416829745596
0 0.306640625 0.6653620352250489 0.31640625 0.662426614481409 0.349609375 0.6712328767123287 0.3623046875 0.6663405088062622 0.3671875 0.6575342465753424 0.365234375 0.6399217221135028 0.353515625 0.6330724070450098 0.34765625 0.6242661448140899 0.3544921875 0.6027397260273972 0.353515625 0.5919765166340508 0.3349609375 0.5792563600782779 0.3193359375 0.5851272015655578 0.3095703125 0.6144814090019569 0.29296875 0.6252446183953033 0.27734375 0.6281800391389433 0.271484375 0.6340508806262231 0.2724609375 0.6516634050880625 0.306640625 0.6653620352250489
0 0.5087890625 0.6399217221135028 0.53125 0.6477495107632094 0.548828125 0.6448140900195695 0.5556640625 0.6369863013698629 0.5625 0.6174168297455969 0.5615234375 0.598825831702544 0.5517578125 0.5890410958904109 0.53515625 0.5900195694716242 0.51953125 0.6056751467710371 0.521484375 0.6105675146771037 0.505859375 0.6193737769080234 0.50390625 0.6281800391389433 0.5087890625 0.6399217221135028
0 0.529296875 0.3913894324853229 0.5419921875 0.3923679060665362 0.55078125 0.38454011741682975 0.5517578125 0.37377690802348335 0.544921875 0.3639921722113503 0.529296875 0.3639921722113503 0.521484375 0.37279843444227 0.521484375 0.3835616438356164 0.529296875 0.3913894324853229
0 0.8876953125 0.07142857142857142 0.8935546875 0.08512720156555773 0.9169921875 0.10176125244618395 0.9326171875 0.10273972602739725 0.9453125 0.0958904109589041 0.953125 0.0812133072407045 0.9521484375 0.06360078277886497 0.947265625 0.051859099804305274 0.91796875 0.03424657534246575 0.8935546875 0.043052837573385516 0.88671875 0.0557729941291585 0.8876953125 0.07142857142857142
0 0.8203125 0.4637964774951076 0.833984375 0.46086105675146766 0.8447265625 0.44911937377690797 0.841796875 0.43639921722113495 0.8349609375 0.4324853228962818 0.8193359375 0.4324853228962818 0.80859375 0.44129158512720157 0.810546875 0.4569471624266145 0.8203125 0.4637964774951076
0 0.5595703125 0.700587084148728 0.5693359375 0.6996086105675146 0.5732421875 0.6898238747553815 0.58203125 0.6819960861056751 0.5654296875 0.6682974559686887 0.5517578125 0.6682974559686887 0.5439453125 0.6741682974559686 0.5478515625 0.6947162426614482 0.5595703125 0.700587084148728
0 0.904296875 0.3933463796477495 0.9208984375 0.39041095890410954 0.9296875 0.38062622309197647 0.9306640625 0.36888454011741684 0.9228515625 0.3610567514677104 0.9072265625 0.3590998043052837 0.8984375 0.36497064579256355 0.896484375 0.3767123287671233 0.904296875 0.3933463796477495