0 0.6572265625 0.6193737769080234 0.6943359375 0.649706457925636 0.7314453125 0.6594911937377691 0.74609375 0.6771037181996086 0.7763671875 0.6692759295499021 0.7919921875 0.6565557729941291 0.8037109375 0.6330724070450098 0.8212890625 0.62133072407045 0.8154296875 0.5858610567514677 0.8173828125 0.5499021526418787 0.80078125 0.5322896281800391 0.7763671875 0.5352250489236791 0.7490234375 0.5234833659491194 0.712890625 0.5215264187866928 0.6962890625 0.538160469667319 0.673828125 0.5528375733855186 0.654296875 0.5841487279843445 0.6494140625 0.6056751467710371 0.6572265625 0.6193737769080234
0 0.462890625 0.07045009784735812 0.48046875 0.07436399217221135 0.5009765625 0.06164383561643836 0.509765625 0.04500978473581213 0.505859375 0.022504892367906065 0.494140625 0.012720156555772993 0.4833984375 0.009784735812133072 0.484375 0 0.45703125 0 0.458984375 0.011741682974559686 0.4482421875 0.022504892367906065 0.4423828125 0.036203522504892366 0.443359375 0.05675146771037182 0.462890625 0.07045009784735812
0 0.30078125 0.16927592954990214 0.3076171875 0.17416829745596868 0.3193359375 0.17123287671232876 0.3232421875 0.1643835616438356 0.3203125 0.15362035225048923 0.30859375 0.14774951076320939 0.2998046875 0.1506849315068493 0.2978515625 0.1643835616438356 0.30078125 0.16927592954990214
0 0.80859375 0.051859099804305274 0.83203125 0.08023483365949119 0.8408203125 0.11056751467710371 0.8583984375 0.12524461839530332 0.87890625 0.12426614481409001 0.890625 0.11937377690802346 0.9140625 0.09197651663405088 0.9150390625 0.07632093933463796 0.9052734375 0.0538160469667319 0.876953125 0.03816046966731898 0.8642578125 0.03718199608610567 0.857421875 0.03228962818003914 0.84375 0 0.822265625 0 0.818359375 0.00684931506849315 0.818359375 0.030332681017612523 0.80859375 0.051859099804305274
0 0.3125 0.40019569471624267 0.32421875 0.40019569471624267 0.3271484375 0.3962818003913894 0.353515625 0.4021526418786692 0.3671875 0.3913894324853229 0.3720703125 0.3747553816046966 0.3642578125 0.3610567514677104 0.34765625 0.35812133072407043 0.306640625 0.37181996086105673 0.3017578125 0.3776908023483366 0.3017578125 0.39041095890410954 0.3125 0.40019569471624267
0 0.1806640625 0.410958904109589 0.2119140625 0.398238747553816 0.2509765625 0.4138943248532289 0.2548828125 0.39921722113502933 0.255859375 0.33170254403131116 0.2470703125 0.3277886497064579 0.2177734375 0.3405088062622309 0.205078125 0.35518590998043054 0.1884765625 0.3659491193737769 0.1708984375 0.3923679060665362 0.171875 0.4070450097847358 0.1806640625 0.410958904109589
0 0.1953125 0.5616438356164383 0.2041015625 0.5626223091976517 0.2236328125 0.5743639921722112 0.2373046875 0.5743639921722112 0.2451171875 0.5694716242661448 0.2509765625 0.5596868884540117 0.251953125 0.5459882583170254 0.2412109375 0.5225048923679061 0.208984375 0.5166340508806262 0.1982421875 0.5283757338551859 0.1884765625 0.5459882583170254 0.1953125 0.5616438356164383
0 0.0634765625 0.6771037181996086 0.0810546875 0.6947162426614482 0.119140625 0.6917808219178082 0.1396484375 0.6859099804305283 0.146484375 0.6790606653620352 0.1484375 0.6712328767123287 0.142578125 0.6634050880626223 0.099609375 0.6340508806262231 0.0849609375 0.6301369863013698 0.0771484375 0.6320939334637965 0.05859375 0.6457925636007827 0.0576171875 0.6585127201565557 0.0634765625 0.6771037181996086
0 0.3369140625 0.9099804305283756 0.341796875 0.9275929549902152 0.349609375 0.9285714285714285 0.3642578125 0.9461839530332681 0.3876953125 0.9461839530332681 0.4052734375 0.9383561643835616 0.41796875 0.9275929549902152 0.4248046875 0.9109589041095889 0.4248046875 0.8874755381604696 0.4208984375 0.8816046966731899 0.3916015625 0.8679060665362035 0.3623046875 0.8659491193737768 0.3505859375 0.87573385518591 0.3369140625 0.9031311154598824 0.3369140625 0.9099804305283756
0 0.611328125 0.7142857142857142 0.625 0.7201565557729941 0.6416015625 0.7142857142857142 0.650390625 0.6986301369863013 0.650390625 0.6908023483365949 0.640625 0.6771037181996086 0.6240234375 0.6741682974559686 0.6083984375 0.6839530332681016 0.6044921875 0.7025440313111545 0.611328125 0.7142857142857142
0 0.8671875 0.7690802348336595 0.87890625 0.7710371819960861 0.88671875 0.7661448140900196 0.8896484375 0.7524461839530332 0.8828125 0.7407045009784736 0.8720703125 0.7397260273972602 0.86328125 0.74559686888454 0.8603515625 0.7583170254403131 0.8671875 0.7690802348336595
0 0.4111328125 0.5753424657534246 0.4072265625 0.5870841487279843 0.4111328125 0.6144814090019569 0.4287109375 0.6183953033268101 0.44140625 0.6262230919765166 0.4462890625 0.6487279843444227 0.451171875 0.6536203522504892 0.4892578125 0.6575342465753424 0.50390625 0.6174168297455969 0.5244140625 0.6046966731898238 0.5517578125 0.6193737769080234 0.5693359375 0.6095890410958904 0.5673828125 0.5978473581213307 0.546875 0.5675146771037182 0.546875 0.5587084148727983 0.552734375 0.5489236790606653 0.54296875 0.5450097847358121 0.5322265625 0.5293542074363992 0.5224609375 0.5225048923679061 0.5166015625 0.5293542074363992 0.49609375 0.5342465753424658 0.4775390625 0.5176125244618395 0.474609375 0.5039138943248532 0.4677734375 0.4960861056751467 0.4287109375 0.5078277886497065 0.42578125 0.5244618395303327 0.412109375 0.5459882583170254 0.41796875 0.5684931506849316 0.4111328125 0.5753424657534246