0 0.5751953125 0.38551859099804303 0.5810546875 0.4050880626223091 0.57421875 0.41780821917808214 0.57421875 0.4305283757338552 0.599609375 0.4510763209393346 0.6181640625 0.4500978473581213 0.642578125 0.4403131115459883 0.65625 0.44520547945205474 0.6640625 0.4432485322896282 0.6689453125 0.43639921722113495 0.671875 0.41780821917808214 0.6865234375 0.40313111545988256 0.6904296875 0.39041095890410954 0.7021484375 0.3816046966731898 0.705078125 0.37377690802348335 0.7021484375 0.3590998043052837 0.6904296875 0.3532289628180039 0.681640625 0.32974559686888455 0.6572265625 0.31702544031311153 0.64453125 0.3180039138943248 0.630859375 0.3111545988258317 0.5908203125 0.31409001956947163 0.5810546875 0.3414872798434442 0.5625 0.3532289628180039 0.5625 0.36497064579256355 0.5751953125 0.38551859099804303
0 0.4970703125 0.2338551859099804 0.5146484375 0.2318982387475538 0.5302734375 0.23679060665362034 0.541015625 0.22602739726027393 0.541015625 0.2162426614481409 0.5322265625 0.2054794520547945 0.5126953125 0.21037181996086102 0.4990234375 0.20645792563600782 0.4873046875 0.21428571428571427 0.4873046875 0.22504892367906065 0.4970703125 0.2338551859099804
0 0.1533203125 0.136986301369863 0.2001953125 0.14383561643835616 0.2236328125 0.13013698630136986 0.2216796875 0.12622309197651663 0.228515625 0.11056751467710371 0.248046875 0.10078277886497064 0.251953125 0.08806262230919765 0.2421875 0.06555772994129158 0.236328125 0.06164383561643836 0.2255859375 0.06164383561643836 0.212890625 0.06360078277886497 0.1494140625 0.0949119373776908 0.150390625 0.13405088062622308 0.1533203125 0.136986301369863
0 0.775390625 0.15166340508806261 0.7880859375 0.1506849315068493 0.8017578125 0.15851272015655576 0.8251953125 0.15655577299412915 0.8505859375 0.13111545988258316 0.8525390625 0.11839530332681017 0.8427734375 0.10078277886497064 0.8310546875 0.0958904109589041 0.8037109375 0.1095890410958904 0.7861328125 0.1086105675146771 0.78125 0.11937377690802346 0.7646484375 0.13111545988258316 0.763671875 0.14285714285714285 0.775390625 0.15166340508806261
0 0.9130859375 0.2788649706457925 0.93359375 0.27103718199608606 0.9384765625 0.26125244618395305 0.9345703125 0.2446183953033268 0.9248046875 0.23679060665362034 0.9013671875 0.24070450097847357 0.8935546875 0.25538160469667315 0.8935546875 0.26810176125244617 0.9130859375 0.2788649706457925
0 0.517578125 0.8131115459882583 0.537109375 0.824853228962818 0.5458984375 0.8228962818003913 0.5517578125 0.8140900195694716 0.552734375 0.8023483365949119 0.5615234375 0.7896281800391389 0.556640625 0.7749510763209393 0.5458984375 0.7671232876712328 0.52734375 0.7700587084148728 0.521484375 0.7720156555772995 0.5146484375 0.7818003913894325 0.513671875 0.7994129158512719 0.517578125 0.8131115459882583
0 0.875 0.8336594911937377 0.8759765625 0.8424657534246576 0.8818359375 0.8463796477495107 0.892578125 0.8444227005870841 0.9267578125 0.8199608610567515 0.9365234375 0.8062622309197651 0.94140625 0.7896281800391389 0.9375 0.7700587084148728 0.927734375 0.7612524461839529 0.8984375 0.7622309197651662 0.88671875 0.7749510763209393 0.8837890625 0.8082191780821917 0.875 0.8336594911937377
0 0.9560546875 0.700587084148728 0.970703125 0.7025440313111545 0.984375 0.6996086105675146 0.9990234375 0.7064579256360078 0.9990234375 0.6741682974559686 0.9951171875 0.6712328767123287 0.9658203125 0.6722113502935421 0.9541015625 0.6800391389432485 0.9521484375 0.6927592954990215 0.9560546875 0.700587084148728
0 0.1923828125 0.9657534246575341 0.203125 0.9559686888454012 0.208984375 0.933463796477495 0.2060546875 0.9285714285714285 0.197265625 0.9266144814090019 0.1875 0.9393346379647749 0.1845703125 0.961839530332681 0.1923828125 0.9657534246575341
0 0.1708984375 0.9990215264187867 0.189453125 0.9990215264187867 0.1962890625 0.9853228962818003 0.1923828125 0.9745596868884541 0.18359375 0.9726027397260273 0.169921875 0.9804305283757339 0.1650390625 0.987279843444227 0.1708984375 0.9990215264187867
0 0.0546875 0.2974559686888454 0.0849609375 0.3023483365949119 0.0986328125 0.29647749510763205 0.107421875 0.2837573385518591 0.1123046875 0.25929549902152643 0.091796875 0.2328767123287671 0.076171875 0.22896281800391388 0.0595703125 0.23972602739726026 0.048828125 0.26810176125244617 0.046875 0.2827788649706458 0.0546875 0.2974559686888454
0 0.15043359375 0.7786291585127201 0.1559755859375 0.7881487279843444 0.152017578125 0.7889422700587083 0.145287109375 0.7968757338551858 0.146474609375 0.8075851272015655 0.1559755859375 0.8115518590998041 0.168248046875 0.8071888454011742 0.1753740234375 0.8091722113502936 0.176166015625 0.8159148727984344 0.16864453125 0.8178982387475537 0.1662685546875 0.8262279843444226 0.1583515625 0.8313845401174168 0.156767578125 0.8432837573385518 0.1603310546875 0.8508199608610567 0.168248046875 0.8535968688845401 0.1765615234375 0.8504236790606653 0.1777490234375 0.8567700587084148 0.1884384765625 0.8587534246575341 0.193583984375 0.8492338551859099 0.199126953125 0.8512172211350293 0.2066484375 0.850027397260274 0.2121904296875 0.8444735812133072 0.215357421875 0.8480440313111546 0.226837890625 0.8488365949119373 0.23317187499999997 0.8401105675146769 0.23792285156249998 0.8301947162426613 0.23713085937500003 0.8210714285714286 0.24346484375 0.8198816046966731 0.2490078125 0.8135352250489236 0.2541533203125 0.8087749510763208 0.2513828125 0.7984618395303327 0.2561328125 0.7988590998043053 0.2660302734375 0.7933052837573386 0.2656337890625 0.7853727984344422 0.2656337890625 0.7766457925636007 0.26880078125 0.7659363992172211 0.26761328125 0.754037181996086 0.2569248046875 0.7524500978473581 0.2529658203125 0.7468972602739725 0.2517783203125 0.7338082191780821 0.243861328125 0.7294442270058707 0.235943359375 0.728651663405088 0.23119238281250004 0.7373776908023484 0.231984375 0.7472935420743639 0.22129589843750003 0.7453111545988258 0.21377441406250003 0.7468972602739725 0.20902343750000002 0.7556232876712328 0.202689453125 0.7560205479452055 0.19160546875 0.7564168297455968 0.1836875 0.7615733855185909 0.178541015625 0.7702994129158511 0.178541015625 0.7798199608610566 0.174978515625 0.7818023483365948 0.168248046875 0.7853727984344422 0.1678525390625 0.7786291585127201 0.1674560546875 0.7691095890410958 0.1603310546875 0.7639530332681017 0.15043359375 0.7687133072407045 0.15043359375 0.7786291585127201