0 0.48046875 0.7818003913894325 0.4970703125 0.7681017612524461 0.5 0.7553816046966731 0.4853515625 0.7377690802348337 0.478515625 0.7377690802348337 0.4697265625 0.7446183953033267 0.46875 0.7759295499021526 0.48046875 0.7818003913894325
0 0.478515625 0.8590998043052837 0.4833984375 0.8698630136986301 0.4921875 0.87573385518591 0.498046875 0.87573385518591 0.5048828125 0.8698630136986301 0.505859375 0.8571428571428571 0.4931640625 0.847358121330724 0.4873046875 0.8317025440313112 0.4755859375 0.8317025440313112 0.466796875 0.837573385518591 0.466796875 0.8512720156555773 0.478515625 0.8590998043052837
0 0.7998046875 0.9090019569471623 0.8037109375 0.9148727984344422 0.8095703125 0.9178082191780822 0.8154296875 0.9168297455968688 0.8193359375 0.913894324853229 0.822265625 0.9129158512720157 0.8251953125 0.9099804305283756 0.828125 0.9041095890410957 0.828125 0.9001956947162426 0.8271484375 0.8972602739726027 0.8154296875 0.8913894324853228 0.8115234375 0.8913894324853228 0.8076171875 0.8933463796477495 0.80078125 0.8992172211350293 0.798828125 0.9031311154598824 0.7998046875 0.9090019569471623
0 0.767578125 0.8825831702544031 0.7685546875 0.8845401174168297 0.7724609375 0.8884540117416829 0.7783203125 0.8894324853228962 0.7861328125 0.885518590998043 0.787109375 0.8835616438356164 0.787109375 0.8786692759295498 0.78515625 0.8767123287671232 0.7841796875 0.8737769080234834 0.78125 0.8708414872798433 0.7763671875 0.8688845401174168 0.7744140625 0.8688845401174168 0.7685546875 0.8718199608610566 0.767578125 0.8727984344422699 0.767578125 0.8825831702544031
0 0.97265625 0.783757338551859 0.9755859375 0.7896281800391389 0.9794921875 0.793542074363992 0.984375 0.7954990215264187 0.98828125 0.7954990215264187 0.9990234375 0.7915851272015655 0.9990234375 0.7788649706457925 0.9921875 0.7700587084148728 0.98828125 0.7681017612524461 0.9833984375 0.7681017612524461 0.9794921875 0.7710371819960861 0.978515625 0.7710371819960861 0.974609375 0.7749510763209393 0.97265625 0.7788649706457925 0.97265625 0.783757338551859
0 0.705078125 0.6262230919765166 0.7216796875 0.6506849315068493 0.73046875 0.6506849315068493 0.744140625 0.6418786692759295 0.7529296875 0.6203522504892367 0.76171875 0.6125244618395304 0.7734375 0.5724070450097847 0.7705078125 0.5665362035225049 0.7587890625 0.560665362035225 0.73828125 0.5587084148727983 0.720703125 0.5440313111545988 0.7099609375 0.5489236790606653 0.705078125 0.5557729941291585 0.701171875 0.5753424657534246 0.705078125 0.6262230919765166
0 0.5146484375 0.5880626223091976 0.5361328125 0.6389432485322896 0.5498046875 0.6340508806262231 0.568359375 0.6399217221135028 0.5810546875 0.6340508806262231 0.5830078125 0.6252446183953033 0.578125 0.6105675146771037 0.5810546875 0.601761252446184 0.5947265625 0.5919765166340508 0.609375 0.5567514677103718 0.607421875 0.5430528375733854 0.595703125 0.5205479452054794 0.59765625 0.49412915851272016 0.60546875 0.4833659491193737 0.6240234375 0.4823874755381604 0.638671875 0.45401174168297453 0.6455078125 0.423679060665362 0.6435546875 0.410958904109589 0.6181640625 0.38551859099804303 0.6162109375 0.37573385518590996 0.609375 0.3679060665362035 0.5966796875 0.36497064579256355 0.5830078125 0.3776908023483366 0.580078125 0.4324853228962818 0.5888671875 0.4471624266144814 0.5849609375 0.4559686888454012 0.5693359375 0.4716242661448141 0.5595703125 0.4735812133072407 0.5341796875 0.4892367906066536 0.5263671875 0.5215264187866928 0.52734375 0.5489236790606653 0.501953125 0.5616438356164383 0.4970703125 0.5675146771037182 0.498046875 0.5831702544031311 0.5146484375 0.5880626223091976
0 0.4921875 0.5430528375733854 0.5068359375 0.5430528375733854 0.5146484375 0.5391389432485323 0.5185546875 0.5283757338551859 0.51171875 0.5205479452054794 0.4921875 0.5146771037181995 0.482421875 0.5185909980430529 0.482421875 0.5313111545988258 0.4921875 0.5430528375733854
0 0.271484375 0.5528375733855186 0.279296875 0.573385518590998 0.2900390625 0.5782778864970646 0.337890625 0.5724070450097847 0.34765625 0.5812133072407045 0.35546875 0.5812133072407045 0.365234375 0.5636007827788649 0.3603515625 0.5518590998043053 0.3623046875 0.5322896281800391 0.357421875 0.5234833659491194 0.3408203125 0.5146771037181995 0.345703125 0.5009784735812133 0.3427734375 0.47749510763209385 0.314453125 0.47064579256360073 0.2958984375 0.4882583170254403 0.2802734375 0.49021526418786693 0.2724609375 0.49804305283757333 0.2802734375 0.5234833659491194 0.271484375 0.5528375733855186
0 0.181640625 0.273972602739726 0.1923828125 0.2759295499021526 0.1982421875 0.2729941291585127 0.2021484375 0.2651663405088062 0.19921875 0.2495107632093933 0.1875 0.24755381604696672 0.177734375 0.25440313111545987 0.1767578125 0.2671232876712329 0.181640625 0.273972602739726
0 0.1884765625 0.4138943248532289 0.1943359375 0.4187866927592955 0.205078125 0.41780821917808214 0.21484375 0.3913894324853229 0.2138671875 0.3796477495107632 0.19921875 0.37279843444227 0.1923828125 0.3767123287671233 0.1875 0.38747553816046965 0.185546875 0.4050880626223091 0.1884765625 0.4138943248532289
0 0.2138671875 0.24266144814090018 0.23828125 0.2534246575342466 0.2548828125 0.2720156555772994 0.2919921875 0.2827788649706458 0.3056640625 0.2827788649706458 0.3251953125 0.2729941291585127 0.3310546875 0.26614481409001955 0.330078125 0.23874755381604693 0.3154296875 0.22113502935420742 0.30859375 0.2054794520547945 0.3212890625 0.1917808219178082 0.3212890625 0.1780821917808219 0.3173828125 0.17416829745596868 0.2998046875 0.1780821917808219 0.2861328125 0.18590998043052837 0.2509765625 0.1888454011741683 0.2236328125 0.18590998043052837 0.19921875 0.20254403131115456 0.1923828125 0.2162426614481409 0.1923828125 0.22602739726027393 0.2138671875 0.24266144814090018