0 0.3701171875 0.5146771037181995 0.380859375 0.5420743639921721 0.3974609375 0.5528375733855186 0.4208984375 0.5557729941291585 0.4423828125 0.5440313111545988 0.4560546875 0.5273972602739725 0.470703125 0.5225048923679061 0.4697265625 0.5117416829745596 0.4775390625 0.50293542074364 0.4794921875 0.49412915851272016 0.4658203125 0.45792563600782776 0.45703125 0.4510763209393346 0.447265625 0.45205479452054786 0.41796875 0.44227005870841485 0.404296875 0.44227005870841485 0.36328125 0.4500978473581213 0.35546875 0.4657534246575342 0.3642578125 0.5117416829745596 0.3701171875 0.5146771037181995
0 0.0341796875 0.40998043052837574 0.0693359375 0.4246575342465754 0.083984375 0.43737769080234834 0.091796875 0.4383561643835616 0.1357421875 0.4383561643835616 0.158203125 0.43346379647749506 0.19140625 0.4158512720156556 0.1953125 0.40900195694716246 0.193359375 0.3953033268101761 0.17578125 0.37181996086105673 0.130859375 0.36007827788649704 0.115234375 0.3405088062622309 0.0849609375 0.33561643835616434 0.07421875 0.33561643835616434 0.04296875 0.35518590998043054 0.02734375 0.3933463796477495 0.0263671875 0.40117416829745595 0.0341796875 0.40998043052837574
0 0 0.5763209393346379 0.005859375 0.5772994129158512 0.025390625 0.5636007827788649 0.0322265625 0.5430528375733854 0.0205078125 0.5254403131115459 0.0126953125 0.5205479452054794 0.0029296875 0.5205479452054794 0 0.5215264187866928 0 0.5763209393346379
0 0.8720703125 0.6819960861056751 0.8818359375 0.6839530332681016 0.8896484375 0.6810176125244618 0.912109375 0.6908023483365949 0.92578125 0.6790606653620352 0.92578125 0.6663405088062622 0.912109375 0.6409001956947162 0.904296875 0.6350293542074363 0.890625 0.6350293542074363 0.8662109375 0.649706457925636 0.861328125 0.6565557729941291 0.861328125 0.6712328767123287 0.8720703125 0.6819960861056751
0 0.4169921875 0.3013698630136986 0.439453125 0.29647749510763205 0.4521484375 0.2827788649706458 0.451171875 0.2759295499021526 0.4384765625 0.26125244618395305 0.427734375 0.26125244618395305 0.4111328125 0.27495107632093935 0.41015625 0.29452054794520544 0.4169921875 0.3013698630136986
0 0.2685546875 0.23874755381604693 0.2734375 0.24266144814090018 0.2900390625 0.2446183953033268 0.30078125 0.2318982387475538 0.314453125 0.2279843444227006 0.3369140625 0.2054794520547945 0.3505859375 0.20254403131115456 0.359375 0.1908023483365949 0.359375 0.18036497064579254 0.3671875 0.1643835616438356 0.4033203125 0.14774951076320939 0.42578125 0.11741682974559686 0.4150390625 0.1076320939334638 0.3994140625 0.10665362035225048 0.376953125 0.11350293542074363 0.3603515625 0.12818003913894324 0.3115234375 0.14285714285714285 0.2861328125 0.16536203522504891 0.2802734375 0.18297455968688844 0.271484375 0.18493150684931506 0.2646484375 0.19569471624266144 0.263671875 0.223091976516634 0.2685546875 0.23874755381604693
0 0.181640625 0.31604696673189825 0.1923828125 0.3111545988258317 0.1962890625 0.30332681017612523 0.1904296875 0.29354207436399216 0.181640625 0.29549902152641877 0.1748046875 0.3023483365949119 0.1748046875 0.31017612524461835 0.181640625 0.31604696673189825
0 0.3369140625 0.25146771037182 0.3486328125 0.24853228962818003 0.3544921875 0.24168297455968685 0.3525390625 0.2318982387475538 0.345703125 0.22700587084148727 0.33203125 0.23679060665362034 0.3310546875 0.2455968688845401 0.3369140625 0.25146771037182
0 0.900390625 0.29354207436399216 0.9189453125 0.29158512720156554 0.931640625 0.27984344422700586 0.9248046875 0.26125244618395305 0.9189453125 0.25538160469667315 0.9033203125 0.25440313111545987 0.8779296875 0.2690802348336595 0.87890625 0.2788649706457925 0.900390625 0.29354207436399216
0 0.2685546875 0.3962818003913894 0.279296875 0.3953033268101761 0.28125 0.38649706457925637 0.27734375 0.38062622309197647 0.265625 0.38454011741682975 0.2646484375 0.3913894324853229 0.2685546875 0.3962818003913894
0 0.689453125 0.07240704500978473 0.7021484375 0.07240704500978473 0.708984375 0.0675146771037182 0.70703125 0.060665362035225046 0.6962890625 0.050880626223091974 0.689453125 0.049902152641878667 0.6826171875 0.0547945205479452 0.681640625 0.06457925636007827 0.689453125 0.07240704500978473