0 0.6611328125 0.7465753424657533 0.6640625 0.7700587084148728 0.677734375 0.7778864970645791 0.6904296875 0.7749510763209393 0.7001953125 0.7847358121330724 0.7109375 0.7827788649706457 0.7197265625 0.7651663405088062 0.720703125 0.7250489236790607 0.7177734375 0.7201565557729941 0.7080078125 0.7172211350293541 0.6943359375 0.7240704500978473 0.67578125 0.7211350293542074 0.666015625 0.7299412915851271 0.666015625 0.738747553816047 0.6611328125 0.7465753424657533
0 0.384765625 0.34833659491193736 0.4052734375 0.35812133072407043 0.4287109375 0.35518590998043054 0.4384765625 0.337573385518591 0.435546875 0.32093933463796476 0.41796875 0.30528375733855184 0.3955078125 0.30919765166340507 0.38671875 0.3150684931506849 0.380859375 0.3268101761252446 0.3798828125 0.337573385518591 0.384765625 0.34833659491193736
0 0.6435546875 0.16829745596868884 0.6630859375 0.162426614481409 0.689453125 0.14579256360078277 0.716796875 0.14774951076320939 0.73046875 0.1643835616438356 0.7353515625 0.16536203522504891 0.7509765625 0.1643835616438356 0.7578125 0.15753424657534246 0.7548828125 0.12524461839530332 0.7373046875 0.08806262230919765 0.73046875 0.08708414872798434 0.6943359375 0.08806262230919765 0.6787109375 0.09393346379647749 0.673828125 0.10078277886497064 0.6533203125 0.1076320939334638 0.642578125 0.11937377690802346 0.640625 0.13111545988258316 0.634765625 0.13405088062622308 0.626953125 0.149706457925636 0.625 0.15851272015655576 0.6435546875 0.16829745596868884
0 0.7685546875 0.20058708414872797 0.79296875 0.18786692759295498 0.802734375 0.1780821917808219 0.806640625 0.1634050880626223 0.7998046875 0.15753424657534246 0.779296875 0.15949119373776907 0.7646484375 0.17025440313111545 0.7578125 0.18199608610567514 0.7578125 0.19863013698630136 0.7685546875 0.20058708414872797
0 0.35546875 0.6634050880626223 0.3798828125 0.6673189823874754 0.3974609375 0.6506849315068493 0.3994140625 0.6399217221135028 0.396484375 0.6301369863013698 0.3857421875 0.6193737769080234 0.3779296875 0.6154598825831703 0.3603515625 0.6174168297455969 0.3505859375 0.6252446183953033 0.34765625 0.6477495107632094 0.35546875 0.6634050880626223
0 0.1748046875 0.8111545988258317 0.216796875 0.8238747553816047 0.2333984375 0.8189823874755382 0.2548828125 0.7994129158512719 0.2626953125 0.7847358121330724 0.2626953125 0.773972602739726 0.255859375 0.7583170254403131 0.2353515625 0.7465753424657533 0.2158203125 0.7475538160469667 0.1787109375 0.7573385518590998 0.1630859375 0.7778864970645791 0.1650390625 0.8003913894324853 0.1748046875 0.8111545988258317
0 0.19921875 0.9921722113502934 0.2001953125 0.9990215264187867 0.2578125 0.9990215264187867 0.265625 0.949119373776908 0.255859375 0.9373776908023483 0.255859375 0.9315068493150684 0.2724609375 0.8943248532289628 0.26953125 0.8835616438356164 0.2587890625 0.8737769080234834 0.2578125 0.8659491193737768 0.25 0.8551859099804305 0.240234375 0.8561643835616438 0.2236328125 0.8786692759295498 0.224609375 0.885518590998043 0.20703125 0.9500978473581213 0.203125 0.9540117416829744 0.20703125 0.9765166340508806 0.19921875 0.9921722113502934
0 0.375 0.7162426614481409 0.3876953125 0.7152641878669275 0.39453125 0.7084148727984344 0.3955078125 0.6966731898238747 0.3896484375 0.6898238747553815 0.3740234375 0.687866927592955 0.365234375 0.6956947162426614 0.365234375 0.7093933463796478 0.375 0.7162426614481409
0 0.57421875 0.7074363992172211 0.5810546875 0.7084148727984344 0.5927734375 0.6986301369863013 0.59375 0.6888454011741683 0.5888671875 0.6829745596868884 0.5771484375 0.6819960861056751 0.568359375 0.6888454011741683 0.568359375 0.7025440313111545 0.57421875 0.7074363992172211
0 0.546875 0.8336594911937377 0.5673828125 0.8356164383561643 0.5732421875 0.8317025440313112 0.5693359375 0.8180039138943249 0.546875 0.8150684931506849 0.54296875 0.8189823874755382 0.54296875 0.8317025440313112 0.546875 0.8336594911937377
0 0.982421875 0.03228962818003914 0.9990234375 0.03718199608610567 0.9990234375 0.0029354207436399216 0.9794921875 0.005870841487279843 0.978515625 0.021526418786692758 0.982421875 0.03228962818003914