0 0.2705078125 0.10078277886497064 0.2880859375 0.11448140900195694 0.298828125 0.11545988258317026 0.3037109375 0.1076320939334638 0.30078125 0.0821917808219178 0.2958984375 0.07632093933463796 0.2861328125 0.07632093933463796 0.2705078125 0.09197651663405088 0.2705078125 0.10078277886497064
0 0.580078125 0.19863013698630136 0.6064453125 0.19863013698630136 0.61328125 0.1908023483365949 0.6005859375 0.162426614481409 0.5927734375 0.15851272015655576 0.580078125 0.1643835616438356 0.5712890625 0.18199608610567514 0.5703125 0.1917808219178082 0.580078125 0.19863013698630136
0 0.779296875 0.2974559686888454 0.814453125 0.3023483365949119 0.8203125 0.29647749510763205 0.8212890625 0.2896281800391389 0.814453125 0.2837573385518591 0.7861328125 0.28180039138943247 0.775390625 0.2729941291585127 0.7578125 0.2720156555772994 0.7568359375 0.27495107632093935 0.779296875 0.2974559686888454
0 0.5458984375 0.4403131115459883 0.5595703125 0.4823874755381604 0.5712890625 0.4843444227005871 0.576171875 0.4755381604696673 0.57421875 0.44422700587084146 0.55859375 0.42857142857142855 0.55078125 0.40410958904109584 0.5400390625 0.40313111545988256 0.53125 0.410958904109589 0.52734375 0.4344422700587084 0.5458984375 0.4403131115459883
0 0.8076171875 0.4892367906066536 0.8173828125 0.4960861056751467 0.826171875 0.4960861056751467 0.837890625 0.4882583170254403 0.8515625 0.4628180039138943 0.8447265625 0.45401174168297453 0.833984375 0.45303326810176126 0.810546875 0.4735812133072407 0.8056640625 0.48140900195694714 0.8076171875 0.4892367906066536
0 0.875 0.47847358121330724 0.8857421875 0.4794520547945205 0.89453125 0.4726027397260274 0.89453125 0.4637964774951076 0.888671875 0.45792563600782776 0.87890625 0.45792563600782776 0.8720703125 0.4628180039138943 0.87109375 0.4735812133072407 0.875 0.47847358121330724
0 0.76171875 0.5841487279843445 0.775390625 0.586105675146771 0.791015625 0.5684931506849316 0.7919921875 0.5567514677103718 0.78515625 0.5430528375733854 0.7763671875 0.5420743639921721 0.7685546875 0.547945205479452 0.7548828125 0.573385518590998 0.76171875 0.5841487279843445
0 0.3525390625 0.2857142857142857 0.3623046875 0.2759295499021526 0.365234375 0.2583170254403131 0.34765625 0.24266144814090018 0.3408203125 0.24070450097847357 0.3369140625 0.24363992172211352 0.3408203125 0.2759295499021526 0.3525390625 0.2857142857142857
0 0.1015625 0.37377690802348335 0.1123046875 0.37181996086105673 0.1083984375 0.36007827788649704 0.0986328125 0.36203522504892366 0.09765625 0.36888454011741684 0.1015625 0.37377690802348335
0 0.2646484375 0.40900195694716246 0.271484375 0.40998043052837574 0.2783203125 0.40410958904109584 0.2763671875 0.3933463796477495 0.26953125 0.39041095890410954 0.26171875 0.3933463796477495 0.259765625 0.4021526418786692 0.2646484375 0.40900195694716246
0 0.7265625 0.6956947162426614 0.7548828125 0.7250489236790607 0.7666015625 0.7279843444227005 0.779296875 0.7181996086105674 0.79296875 0.7152641878669275 0.8046875 0.7035225048923679 0.7998046875 0.6917808219178082 0.7890625 0.6868884540117416 0.76953125 0.6692759295499021 0.7392578125 0.6741682974559686 0.7265625 0.6819960861056751 0.7265625 0.6956947162426614
0 0.06640625 0.8268101761252445 0.068359375 0.8209393346379648 0.064453125 0.8150684931506849 0.0537109375 0.8170254403131114 0.056640625 0.8287671232876711 0.06640625 0.8268101761252445
0 0.212890625 0.8551859099804305 0.2265625 0.847358121330724 0.232421875 0.8238747553816047 0.2158203125 0.8033268101761252 0.2060546875 0.8003913894324853 0.1884765625 0.8258317025440313 0.1884765625 0.8463796477495107 0.212890625 0.8551859099804305
0 0.9345703125 0.8199608610567515 0.9453125 0.8228962818003913 0.962890625 0.8023483365949119 0.96484375 0.7945205479452054 0.951171875 0.7798434442270058 0.939453125 0.7778864970645791 0.9345703125 0.7827788649706457 0.9306640625 0.7974559686888454 0.9296875 0.8082191780821917 0.9345703125 0.8199608610567515
0 0.439453125 0.662426614481409 0.4462890625 0.6634050880626223 0.4521484375 0.6594911937377691 0.455078125 0.649706457925636 0.451171875 0.6438356164383562 0.439453125 0.6418786692759295 0.435546875 0.6467710371819961 0.4345703125 0.6545988258317025 0.439453125 0.662426614481409