0 0.697265625 0.5107632093933463 0.71875 0.5352250489236791 0.732421875 0.5450097847358121 0.7548828125 0.5538160469667319 0.7685546875 0.550880626223092 0.7919921875 0.5342465753424658 0.8076171875 0.5185909980430529 0.818359375 0.4960861056751467 0.8173828125 0.48532289628180036 0.80859375 0.47749510763209385 0.8076171875 0.47064579256360073 0.794921875 0.45401174168297453 0.765625 0.44129158512720157 0.7392578125 0.43737769080234834 0.73046875 0.4383561643835616 0.7099609375 0.45205479452054786 0.697265625 0.4667318982387475 0.693359375 0.4804305283757338 0.693359375 0.50293542074364 0.697265625 0.5107632093933463
0 0.1689453125 0.3043052837573385 0.17578125 0.31702544031311153 0.19140625 0.32974559686888455 0.21484375 0.33268101761252444 0.259765625 0.25733855185909976 0.2587890625 0.24853228962818003 0.2392578125 0.21819960861056747 0.2197265625 0.2162426614481409 0.1875 0.24657534246575344 0.189453125 0.2602739726027397 0.18359375 0.27690802348336596 0.15234375 0.29452054794520544 0.154296875 0.299412915851272 0.1689453125 0.3043052837573385
0 0.236328125 0.42661448140900193 0.248046875 0.42857142857142855 0.255859375 0.4217221135029354 0.255859375 0.41291585127201563 0.2490234375 0.4060665362035225 0.240234375 0.4050880626223091 0.2314453125 0.410958904109589 0.2314453125 0.41976516634050876 0.236328125 0.42661448140900193
0 0.328125 0.3532289628180039 0.337890625 0.363013698630137 0.3427734375 0.363013698630137 0.349609375 0.35812133072407043 0.3525390625 0.34833659491193736 0.3466796875 0.3405088062622309 0.3330078125 0.3405088062622309 0.328125 0.34540117416829746 0.328125 0.3532289628180039
0 0.3193359375 0.560665362035225 0.3291015625 0.5616438356164383 0.3388671875 0.5499021526418787 0.337890625 0.5420743639921721 0.328125 0.5322896281800391 0.31640625 0.5313111545988258 0.3076171875 0.5362035225048923 0.3076171875 0.5528375733855186 0.3193359375 0.560665362035225
0 0.4736328125 0.601761252446184 0.486328125 0.601761252446184 0.4951171875 0.5890410958904109 0.4951171875 0.5812133072407045 0.484375 0.5704500978473581 0.4716796875 0.5694716242661448 0.4599609375 0.5753424657534246 0.458984375 0.5919765166340508 0.4736328125 0.601761252446184
0 0.53125 0.6144814090019569 0.54296875 0.6164383561643836 0.548828125 0.6125244618395304 0.552734375 0.5968688845401174 0.5478515625 0.5870841487279843 0.533203125 0.5831702544031311 0.5234375 0.5909980430528375 0.5224609375 0.601761252446184 0.53125 0.6144814090019569
0 0.26171875 0.7045009784735812 0.2685546875 0.7074363992172211 0.2861328125 0.7025440313111545 0.2900390625 0.684931506849315 0.28515625 0.6771037181996086 0.26953125 0.6741682974559686 0.2548828125 0.6829745596868884 0.25390625 0.6937377690802349 0.26171875 0.7045009784735812
0 0.443359375 0.7064579256360078 0.451171875 0.7103718199608611 0.46484375 0.7103718199608611 0.4814453125 0.6986301369863013 0.4814453125 0.675146771037182 0.4677734375 0.6506849315068493 0.45703125 0.6467710371819961 0.4423828125 0.6487279843444227 0.427734375 0.6663405088062622 0.4287109375 0.6888454011741683 0.443359375 0.7064579256360078
0 0.244140625 0.9403131115459882 0.2529296875 0.9383561643835616 0.2568359375 0.9315068493150684 0.2626953125 0.9295499021526418 0.28125 0.9383561643835616 0.3095703125 0.9315068493150684 0.3173828125 0.9197651663405088 0.3154296875 0.8982387475538159 0.29296875 0.885518590998043 0.2705078125 0.8953033268101761 0.25390625 0.8835616438356164 0.2431640625 0.8825831702544031 0.2255859375 0.8894324853228962 0.21875 0.8972602739726027 0.22265625 0.9217221135029353 0.244140625 0.9403131115459882
0 0.0693359375 0.9315068493150684 0.0751953125 0.9363992172211351 0.0791015625 0.9354207436399216 0.0859375 0.9148727984344422 0.103515625 0.9041095890410957 0.115234375 0.9070450097847358 0.1298828125 0.9187866927592955 0.16015625 0.9011741682974559 0.16796875 0.9090019569471623 0.1767578125 0.9099804305283756 0.1904296875 0.9031311154598824 0.1953125 0.8962818003913894 0.19140625 0.8688845401174168 0.1669921875 0.824853228962818 0.15234375 0.8228962818003913 0.142578125 0.8336594911937377 0.14453125 0.8444227005870841 0.095703125 0.8825831702544031 0.083984375 0.8806262230919766 0.0771484375 0.8845401174168297 0.0712890625 0.9050880626223092 0.0732421875 0.9217221135029353 0.0693359375 0.9315068493150684
0 0.7275390625 0.8786692759295498 0.7548828125 0.8698630136986301 0.759765625 0.863013698630137 0.7578125 0.8512720156555773 0.748046875 0.8424657534246576 0.7294921875 0.8454011741682974 0.720703125 0.8512720156555773 0.7177734375 0.8581213307240704 0.7177734375 0.8698630136986301 0.7275390625 0.8786692759295498
0 0.6533203125 0.9510763209393346 0.6611328125 0.9500978473581213 0.677734375 0.9344422700587083 0.6787109375 0.9187866927592955 0.6748046875 0.913894324853229 0.658203125 0.9129158512720157 0.64453125 0.9227005870841486 0.6455078125 0.9442270058708415 0.6533203125 0.9510763209393346
0 0.8720703125 0.40019569471624267 0.8916015625 0.40998043052837574 0.9052734375 0.40802348336594907 0.908203125 0.40410958904109584 0.90625 0.38551859099804303 0.8876953125 0.37181996086105673 0.8759765625 0.3767123287671233 0.8701171875 0.38649706457925637 0.8720703125 0.40019569471624267
0 0.8173828125 0.4589041095890411 0.82421875 0.46086105675146766 0.8310546875 0.4569471624266145 0.841796875 0.4403131115459883 0.8515625 0.43737769080234834 0.8623046875 0.44520547945205474 0.8720703125 0.4432485322896282 0.8759765625 0.4295499021526418 0.8701171875 0.4227005870841487 0.845703125 0.410958904109589 0.82421875 0.4227005870841487 0.814453125 0.43737769080234834 0.8125 0.45205479452054786 0.8173828125 0.4589041095890411