0 0.9365234375 0.8258317025440313 0.94921875 0.8268101761252445 0.958984375 0.8228962818003913 0.970703125 0.8062622309197651 0.9677734375 0.7818003913894325 0.947265625 0.7612524461839529 0.923828125 0.7700587084148728 0.9140625 0.7857142857142857 0.9150390625 0.812133072407045 0.9365234375 0.8258317025440313
0 0.9140625 0.735812133072407 0.9462890625 0.7367906066536203 0.9599609375 0.7240704500978473 0.9599609375 0.7123287671232876 0.951171875 0.7025440313111545 0.9345703125 0.7015655577299412 0.9228515625 0.7064579256360078 0.9130859375 0.7045009784735812 0.9091796875 0.7084148727984344 0.9072265625 0.7250489236790607 0.9140625 0.735812133072407
0 0.9287109375 0.6350293542074363 0.9296875 0.6448140900195695 0.935546875 0.6487279843444227 0.9423828125 0.6477495107632094 0.94921875 0.6409001956947162 0.9560546875 0.6272015655577299 0.95703125 0.608610567514677 0.9521484375 0.6007827788649707 0.9453125 0.6007827788649707 0.9375 0.6095890410958904 0.9365234375 0.6203522504892367 0.9287109375 0.6350293542074363
0 0.681640625 0.7142857142857142 0.6845703125 0.7377690802348337 0.6953125 0.7416829745596869 0.7197265625 0.7318982387475538 0.7255859375 0.7172211350293541 0.7177734375 0.6898238747553815 0.7099609375 0.6829745596868884 0.697265625 0.6819960861056751 0.689453125 0.6956947162426614 0.6884765625 0.7064579256360078 0.681640625 0.7142857142857142
0 0.7330810546875001 0.8024315068493151 0.7330810546875001 0.8021673189823876 0.7324658203125 0.8021673189823876 0.7324658203125 0.8024315068493151 0.7330810546875001 0.8024315068493151
0 0.291015625 0.4628180039138943 0.287109375 0.4677103718199608 0.2890625 0.47749510763209385 0.30859375 0.4804305283757338 0.3173828125 0.474559686888454 0.3271484375 0.4735812133072407 0.33984375 0.4598825831702544 0.3466796875 0.4637964774951076 0.349609375 0.474559686888454 0.3583984375 0.47847358121330724 0.365234375 0.4735812133072407 0.373046875 0.4549902152641878 0.3720703125 0.4305283757338552 0.400390625 0.40802348336594907 0.419921875 0.3972602739726027 0.4287109375 0.3972602739726027 0.4384765625 0.41291585127201563 0.4599609375 0.43346379647749506 0.4736328125 0.44129158512720157 0.4931640625 0.4432485322896282 0.5224609375 0.42661448140900193 0.546875 0.41780821917808214 0.5439453125 0.40410958904109584 0.5458984375 0.37377690802348335 0.5390625 0.36203522504892366 0.509765625 0.3385518590998043 0.4931640625 0.33170254403131116 0.4736328125 0.33170254403131116 0.451171875 0.3385518590998043 0.4296875 0.3786692759295499 0.4130859375 0.3825831702544031 0.404296875 0.3943248532289628 0.37109375 0.4070450097847358 0.365234375 0.4060665362035225 0.3671875 0.40019569471624267 0.3623046875 0.3943248532289628 0.3447265625 0.3943248532289628 0.337890625 0.39041095890410954 0.330078125 0.40802348336594907 0.30859375 0.42857142857142855 0.3095703125 0.45303326810176126 0.291015625 0.4628180039138943
0 0.1748046875 0.45401174168297453 0.1640625 0.45205479452054786 0.169921875 0.46868884540117417 0.1640625 0.48630136986301364 0.1640625 0.5009784735812133 0.16796875 0.5088062622309197 0.189453125 0.5293542074363992 0.2255859375 0.5401174168297456 0.2373046875 0.5401174168297456 0.265625 0.5234833659491194 0.27734375 0.49804305283757333 0.275390625 0.4726027397260274 0.2685546875 0.4589041095890411 0.25390625 0.4471624266144814 0.23046875 0.43737769080234834 0.1943359375 0.4383561643835616 0.181640625 0.4510763209393346 0.1748046875 0.45401174168297453
0 0.2998046875 0.22015655577299414 0.30859375 0.22211350293542073 0.3203125 0.21428571428571427 0.3271484375 0.21428571428571427 0.341796875 0.22113502935420742 0.3759765625 0.22700587084148727 0.3935546875 0.22504892367906065 0.4072265625 0.23483365949119372 0.412109375 0.23483365949119372 0.4189453125 0.2279843444227006 0.419921875 0.2172211350293542 0.412109375 0.20645792563600782 0.412109375 0.20009784735812133 0.421875 0.18101761252446183 0.421875 0.17318982387475537 0.404296875 0.15655577299412915 0.3828125 0.15655577299412915 0.35546875 0.14481409001956946 0.3173828125 0.13894324853228962 0.294921875 0.16046966731898238 0.2919921875 0.20939334637964774 0.2998046875 0.22015655577299414
0 0.5009765625 0.13111545988258316 0.51953125 0.15459882583170254 0.546875 0.15362035225048923 0.5693359375 0.1350293542074364 0.57421875 0.12328767123287672 0.576171875 0.08806262230919765 0.5634765625 0.06653620352250489 0.5400390625 0.05772994129158513 0.5283203125 0.05870841487279843 0.4990234375 0.06555772994129158 0.4892578125 0.07827788649706457 0.490234375 0.09784735812133072 0.5009765625 0.13111545988258316
0 0.865234375 0.13992172211350293 0.8701171875 0.149706457925636 0.8828125 0.15166340508806261 0.888671875 0.14677103718199608 0.892578125 0.12035225048923678 0.8837890625 0.10371819960861055 0.876953125 0.10078277886497064 0.8681640625 0.10273972602739725 0.8544921875 0.11937377690802346 0.8544921875 0.13111545988258316 0.865234375 0.13992172211350293
0 0.525390625 0.6105675146771037 0.537109375 0.6095890410958904 0.546875 0.6007827788649707 0.5419921875 0.5900195694716242 0.533203125 0.5831702544031311 0.5205078125 0.5841487279843445 0.5146484375 0.5909980430528375 0.5146484375 0.6037181996086105 0.525390625 0.6105675146771037
0 0.82421875 0.8268101761252445 0.8232421875 0.8277886497064578 0.82421875 0.8287671232876711 0.82421875 0.8336594911937377 0.8232421875 0.834637964774951 0.8232421875 0.837573385518591 0.8212890625 0.8385518590998042 0.8203125 0.8463796477495107 0.82421875 0.8493150684931507 0.8310546875 0.8493150684931507 0.83203125 0.850293542074364 0.8408203125 0.850293542074364 0.841796875 0.8493150684931507 0.8447265625 0.8493150684931507 0.8486328125 0.8444227005870841 0.8486328125 0.8414872798434441 0.849609375 0.8405088062622308 0.849609375 0.8297455968688844 0.83984375 0.8180039138943249 0.833984375 0.8140900195694716 0.8310546875 0.8131115459882583 0.8251953125 0.8150684931506849 0.8232421875 0.8209393346379648 0.82421875 0.8228962818003913 0.82421875 0.8268101761252445
0 0.5165185546875 0.640325831702544 0.513716796875 0.6494804305283757 0.5119072265625 0.6494804305283757 0.505015625 0.6527436399217221 0.5010546875 0.658894324853229 0.497896484375 0.6584491193737768 0.4849091796875 0.6607240704500978 0.4772236328125 0.6607240704500978 0.47400097656250006 0.6693590998043053 0.47400097656250006 0.6767093933463796 0.4816201171875 0.6848180039138942 0.48295117187500003 0.6869354207436399 0.48295117187500003 0.6907005870841487 0.4802080078125 0.6980440313111546 0.4800751953124999 0.7053365949119373 0.47715136718749995 0.7119667318982387 0.4761201171875 0.7223835616438355 0.4761201171875 0.733605675146771 0.4824326171875001 0.7388248532289627 0.490953125 0.7445068493150684 0.4928603515625 0.7507084148727985 0.48580468750000005 0.7574285714285713 0.4826455078125 0.7688356164383562 0.4826455078125 0.7770772994129158 0.48568261718750005 0.7878062622309198 0.491328125 0.797711350293542 0.500890625 0.8041262230919765 0.5113095703125 0.8099021526418786 0.526125 0.8102876712328767 0.5430341796875 0.8089677103718198 0.5473330078125 0.8089677103718198 0.5504326171875 0.8127964774951076 0.5521533203125 0.826243639921722 0.55859375 0.826243639921722 0.5641767578125 0.8318287671232877 0.563771484375 0.8356457925636007 0.5619248046875 0.8425978473581213 0.554923828125 0.8458317025440314 0.5474365234375 0.8459559686888454 0.5430947265625 0.845844422700587 0.5388828125 0.843977495107632 0.5262392578125 0.8429422700587084 0.5195419921875 0.8429422700587084 0.511359375 0.844091976516634 0.503388671875 0.8367289628180037 0.4992900390625 0.8351937377690802 0.4927177734375 0.8290029354207435 0.4882099609375 0.8174158512720157 0.4882099609375 0.8113639921722113 0.48171093750000005 0.803325831702544 0.476912109375 0.7993688845401175 0.4824013671875 0.7935332681017612 0.4792939453125 0.7797084148727984 0.47700097656249996 0.7682221135029355 0.469873046875 0.7658894324853229 0.46193359375 0.7605156555772993 0.4578749999999999 0.7508571428571428 0.4419931640625 0.7507367906066535 0.43471386718750005 0.7586819960861056 0.43285937499999994 0.7658424657534246 0.43418554687499994 0.7736272015655578 0.4308232421875 0.7736272015655578 0.42561230468750005 0.7761614481409002 0.4198701171875 0.7777612524461839 0.419640625 0.7727514677103717 0.41601367187499994 0.7668590998043052 0.4056796875 0.7662622309197651 0.3977333984375 0.7686037181996086 0.3941025390625 0.7703297455968688 0.3903623046875 0.7787162426614481 0.3935673828125 0.7923150684931506 0.397572265625 0.7938043052837573 0.4035185546875 0.794293542074364 0.406658203125 0.8006555772994128 0.406658203125 0.809068493150685 0.4141796875 0.8159716242661448 0.417166015625 0.8261115459882582 0.4169443359375 0.8341868884540118 0.405859375 0.8333688845401174 0.393861328125 0.8346262230919764 0.386927734375 0.8436232876712328 0.38455859375 0.8494187866927593 0.3839375 0.8580009784735811 0.3858671875 0.8671565557729941 0.3972021484375 0.8679001956947163 0.40971777343750004 0.8732573385518592 0.41987207031249996 0.8805440313111547 0.43191015625 0.8825743639921722 0.43722265625 0.8782729941291585 0.444091796875 0.8715958904109588 0.4444052734375 0.8644549902152641 0.4502158203125 0.8644549902152641 0.458134765625 0.8673160469667319 0.46847949218750007 0.8682544031311155 0.47241894531249995 0.8739266144814091 0.47241894531249995 0.8829412915851271 0.4779765625 0.8945949119373775 0.48229003906249995 0.8994716242661447 0.4958974609375 0.8989745596868884 0.505505859375 0.9013923679060664 0.5092109375 0.9053121330724071 0.5192646484375 0.9169863013698629 0.5322431640625 0.9171868884540118 0.547240234375 0.9258864970645793 0.556435546875 0.9197896281800391 0.5623740234375 0.9140606653620351 0.5643505859375 0.9101281800391389 0.5656201171875 0.9102260273972602 0.56740234375 0.918206457925636 0.5695732421875 0.9275518590998042 0.5717607421875 0.9372808219178081 0.5767255859375 0.9422446183953033 0.583126953125 0.945862035225049 0.58572265625 0.9489882583170253 0.5868017578125 0.9575303326810175 0.591578125 0.9626203522504891 0.60087890625 0.9632397260273973 0.60596875 0.9595459882583169 0.607900390625 0.9550293542074364 0.607541015625 0.946954011741683 0.615439453125 0.9449569471624265 0.6149677734375 0.9379295499021525 0.6186416015625 0.9373424657534247 0.62404296875 0.9332093933463795 0.62516796875 0.9251751467710371 0.6287265625 0.9193502935420744 0.6264873046875 0.9118933463796477 0.6246220703125 0.9069628180039139 0.6279462890625 0.9018248532289628 0.623896484375 0.8967798434442269 0.6295185546875 0.8967798434442269 0.6332685546875 0.8976839530332681 0.63937890625 0.8994442270058707 0.6471591796875 0.9007416829745596 0.652275390625 0.8989911937377691 0.6561357421875 0.8917230919765166 0.6542041015625 0.8871966731898239 0.6600390625 0.8824041095890411 0.660744140625 0.8767544031311154 0.6671787109375 0.874105675146771 0.6722451171875 0.8751947162426614 0.6800361328125 0.8779589041095891 0.6883583984375 0.8743248532289627 0.6923115234375 0.8697690802348337 0.6941064453125 0.8729716242661448 0.6983623046875 0.8770900195694715 0.702373046875 0.8807221135029353 0.71104296875 0.8812113502935419 0.720833984375 0.8768502935420743 0.7241064453125 0.8707632093933462 0.7277646484375 0.8719667318982387 0.736177734375 0.8666712328767124 0.7390439453125 0.8609227005870842 0.7403564453125 0.8535684931506848 0.74889453125 0.8539344422700588 0.7582958984375 0.851738747553816 0.76478515625 0.8431555772994128 0.766375 0.8345078277886497 0.76867578125 0.8312123287671233 0.770615234375 0.8351399217221134 0.7712587890625 0.8436213307240704 0.7715439453125 0.8500019569471624 0.77751953125 0.8511506849315067 0.7854052734375 0.8487759295499021 0.7906416015625 0.8450880626223091 0.79496484375 0.8485107632093933 0.8022119140624999 0.8486350293542074 0.80525 0.8412289628180039 0.802580078125 0.8325107632093933 0.8044677734375 0.8238796477495107 0.8059423828125001 0.8174393346379647 0.815056640625 0.8168150684931506 0.8228417968749999 0.8061604696673189 0.818369140625 0.7998454011741682 0.8158115234375 0.7910929549902151 0.8111445312499999 0.7832035225048923 0.7993212890625 0.7704207436399216 0.789650390625 0.7598688845401174 0.7778486328125 0.760747553816047 0.768458984375 0.7547602739726027 0.76795703125 0.7499804305283757 0.757560546875 0.7493943248532289 0.747841796875 0.747436399217221 0.7427861328125 0.7473140900195694 0.7337197265625 0.7501281800391388 0.7287431640625 0.7548913894324853 0.7232880859375 0.7570293542074363 0.71698828125 0.7621135029354207 0.713859375 0.7590547945205479 0.7064443359375 0.7577896281800391 0.6997724609375 0.7590244618395302 0.697048828125 0.7563248532289628 0.686259765625 0.7549266144814089 0.6767177734375 0.7572759295499021 0.669341796875 0.7622563600782778 0.6605771484375 0.7681663405088062 0.6501806640625 0.7717260273972602 0.6403984375 0.7741585127201566 0.6366845703125 0.7705557729941291 0.6359677734375 0.7651692759295499 0.642259765625 0.7631712328767123 0.6522900390625 0.7588816046966731 0.6603759765625 0.7510645792563599 0.6673212890625 0.7416898238747553 0.6688916015625 0.7319050880626222 0.6597666015625 0.7204706457925636 0.6554404296875 0.7146291585127201 0.6518330078125 0.7085538160469668 0.6490576171875 0.7047074363992172 0.638494140625 0.7051340508806263 0.630705078125 0.699523483365949 0.61728125 0.6976213307240704 0.612666015625 0.6973502935420743 0.609419921875 0.6899706457925635 0.6062919921875 0.681128180039139 0.6051669921875 0.676073385518591 0.59584375 0.6694628180039139 0.5926279296875 0.6657230919765167 0.588859375 0.6638894324853228 0.5825654296875 0.6575401174168297 0.57480078125 0.6555420743639921 0.5685498046875 0.6571213307240704 0.5639306640625 0.6531555772994129 0.5502529296875 0.6525753424657534 0.5429482421875 0.6562945205479451 0.53930078125 0.6524872798434441 0.5399951171875 0.6434951076320939 0.5277568359375 0.6351174168297457 0.5195625 0.6371369863013698 0.5165185546875 0.640325831702544
0 0.2119140625 0.6027397260273972 0.2236328125 0.6037181996086105 0.2353515625 0.5968688845401174 0.234375 0.5841487279843445 0.2255859375 0.573385518590998 0.201171875 0.5841487279843445 0.2021484375 0.595890410958904 0.2119140625 0.6027397260273972
0 0.32421875 0.5978473581213307 0.3369140625 0.598825831702544 0.341796875 0.5949119373776908 0.3427734375 0.5870841487279843 0.337890625 0.5802348336594911 0.328125 0.5772994129158512 0.3203125 0.5841487279843445 0.3193359375 0.5909980430528375 0.32421875 0.5978473581213307
0 0.138671875 0.19569471624266144 0.1513671875 0.19569471624266144 0.158203125 0.1888454011741683 0.1611328125 0.17123287671232876 0.154296875 0.162426614481409 0.13671875 0.15949119373776907 0.1279296875 0.16829745596868884 0.1279296875 0.18395303326810175 0.138671875 0.19569471624266144