0 0 0.08414872798434442 0.009765625 0.08708414872798434 0.029296875 0.0812133072407045 0.0380859375 0.05283757338551859 0.0244140625 0.03522504892367906 0.0068359375 0.03131115459882583 0 0.03131115459882583 0 0.08414872798434442
0 0.240234375 0.15459882583170254 0.265625 0.1643835616438356 0.2880859375 0.15362035225048923 0.294921875 0.1076320939334638 0.2861328125 0.09197651663405088 0.279296875 0.08806262230919765 0.2578125 0.08708414872798434 0.2373046875 0.0949119373776908 0.224609375 0.1086105675146771 0.2265625 0.13992172211350293 0.240234375 0.15459882583170254
0 0.720703125 0.37573385518590996 0.7412109375 0.38454011741682975 0.755859375 0.38454011741682975 0.7626953125 0.38943248532289626 0.763671875 0.42074363992172203 0.7705078125 0.42857142857142855 0.779296875 0.42759295499021527 0.7900390625 0.410958904109589 0.7998046875 0.4060665362035225 0.8095703125 0.3884540117416829 0.8310546875 0.3698630136986301 0.826171875 0.3473581213307241 0.853515625 0.33268101761252444 0.8623046875 0.3434442270058708 0.8720703125 0.3473581213307241 0.888671875 0.3434442270058708 0.931640625 0.35518590998043054 0.9365234375 0.34540117416829746 0.9287109375 0.3287671232876712 0.9267578125 0.3131115459882583 0.9150390625 0.30039138943248533 0.890625 0.30332681017612523 0.861328125 0.3199608610567514 0.8544921875 0.31213307240704496 0.8662109375 0.29354207436399216 0.865234375 0.27495107632093935 0.873046875 0.26125244618395305 0.87109375 0.25146771037182 0.865234375 0.24657534246575344 0.849609375 0.24853228962818003 0.8369140625 0.2651663405088062 0.8271484375 0.26418786692759294 0.818359375 0.26810176125244617 0.8134765625 0.27495107632093935 0.8134765625 0.2860401174168298 0.802734375 0.29060665362035226 0.75 0.2896281800391389 0.7353515625 0.29354207436399216 0.7119140625 0.3131115459882583 0.703125 0.337573385518591 0.7041015625 0.3571428571428571 0.720703125 0.37573385518590996
0 0.841796875 0.3884540117416829 0.85546875 0.3884540117416829 0.8671875 0.3767123287671233 0.8662109375 0.36007827788649704 0.859375 0.3542074363992172 0.845703125 0.3542074363992172 0.8359375 0.3659491193737769 0.8349609375 0.3796477495107632 0.841796875 0.3884540117416829
0 0.8037109375 0.47064579256360073 0.8232421875 0.47847358121330724 0.828125 0.47651663405088057 0.8349609375 0.4569471624266145 0.8271484375 0.44129158512720157 0.814453125 0.43737769080234834 0.7978515625 0.4549902152641878 0.7978515625 0.4637964774951076 0.8037109375 0.47064579256360073
0 0.8271484375 0.5459882583170254 0.8349609375 0.5499021526418787 0.8486328125 0.547945205479452 0.8564453125 0.5557729941291585 0.865234375 0.5557729941291585 0.87109375 0.550880626223092 0.87890625 0.5303326810176124 0.896484375 0.5176125244618395 0.896484375 0.49804305283757333 0.8828125 0.49412915851272016 0.8759765625 0.4960861056751467 0.8671875 0.5088062622309197 0.845703125 0.5078277886497065 0.82421875 0.5264187866927592 0.8232421875 0.5401174168297456 0.8271484375 0.5459882583170254
0 0.828125 0.6193737769080234 0.8564453125 0.62133072407045 0.875 0.6125244618395304 0.8837890625 0.601761252446184 0.884765625 0.5919765166340508 0.87890625 0.5821917808219178 0.873046875 0.5763209393346379 0.8505859375 0.5645792563600782 0.8447265625 0.5636007827788649 0.8359375 0.5675146771037182 0.83203125 0.5772994129158512 0.8193359375 0.5890410958904109 0.8154296875 0.5968688845401174 0.814453125 0.6056751467710371 0.828125 0.6193737769080234
0 0.6240234375 0.7700587084148728 0.63671875 0.7720156555772995 0.6455078125 0.7612524461839529 0.650390625 0.7436399217221135 0.6416015625 0.732876712328767 0.6328125 0.732876712328767 0.625 0.7397260273972602 0.619140625 0.7632093933463796 0.6240234375 0.7700587084148728
0 0.44921875 0.8874755381604696 0.4560546875 0.8962818003913894 0.46484375 0.8943248532289628 0.470703125 0.8806262230919766 0.498046875 0.8590998043052837 0.4921875 0.8268101761252445 0.4814453125 0.8199608610567515 0.462890625 0.8199608610567515 0.455078125 0.8160469667318981 0.4453125 0.8189823874755382 0.435546875 0.8365949119373777 0.4208984375 0.8522504892367906 0.4287109375 0.8796477495107631 0.44921875 0.8874755381604696
0 0.470703125 0.8062622309197651 0.47265625 0.8101761252446182 0.474609375 0.812133072407045 0.4775390625 0.8131115459882583 0.4833984375 0.8131115459882583 0.4873046875 0.8082191780821917 0.4873046875 0.8043052837573385 0.48828125 0.8033268101761252 0.4873046875 0.8023483365949119 0.4873046875 0.7994129158512719 0.486328125 0.7974559686888454 0.4833984375 0.7945205479452054 0.48046875 0.793542074363992 0.4755859375 0.7954990215264187 0.4716796875 0.7994129158512719 0.470703125 0.8013698630136986 0.470703125 0.8062622309197651
0 0.166015625 0.837573385518591 0.169921875 0.8493150684931507 0.177734375 0.8532289628180039 0.193359375 0.8512720156555773 0.205078125 0.8551859099804305 0.2197265625 0.8532289628180039 0.2421875 0.8405088062622308 0.2490234375 0.8326810176125244 0.2509765625 0.8189823874755382 0.25 0.8101761252446182 0.2392578125 0.793542074363992 0.2255859375 0.7818003913894325 0.212890625 0.7778864970645791 0.19921875 0.7778864970645791 0.18359375 0.7847358121330724 0.1728515625 0.7954990215264187 0.1689453125 0.8052837573385518 0.158203125 0.8101761252446182 0.1552734375 0.8160469667318981 0.154296875 0.8258317025440313 0.166015625 0.837573385518591
0 0.1298828125 0.7896281800391389 0.1474609375 0.7974559686888454 0.1572265625 0.7954990215264187 0.1591796875 0.7788649706457925 0.146484375 0.7681017612524461 0.1328125 0.7641878669275929 0.123046875 0.7720156555772995 0.1220703125 0.7808219178082191 0.1298828125 0.7896281800391389
0 0.3056640625 0.7495107632093932 0.3115234375 0.7514677103718199 0.318359375 0.7475538160469667 0.3212890625 0.7407045009784736 0.3173828125 0.7309197651663404 0.3076171875 0.7289628180039138 0.30078125 0.735812133072407 0.2998046875 0.7407045009784736 0.3056640625 0.7495107632093932
0 0.55859375 0.162426614481409 0.5576171875 0.16829745596868884 0.5693359375 0.18003913894324852 0.5712890625 0.19373776908023482 0.5830078125 0.20254403131115456 0.5986328125 0.2054794520547945 0.6064453125 0.20058708414872797 0.61328125 0.18590998043052837 0.6162109375 0.16046966731898238 0.61328125 0.14383561643835616 0.5908203125 0.1360078277886497 0.5869140625 0.14090019569471623 0.5732421875 0.14481409001956946 0.5703125 0.15655577299412915 0.55859375 0.162426614481409
0 0.5634765625 0.2172211350293542 0.5712890625 0.2123287671232877 0.5732421875 0.20156555772994128 0.5673828125 0.19471624266144813 0.5576171875 0.19471624266144813 0.5517578125 0.20058708414872797 0.5546875 0.2152641878669276 0.5634765625 0.2172211350293542
0 0.609375 0.07632093933463796 0.6162109375 0.08317025440313111 0.6259765625 0.08512720156555773 0.6328125 0.07632093933463796 0.6337890625 0.0675146771037182 0.630859375 0.03816046966731898 0.6171875 0.03424657534246575 0.6015625 0.04207436399217221 0.6015625 0.0557729941291585 0.609375 0.07632093933463796
0 0.63671875 0.043052837573385516 0.650390625 0.04500978473581213 0.65625 0.04207436399217221 0.6572265625 0.030332681017612523 0.65234375 0.021526418786692758 0.6416015625 0.021526418786692758 0.6337890625 0.02837573385518591 0.6318359375 0.03522504892367906 0.63671875 0.043052837573385516
0 0.6611328125 0.1086105675146771 0.6708984375 0.10665362035225048 0.681640625 0.0958904109589041 0.681640625 0.0821917808219178 0.6748046875 0.07632093933463796 0.66015625 0.07632093933463796 0.6494140625 0.08512720156555773 0.6494140625 0.09882583170254403 0.6611328125 0.1086105675146771
0 0.4453125 0.5459882583170254 0.453125 0.5401174168297456 0.4541015625 0.5234833659491194 0.44921875 0.5176125244618395 0.4404296875 0.5176125244618395 0.423828125 0.5313111545988258 0.4267578125 0.5430528375733854 0.4453125 0.5459882583170254
0 0.2060546875 0.3953033268101761 0.2177734375 0.40117416829745595 0.23046875 0.40117416829745595 0.236328125 0.3972602739726027 0.24609375 0.3796477495107632 0.2451171875 0.3698630136986301 0.2373046875 0.36203522504892366 0.2158203125 0.36497064579256355 0.203125 0.37279843444227 0.2021484375 0.38649706457925637 0.2060546875 0.3953033268101761
0 0.1298828125 0.14187866927592954 0.13671875 0.17025440313111545 0.1337890625 0.20841487279843443 0.1298828125 0.2152641878669276 0.1328125 0.22113502935420742 0.12890625 0.23972602739726026 0.1328125 0.24657534246575344 0.140625 0.25538160469667315 0.1640625 0.26418786692759294 0.2001953125 0.25733855185909976 0.22265625 0.24853228962818003 0.2333984375 0.23776908023483365 0.234375 0.20841487279843443 0.2421875 0.1888454011741683 0.21875 0.14285714285714285 0.185546875 0.111545988258317 0.16796875 0.10176125244618395 0.1435546875 0.10273972602739725 0.1259765625 0.11643835616438356 0.123046875 0.13307240704500978 0.1298828125 0.14187866927592954
0 0.1123046875 0.08512720156555773 0.1220703125 0.08610567514677103 0.130859375 0.07925636007827788 0.1318359375 0.0684931506849315 0.1220703125 0.05675146771037182 0.11328125 0.0557729941291585 0.1044921875 0.06262230919765166 0.1044921875 0.07534246575342465 0.1123046875 0.08512720156555773
0 0.087890625 0.3825831702544031 0.0947265625 0.39041095890410954 0.10546875 0.3943248532289628 0.1171875 0.3767123287671233 0.11328125 0.35812133072407043 0.0986328125 0.3522504892367906 0.087890625 0.35518590998043054 0.083984375 0.36007827788649704 0.0830078125 0.37181996086105673 0.087890625 0.3825831702544031