0 0.2939453125 0.21037181996086102 0.30859375 0.21819960861056747 0.3271484375 0.21819960861056747 0.3359375 0.21135029354207435 0.3515625 0.20939334637964774 0.361328125 0.19275929549902152 0.3251953125 0.15557729941291584 0.306640625 0.15362035225048923 0.298828125 0.15655577299412915 0.28515625 0.1771037181996086 0.28515625 0.19960861056751467 0.2939453125 0.21037181996086102
0 0.45703125 0.2534246575342466 0.458984375 0.2671232876712329 0.46875 0.273972602739726 0.515625 0.273972602739726 0.525390625 0.27984344422700586 0.53515625 0.27984344422700586 0.5390625 0.29354207436399216 0.5830078125 0.29647749510763205 0.583984375 0.30332681017612523 0.59765625 0.30724070450097846 0.5986328125 0.324853228962818 0.6044921875 0.33072407045009783 0.6015625 0.34833659491193736 0.6044921875 0.3659491193737769 0.6083984375 0.3747553816046966 0.6279296875 0.3943248532289628 0.6337890625 0.3953033268101761 0.6455078125 0.38943248532289626 0.662109375 0.37377690802348335 0.67352734375 0.37880332681017614 0.6782646484375 0.3853297455968689 0.6909951171875 0.3871095890410958 0.7022451171875 0.38295596868884535 0.7043173828125 0.37821037181996087 0.7126064453125 0.37405675146771034 0.713791015625 0.37168395303326807 0.7203046875 0.36782778864970644 0.7226728515625 0.36515851272015654 0.722376953125 0.3601154598825832 0.720703125 0.35518590998043054 0.716796875 0.350293542074364 0.7060546875 0.3473581213307241 0.6884765625 0.350293542074364 0.6728515625 0.3395303326810176 0.681640625 0.33268101761252444 0.685546875 0.3219178082191781 0.685546875 0.3013698630136986 0.66796875 0.2788649706457925 0.6416015625 0.2651663405088062 0.6376953125 0.223091976516634 0.6337890625 0.2123287671232877 0.619140625 0.19373776908023482 0.634765625 0.1780821917808219 0.6484375 0.18003913894324852 0.6533203125 0.1771037181996086 0.6650390625 0.1634050880626223 0.6689453125 0.149706457925636 0.6611328125 0.13013698630136986 0.6396484375 0.12915851272015655 0.6337890625 0.136986301369863 0.6259765625 0.136986301369863 0.6240234375 0.14481409001956946 0.6123046875 0.14383561643835616 0.6103515625 0.12622309197651663 0.603515625 0.11839530332681017 0.5927734375 0.11350293542074363 0.5673828125 0.09099804305283757 0.54296875 0.08806262230919765 0.529296875 0.09882583170254403 0.52734375 0.1086105675146771 0.51953125 0.11252446183953033 0.521484375 0.11741682974559686 0.5126953125 0.12622309197651663 0.5009765625 0.12915851272015655 0.4853515625 0.14090019569471623 0.4794921875 0.1506849315068493 0.4853515625 0.15753424657534246 0.4794921875 0.1643835616438356 0.4921875 0.16731898238747553 0.490234375 0.1888454011741683 0.4755859375 0.19569471624266144 0.4716796875 0.2074363992172211 0.4462890625 0.22602739726027393 0.4482421875 0.2446183953033268 0.45703125 0.2534246575342466
0 0.494140625 0.3835616438356164 0.5126953125 0.38454011741682975 0.51953125 0.3776908023483366 0.5205078125 0.36497064579256355 0.51171875 0.3542074363992172 0.5009765625 0.3522504892367906 0.4892578125 0.36007827788649704 0.4873046875 0.37181996086105673 0.494140625 0.3835616438356164
0 0.69140625 0.3287671232876712 0.6962890625 0.33659491193737767 0.7041015625 0.3385518590998043 0.7138671875 0.32974559686888455 0.71484375 0.3180039138943248 0.7099609375 0.31409001956947163 0.6953125 0.31702544031311153 0.69140625 0.32093933463796476 0.69140625 0.3287671232876712
0 0.296875 0.26810176125244617 0.314453125 0.273972602739726 0.3291015625 0.26418786692759294 0.330078125 0.25538160469667315 0.3173828125 0.23874755381604693 0.2998046875 0.23581213307240706 0.29296875 0.24168297455968685 0.2919921875 0.25733855185909976 0.296875 0.26810176125244617
0 0.306640625 0.3796477495107632 0.3330078125 0.3776908023483366 0.3388671875 0.37279843444227 0.3388671875 0.3590998043052837 0.326171875 0.34540117416829746 0.3095703125 0.3473581213307241 0.296875 0.35812133072407043 0.298828125 0.37377690802348335 0.306640625 0.3796477495107632
0 0.3798828125 0.4804305283757338 0.390625 0.4911937377690802 0.3955078125 0.48727984344422703 0.3984375 0.47651663405088057 0.416015625 0.4598825831702544 0.41796875 0.44911937377690797 0.3837890625 0.4070450097847358 0.369140625 0.40802348336594907 0.3642578125 0.41780821917808214 0.3623046875 0.44520547945205474 0.3798828125 0.4804305283757338
0 0.0751953125 0.7133072407045009 0.08203125 0.7318982387475538 0.099609375 0.74559686888454 0.1435546875 0.7563600782778865 0.1650390625 0.7416829745596869 0.1748046875 0.7211350293542074 0.1767578125 0.6956947162426614 0.171875 0.6790606653620352 0.177734375 0.6614481409001957 0.1611328125 0.6418786692759295 0.1494140625 0.6399217221135028 0.1337890625 0.649706457925636 0.1279296875 0.6604696673189824 0.1015625 0.684931506849315 0.0908203125 0.6800391389432485 0.080078125 0.6888454011741683 0.08203125 0.7015655577299412 0.0751953125 0.7133072407045009
0 0.08984375 0.6369863013698629 0.1005859375 0.6399217221135028 0.1123046875 0.6320939334637965 0.1142578125 0.6223091976516634 0.109375 0.6125244618395304 0.09765625 0.6095890410958904 0.0869140625 0.6154598825831703 0.0849609375 0.6291585127201565 0.08984375 0.6369863013698629
0 0 0.7876712328767124 0.013671875 0.7847358121330724 0.0185546875 0.7749510763209393 0.0166015625 0.7641878669275929 0.0107421875 0.7592954990215264 0.0029296875 0.7592954990215264 0 0.7602739726027397 0 0.7876712328767124
0 0.0703125 0.8620352250489237 0.080078125 0.8620352250489237 0.0859375 0.8542074363992171 0.0869140625 0.8405088062622308 0.1025390625 0.8287671232876711 0.1015625 0.8199608610567515 0.08984375 0.809197651663405 0.0673828125 0.8101761252446182 0.0576171875 0.8170254403131114 0.060546875 0.8532289628180039 0.0703125 0.8620352250489237
0 0.2119140625 0.9324853228962817 0.220703125 0.9373776908023483 0.23046875 0.9363992172211351 0.236328125 0.9275929549902152 0.2333984375 0.9158512720156555 0.224609375 0.9099804305283756 0.2119140625 0.913894324853229 0.208984375 0.9197651663405088 0.2119140625 0.9324853228962817
0 0.2421875 0.9041095890410957 0.244140625 0.8943248532289628 0.240234375 0.8874755381604696 0.23046875 0.885518590998043 0.2236328125 0.8913894324853228 0.2255859375 0.9041095890410957 0.2421875 0.9041095890410957
0 0.34375 0.9471624266144814 0.349609375 0.9452054794520548 0.3623046875 0.9579256360078278 0.375 0.9559686888454012 0.380859375 0.9481409001956946 0.3798828125 0.9344422700587083 0.37109375 0.9275929549902152 0.3486328125 0.9246575342465754 0.3369140625 0.9324853228962817 0.3369140625 0.9422700587084147 0.34375 0.9471624266144814
0 0.470703125 0.9481409001956946 0.48046875 0.9500978473581213 0.486328125 0.9461839530332681 0.48828125 0.9383561643835616 0.4814453125 0.9266144814090019 0.4736328125 0.9266144814090019 0.466796875 0.933463796477495 0.4658203125 0.9422700587084147 0.470703125 0.9481409001956946
0 0.5087890625 0.7681017612524461 0.5263671875 0.7720156555772995 0.5400390625 0.7798434442270058 0.546875 0.7798434442270058 0.552734375 0.7749510763209393 0.560546875 0.7583170254403131 0.5595703125 0.7367906066536203 0.5498046875 0.7250489236790607 0.5302734375 0.7348336594911937 0.509765625 0.7367906066536203 0.501953125 0.7446183953033267 0.5009765625 0.7573385518590998 0.5087890625 0.7681017612524461
0 0.6279296875 0.6477495107632094 0.6240234375 0.6594911937377691 0.625 0.678082191780822 0.640625 0.6986301369863013 0.654296875 0.7035225048923679 0.666015625 0.7025440313111545 0.6787109375 0.6888454011741683 0.6865234375 0.6516634050880625 0.6796875 0.6389432485322896 0.6669921875 0.6281800391389433 0.650390625 0.5919765166340508 0.642578125 0.5831702544031311 0.62890625 0.5831702544031311 0.619140625 0.601761252446184 0.6162109375 0.6262230919765166 0.6279296875 0.6477495107632094
0 0.44921875 0.6741682974559686 0.474609375 0.678082191780822 0.4921875 0.6702544031311154 0.4990234375 0.678082191780822 0.4970703125 0.6966731898238747 0.5 0.7025440313111545 0.5048828125 0.7074363992172211 0.5126953125 0.7074363992172211 0.537109375 0.6937377690802349 0.5419921875 0.6663405088062622 0.5556640625 0.6487279843444227 0.556640625 0.6360078277886496 0.546875 0.6183953033268101 0.533203125 0.6056751467710371 0.5166015625 0.6007827788649707 0.5009765625 0.601761252446184 0.4990234375 0.611545988258317 0.4921875 0.6174168297455969 0.48046875 0.6174168297455969 0.466796875 0.6242661448140899 0.4501953125 0.649706457925636 0.4462890625 0.6634050880626223 0.44921875 0.6741682974559686
0 0.3388671875 0.5978473581213307 0.353515625 0.5880626223091976 0.3583984375 0.5792563600782779 0.3525390625 0.5704500978473581 0.34765625 0.5694716242661448 0.328125 0.5821917808219178 0.326171875 0.5909980430528375 0.3388671875 0.5978473581213307
0 0.337890625 0.6428571428571428 0.345703125 0.6418786692759295 0.349609375 0.6369863013698629 0.3486328125 0.6291585127201565 0.3427734375 0.6242661448140899 0.3349609375 0.6272015655577299 0.333984375 0.6389432485322896 0.337890625 0.6428571428571428
0 0.1884765625 0.6252446183953033 0.1962890625 0.6232876712328766 0.2041015625 0.6125244618395304 0.2041015625 0.6046966731898238 0.1982421875 0.598825831702544 0.1875 0.5998043052837574 0.1806640625 0.6076320939334637 0.1796875 0.6174168297455969 0.1884765625 0.6252446183953033
0 0.6640625 0.7544031311154599 0.685546875 0.7495107632093932 0.69140625 0.7416829745596869 0.689453125 0.7338551859099803 0.6767578125 0.726027397260274 0.6708984375 0.726027397260274 0.66015625 0.7377690802348337 0.6591796875 0.7465753424657533 0.6640625 0.7544031311154599
0 0.9658203125 0.601761252446184 0.9755859375 0.608610567514677 0.9814453125 0.6369863013698629 0.9873046875 0.6438356164383562 0.9990234375 0.6428571428571428 0.9990234375 0.5293542074363992 0.9892578125 0.5352250489236791 0.9765625 0.5557729941291585 0.974609375 0.5675146771037182 0.9638671875 0.5802348336594911 0.9638671875 0.595890410958904 0.9658203125 0.601761252446184
0 0.5087890625 0.8209393346379648 0.529296875 0.8150684931506849 0.5322265625 0.8062622309197651 0.5283203125 0.7974559686888454 0.5185546875 0.7925636007827788 0.5009765625 0.809197651663405 0.5009765625 0.8180039138943249 0.5087890625 0.8209393346379648
0 0.154296875 0.9990215264187867 0.158203125 0.9853228962818003 0.15625 0.9765166340508806 0.1474609375 0.9735812133072406 0.1376953125 0.9823874755381604 0.1376953125 0.9960861056751467 0.154296875 0.9990215264187867
0 0.24609375 0.9765166340508806 0.2578125 0.9833659491193737 0.2685546875 0.9814090019569471 0.2744140625 0.9706457925636007 0.2734375 0.9608610567514676 0.2568359375 0.9510763209393346 0.244140625 0.9549902152641877 0.2412109375 0.9667318982387474 0.24609375 0.9765166340508806