0 0.5458984375 0.03131115459882583 0.548828125 0.04500978473581213 0.564453125 0.05283757338551859 0.5771484375 0.04794520547945205 0.5888671875 0.021526418786692758 0.5888671875 0.009784735812133072 0.5830078125 0 0.5390625 0 0.5361328125 0.004892367906066536 0.537109375 0.018590998043052837 0.5458984375 0.03131115459882583
0 0.1259765625 0.5254403131115459 0.1396484375 0.5401174168297456 0.1513671875 0.5450097847358121 0.1611328125 0.5547945205479452 0.171875 0.5518590998043053 0.1865234375 0.557729941291585 0.24609375 0.6066536203522505 0.26171875 0.6076320939334637 0.26953125 0.6027397260273972 0.275390625 0.5743639921722112 0.29296875 0.5596868884540117 0.2900390625 0.5489236790606653 0.2822265625 0.5401174168297456 0.2841796875 0.5215264187866928 0.27734375 0.5117416829745596 0.267578125 0.5088062622309197 0.2626953125 0.50293542074364 0.26171875 0.4804305283757338 0.251953125 0.4667318982387475 0.2373046875 0.4637964774951076 0.2216796875 0.4804305283757338 0.2109375 0.4833659491193737 0.2041015625 0.47749510763209385 0.2041015625 0.46966731898238745 0.1943359375 0.4667318982387475 0.1728515625 0.4383561643835616 0.1640625 0.4383561643835616 0.158203125 0.44911937377690797 0.1689453125 0.5039138943248532 0.16796875 0.5117416829745596 0.154296875 0.5166340508806262 0.146484375 0.5146771037181995 0.12890625 0.4735812133072407 0.1171875 0.4716242661448141 0.1083984375 0.4804305283757338 0.1123046875 0.5009784735812133 0.1259765625 0.5254403131115459
0 0.08203125 0.423679060665362 0.1005859375 0.42759295499021527 0.13671875 0.4187866927592955 0.16796875 0.4217221135029354 0.19140625 0.40998043052837574 0.197265625 0.3659491193737769 0.19140625 0.3561643835616438 0.1826171875 0.3522504892367906 0.171875 0.35812133072407043 0.125 0.3610567514677104 0.1181640625 0.37181996086105673 0.1123046875 0.3659491193737769 0.095703125 0.3639921722113503 0.0751953125 0.37279843444227 0.0673828125 0.38747553816046965 0.0693359375 0.410958904109589 0.08203125 0.423679060665362
0 0.7197265625 0.4070450097847358 0.7255859375 0.41291585127201563 0.732421875 0.4148727984344422 0.74609375 0.40998043052837574 0.7685546875 0.423679060665362 0.7705078125 0.42857142857142855 0.7763671875 0.42857142857142855 0.783203125 0.41780821917808214 0.7958984375 0.41780821917808214 0.8203125 0.43542074363992167 0.833984375 0.4217221135029354 0.830078125 0.40019569471624267 0.8505859375 0.37279843444227 0.8564453125 0.34442270058708413 0.845703125 0.33463796477495106 0.80859375 0.3199608610567514 0.779296875 0.3385518590998043 0.7509765625 0.3639921722113503 0.7490234375 0.37084148727984345 0.7265625 0.38649706457925637 0.7197265625 0.398238747553816 0.7197265625 0.4070450097847358
0 0.712890625 0.5978473581213307 0.732421875 0.595890410958904 0.7451171875 0.5792563600782779 0.7578125 0.5704500978473581 0.767578125 0.5694716242661448 0.7919921875 0.5929549902152641 0.7978515625 0.6262230919765166 0.802734375 0.6330724070450098 0.80859375 0.6340508806262231 0.814453125 0.6301369863013698 0.8193359375 0.6154598825831703 0.8115234375 0.6027397260273972 0.8154296875 0.5939334637964775 0.828125 0.5900195694716242 0.8466796875 0.5753424657534246 0.859375 0.5772994129158512 0.865234375 0.5694716242661448 0.8828125 0.5645792563600782 0.8876953125 0.5596868884540117 0.8896484375 0.547945205479452 0.8784453125 0.5299755381604696 0.867107421875 0.5314579256360077 0.86069921875 0.5546722113502935 0.8572490234375 0.5408424657534245 0.85083984375 0.526518590998043 0.8404882812500001 0.514170254403131 0.8335869140625001 0.5067612524461839 0.8183056640625 0.5047857142857143 0.81640625 0.4911937377690802 0.8056640625 0.4735812133072407 0.7958984375 0.4726027397260274 0.7890625 0.47847358121330724 0.7841796875 0.4911937377690802 0.7900390625 0.5117416829745596 0.7822265625 0.5166340508806262 0.76171875 0.5489236790606653 0.7373046875 0.5459882583170254 0.7099609375 0.560665362035225 0.7060546875 0.5675146771037182 0.7041015625 0.5919765166340508 0.712890625 0.5978473581213307
0 0.755859375 0.7563600782778865 0.7646484375 0.7583170254403131 0.7724609375 0.7544031311154599 0.7744140625 0.7377690802348337 0.7705078125 0.7309197651663404 0.7578125 0.7299412915851271 0.7509765625 0.7348336594911937 0.75 0.7465753424657533 0.755859375 0.7563600782778865
0 0.4970703125 0.9060665362035225 0.5078125 0.9041095890410957 0.5244140625 0.8835616438356164 0.541015625 0.8825831702544031 0.546875 0.8767123287671232 0.54296875 0.8718199608610566 0.5400390625 0.8483365949119372 0.5263671875 0.8326810176125244 0.515625 0.8336594911937377 0.505859375 0.8444227005870841 0.484375 0.8512720156555773 0.4765625 0.8620352250489237 0.474609375 0.8874755381604696 0.4970703125 0.9060665362035225
0 0.6064453125 0.8698630136986301 0.62890625 0.8669275929549901 0.6455078125 0.8561643835616438 0.654296875 0.8444227005870841 0.6552734375 0.834637964774951 0.6484375 0.8140900195694716 0.634765625 0.8101761252446182 0.61328125 0.8170254403131114 0.59765625 0.8385518590998042 0.5966796875 0.8620352250489237 0.6064453125 0.8698630136986301
0 0.8232421875 0.8512720156555773 0.828125 0.8542074363992171 0.8388671875 0.8522504892367906 0.8447265625 0.8561643835616438 0.869140625 0.850293542074364 0.8798828125 0.834637964774951 0.875 0.8258317025440313 0.8427734375 0.812133072407045 0.8369140625 0.8131115459882583 0.8193359375 0.8297455968688844 0.818359375 0.8385518590998042 0.8232421875 0.8512720156555773
0 0.349609375 0.9677103718199609 0.3720703125 0.9706457925636007 0.3837890625 0.9882583170254403 0.396484375 0.987279843444227 0.400390625 0.9833659491193737 0.404296875 0.9667318982387474 0.416015625 0.9510763209393346 0.4169921875 0.9403131115459882 0.4140625 0.9256360078277887 0.40077246093749996 0.9157270058708414 0.3997861328125 0.9009099804305283 0.3935546875 0.8894324853228962 0.3759765625 0.8874755381604696 0.3642578125 0.8972602739726027 0.3564453125 0.9373776908023483 0.3466796875 0.9461839530332681 0.345703125 0.9598825831702543 0.349609375 0.9677103718199609
0 0.962890625 0.5401174168297456 0.98046875 0.5322896281800391 0.9814453125 0.5254403131115459 0.9677734375 0.49804305283757333 0.958984375 0.5009784735812133 0.953125 0.5088062622309197 0.955078125 0.5264187866927592 0.962890625 0.5401174168297456