0 0.65234375 0.2299412915851272 0.6572265625 0.25733855185909976 0.6806640625 0.27103718199608606 0.7021484375 0.2651663405088062 0.71484375 0.2700587084148728 0.72265625 0.2896281800391389 0.7412109375 0.3062622309197652 0.76171875 0.3013698630136986 0.77734375 0.2896281800391389 0.783203125 0.28180039138943247 0.783203125 0.2690802348336595 0.8359375 0.2563600782778865 0.8525390625 0.223091976516634 0.8515625 0.21037181996086102 0.837890625 0.19569471624266144 0.818359375 0.18199608610567514 0.765625 0.15851272015655576 0.76171875 0.15166340508806261 0.7294921875 0.12915851272015655 0.7158203125 0.12524461839530332 0.7119140625 0.11252446183953033 0.705078125 0.1076320939334638 0.6982421875 0.1076320939334638 0.6923828125 0.11252446183953033 0.6923828125 0.1223091976516634 0.7021484375 0.13209393346379647 0.7001953125 0.14774951076320939 0.6943359375 0.15166340508806261 0.685546875 0.14774951076320939 0.67578125 0.149706457925636 0.6630859375 0.1771037181996086 0.64453125 0.18786692759295498 0.6376953125 0.19863013698630136 0.63671875 0.20939334637964774 0.65234375 0.2299412915851272
0 0.4794921875 0.022504892367906065 0.490234375 0.05772994129158513 0.4873046875 0.06653620352250489 0.4892578125 0.07925636007827788 0.515625 0.12328767123287672 0.5263671875 0.12328767123287672 0.5322265625 0.11937377690802346 0.53515625 0.10567514677103718 0.53125 0.09980430528375733 0.54296875 0.09393346379647749 0.5517578125 0.09882583170254403 0.5546875 0.1086105675146771 0.5595703125 0.111545988258317 0.5810546875 0.11252446183953033 0.5947265625 0.1076320939334638 0.5986328125 0.08414872798434442 0.578125 0.046966731898238745 0.5693359375 0.021526418786692758 0.5673828125 0 0.4833984375 0 0.484375 0.009784735812133072 0.4794921875 0.022504892367906065
0 0.0283203125 0.5900195694716242 0.0390625 0.5998043052837574 0.0556640625 0.6046966731898238 0.0654296875 0.6027397260273972 0.07421875 0.595890410958904 0.08203125 0.5782778864970646 0.0810546875 0.5430528375733854 0.0712890625 0.538160469667319 0.064453125 0.5391389432485323 0.03125 0.5567514677103718 0.0263671875 0.5636007827788649 0.025390625 0.5841487279843445 0.0283203125 0.5900195694716242
0 0.1728515625 0.8238747553816047 0.1708984375 0.8483365949119372 0.1748046875 0.8659491193737768 0.1787109375 0.8688845401174168 0.22265625 0.8708414872798433 0.2421875 0.8796477495107631 0.2333984375 0.9197651663405088 0.24609375 0.9266144814090019 0.26171875 0.9256360078277887 0.26953125 0.9197651663405088 0.2685546875 0.885518590998043 0.275390625 0.8737769080234834 0.2939453125 0.87573385518591 0.3330078125 0.8659491193737768 0.3486328125 0.8493150684931507 0.359375 0.8170254403131114 0.3505859375 0.7974559686888454 0.3154296875 0.7778864970645791 0.306640625 0.7602739726027397 0.2763671875 0.7553816046966731 0.2548828125 0.7446183953033267 0.2333984375 0.74853228962818 0.2177734375 0.7573385518590998 0.2021484375 0.7827788649706457 0.1923828125 0.7857142857142857 0.181640625 0.7827788649706457 0.1748046875 0.7886497064579256 0.169921875 0.8033268101761252 0.16796875 0.8170254403131114 0.1728515625 0.8238747553816047
0 0.271484375 0.5812133072407045 0.29296875 0.5782778864970646 0.3056640625 0.5616438356164383 0.3203125 0.5743639921722112 0.3330078125 0.5704500978473581 0.3173828125 0.5547945205479452 0.3125 0.5342465753424658 0.287109375 0.5195694716242661 0.2763671875 0.5088062622309197 0.244140625 0.5058708414872799 0.236328125 0.5146771037181995 0.2373046875 0.5518590998043053 0.271484375 0.5812133072407045
0 0.494140625 0.6741682974559686 0.5234375 0.6839530332681016 0.544921875 0.6800391389432485 0.5595703125 0.6575342465753424 0.55859375 0.6438356164383562 0.5517578125 0.6360078277886496 0.529296875 0.6291585127201565 0.494140625 0.6369863013698629 0.486328125 0.6487279843444227 0.486328125 0.6614481409001957 0.494140625 0.6741682974559686
0 0.408203125 0.885518590998043 0.4228515625 0.9109589041095889 0.4453125 0.9354207436399216 0.4677734375 0.9354207436399216 0.4775390625 0.9275929549902152 0.4755859375 0.9119373776908024 0.4638671875 0.9050880626223092 0.4638671875 0.8874755381604696 0.4794921875 0.885518590998043 0.4853515625 0.8688845401174168 0.484375 0.8561643835616438 0.4765625 0.8444227005870841 0.4501953125 0.8395303326810175 0.4423828125 0.8444227005870841 0.435546875 0.863013698630137 0.4208984375 0.8669275929549901 0.400390625 0.8571428571428571 0.3916015625 0.863013698630137 0.3916015625 0.8718199608610566 0.408203125 0.885518590998043
0 0.5263671875 0.9481409001956946 0.54296875 0.9549902152641877 0.5595703125 0.9726027397260273 0.576171875 0.9735812133072406 0.58203125 0.9637964774951076 0.5869140625 0.9363992172211351 0.5791015625 0.9099804305283756 0.5712890625 0.8992172211350293 0.55859375 0.892367906066536 0.544921875 0.8933463796477495 0.51953125 0.9266144814090019 0.51953125 0.9383561643835616 0.5263671875 0.9481409001956946
0 0.6015625 0.7798434442270058 0.619140625 0.7808219178082191 0.626953125 0.7749510763209393 0.6279296875 0.7632093933463796 0.62109375 0.7534246575342466 0.60546875 0.74853228962818 0.59375 0.7583170254403131 0.5927734375 0.7720156555772995 0.6015625 0.7798434442270058
0 0.775390625 0.7925636007827788 0.8037109375 0.7788649706457925 0.8046875 0.7641878669275929 0.7978515625 0.7573385518590998 0.7890625 0.7573385518590998 0.76953125 0.7651663405088062 0.763671875 0.773972602739726 0.7646484375 0.7857142857142857 0.775390625 0.7925636007827788
0 0.7822265625 0.5772994129158512 0.810546875 0.595890410958904 0.83203125 0.5919765166340508 0.8408203125 0.586105675146771 0.8486328125 0.5684931506849316 0.8486328125 0.5596868884540117 0.8427734375 0.5499021526418787 0.8046875 0.5283757338551859 0.78125 0.5283757338551859 0.77734375 0.5332681017612524 0.7763671875 0.5694716242661448 0.7822265625 0.5772994129158512