0 0.23046875 0.5821917808219178 0.2587890625 0.6399217221135028 0.2724609375 0.6516634050880625 0.2900390625 0.6545988258317025 0.30859375 0.6467710371819961 0.33203125 0.6281800391389433 0.345703125 0.6066536203522505 0.3505859375 0.5704500978473581 0.341796875 0.5430528375733854 0.3037109375 0.5215264187866928 0.2900390625 0.5156555772994129 0.2646484375 0.5185909980430529 0.236328125 0.5362035225048923 0.228515625 0.550880626223092 0.2255859375 0.5645792563600782 0.23046875 0.5821917808219178
0 0.57421875 0.22407045009784735 0.607421875 0.2583170254403131 0.6259765625 0.25929549902152643 0.6435546875 0.2534246575342466 0.654296875 0.2671232876712329 0.66796875 0.2729941291585127 0.6748046875 0.26810176125244617 0.677734375 0.25929549902152643 0.67578125 0.24755381604696672 0.6640625 0.23581213307240706 0.6455078125 0.22602739726027393 0.640625 0.1908023483365949 0.6162109375 0.17318982387475537 0.6064453125 0.15753424657534246 0.5947265625 0.15949119373776907 0.5859375 0.18199608610567514 0.57421875 0.19569471624266144 0.5703125 0.2054794520547945 0.57421875 0.22407045009784735
0 0.63671875 0.5675146771037182 0.6474609375 0.5743639921722112 0.6650390625 0.5743639921722112 0.6767578125 0.5626223091976517 0.6806640625 0.5401174168297456 0.6875 0.5254403131115459 0.685546875 0.5136986301369862 0.673828125 0.50293542074364 0.66015625 0.5048923679060665 0.640625 0.5225048923679061 0.6318359375 0.5391389432485323 0.630859375 0.557729941291585 0.63671875 0.5675146771037182
0 0.306640625 0.5195694716242661 0.3388671875 0.5088062622309197 0.3466796875 0.49804305283757333 0.34765625 0.4843444227005871 0.3408203125 0.47651663405088057 0.3271484375 0.47651663405088057 0.314453125 0.4833659491193737 0.2939453125 0.5088062622309197 0.2958984375 0.5156555772994129 0.306640625 0.5195694716242661
0 0.22265625 0.4295499021526418 0.232421875 0.4403131115459883 0.26171875 0.44422700587084146 0.26953125 0.4403131115459883 0.2919921875 0.4393346379647749 0.2958984375 0.4344422700587084 0.298828125 0.4246575342465754 0.2802734375 0.37181996086105673 0.2685546875 0.3542074363992172 0.2568359375 0.3522504892367906 0.24609375 0.35812133072407043 0.2236328125 0.38062622309197647 0.2197265625 0.39041095890410954 0.21875 0.41780821917808214 0.22265625 0.4295499021526418
0 0.5078125 0.700587084148728 0.5166015625 0.7015655577299412 0.525390625 0.6956947162426614 0.525390625 0.6839530332681016 0.5185546875 0.6761252446183953 0.5078125 0.6771037181996086 0.5029296875 0.6829745596868884 0.5029296875 0.6937377690802349 0.5078125 0.700587084148728
0 0.4990234375 0.8003913894324853 0.5068359375 0.8131115459882583 0.5205078125 0.8268101761252445 0.552734375 0.8317025440313112 0.5673828125 0.824853228962818 0.595703125 0.7954990215264187 0.6025390625 0.773972602739726 0.5966796875 0.7504892367906066 0.6025390625 0.7446183953033267 0.603515625 0.7367906066536203 0.5927734375 0.7279843444227005 0.58203125 0.7318982387475538 0.5673828125 0.7240704500978473 0.546875 0.723091976516634 0.5146484375 0.738747553816047 0.4970703125 0.7592954990215264 0.494140625 0.7808219178082191 0.4990234375 0.8003913894324853
0 0.634765625 0.8101761252446182 0.6474609375 0.809197651663405 0.654296875 0.8033268101761252 0.6484375 0.786692759295499 0.630859375 0.783757338551859 0.619140625 0.7876712328767124 0.6181640625 0.7994129158512719 0.634765625 0.8101761252446182
0 0.6650390625 0.8708414872798433 0.67578125 0.8708414872798433 0.6826171875 0.8659491193737768 0.685546875 0.8551859099804305 0.6767578125 0.8444227005870841 0.6669921875 0.8444227005870841 0.6591796875 0.850293542074364 0.6572265625 0.8590998043052837 0.6650390625 0.8708414872798433
0 0.6884765625 0.10078277886497064 0.697265625 0.10176125244618395 0.7041015625 0.09197651663405088 0.69921875 0.0675146771037182 0.6845703125 0.05675146771037182 0.67578125 0.060665362035225046 0.6787109375 0.09099804305283757 0.6884765625 0.10078277886497064
0 0.751953125 0.13111545988258316 0.7646484375 0.1379647749510763 0.779296875 0.1379647749510763 0.7880859375 0.12720156555772993 0.791015625 0.111545988258317 0.802734375 0.09882583170254403 0.80078125 0.09393346379647749 0.8193359375 0.05968688845401173 0.8193359375 0.04892367906066536 0.8115234375 0.02837573385518591 0.833984375 0.019569471624266144 0.8349609375 0.007827788649706457 0.826171875 0 0.7822265625 0 0.765625 0.010763209393346379 0.75 0.029354207436399216 0.724609375 0.04207436399217221 0.7265625 0.09882583170254403 0.751953125 0.13111545988258316
0 0.7099609375 0.6125244618395304 0.7451171875 0.6135029354207436 0.76171875 0.6027397260273972 0.765625 0.5890410958904109 0.7646484375 0.5743639921722112 0.7587890625 0.5665362035225049 0.7451171875 0.5645792563600782 0.736328125 0.5401174168297456 0.7197265625 0.538160469667319 0.7138671875 0.5469667318982387 0.703125 0.550880626223092 0.693359375 0.5645792563600782 0.6923828125 0.5919765166340508 0.7099609375 0.6125244618395304
0 0.755859375 0.6741682974559686 0.76171875 0.6790606653620352 0.794921875 0.6702544031311154 0.822265625 0.6702544031311154 0.828125 0.6643835616438356 0.8271484375 0.6555772994129158 0.8076171875 0.6301369863013698 0.79296875 0.6223091976516634 0.7568359375 0.6223091976516634 0.7490234375 0.6330724070450098 0.74609375 0.6526418786692758 0.755859375 0.6741682974559686
0 0.638671875 0.6467710371819961 0.6640625 0.6487279843444227 0.6689453125 0.6438356164383562 0.6689453125 0.6281800391389433 0.640625 0.6232876712328766 0.6328125 0.6291585127201565 0.6318359375 0.6399217221135028 0.638671875 0.6467710371819961