0 0.5185546875 0.7407045009784736 0.525390625 0.74853228962818 0.546875 0.7602739726027397 0.5712890625 0.7602739726027397 0.5849609375 0.7563600782778865 0.6083984375 0.7221135029354208 0.607421875 0.7084148727984344 0.595703125 0.678082191780822 0.587890625 0.6682974559686887 0.5712890625 0.6604696673189824 0.5419921875 0.6565557729941291 0.51171875 0.6810176125244618 0.505859375 0.6956947162426614 0.505859375 0.7103718199608611 0.5185546875 0.7407045009784736
0 0.13671875 0.38551859099804303 0.146484375 0.3933463796477495 0.1611328125 0.3972602739726027 0.17578125 0.4138943248532289 0.1943359375 0.4138943248532289 0.205078125 0.40117416829745595 0.2001953125 0.3835616438356164 0.1826171875 0.37084148727984345 0.1708984375 0.37181996086105673 0.1513671875 0.36203522504892366 0.142578125 0.36203522504892366 0.1357421875 0.3679060665362035 0.1337890625 0.3796477495107632 0.13671875 0.38551859099804303
0 0.1982421875 0.4187866927592955 0.2021484375 0.423679060665362 0.2099609375 0.42563600782778865 0.212890625 0.4246575342465754 0.216796875 0.4217221135029354 0.21875 0.41682974559686886 0.21875 0.410958904109589 0.216796875 0.4070450097847358 0.2158203125 0.4070450097847358 0.2138671875 0.4050880626223091 0.2138671875 0.40410958904109584 0.212890625 0.40410958904109584 0.208984375 0.40019569471624267 0.2060546875 0.40117416829745595 0.203125 0.40410958904109584 0.2021484375 0.4070450097847358 0.19921875 0.40998043052837574 0.1982421875 0.41193737769080235 0.1982421875 0.4187866927592955
0 0.3095703125 0.5371819960861057 0.310546875 0.5401174168297456 0.3115234375 0.5420743639921721 0.3173828125 0.547945205479452 0.3193359375 0.5489236790606653 0.32421875 0.5489236790606653 0.328125 0.5469667318982387 0.3359375 0.5401174168297456 0.3369140625 0.5401174168297456 0.3388671875 0.5371819960861057 0.3388671875 0.5322896281800391 0.337890625 0.5303326810176124 0.333984375 0.5254403131115459 0.3330078125 0.5254403131115459 0.328125 0.5215264187866928 0.3251953125 0.5205479452054794 0.3193359375 0.5205479452054794 0.314453125 0.5225048923679061 0.310546875 0.5273972602739725 0.3095703125 0.5303326810176124 0.3095703125 0.5371819960861057
0 0.1572265625 0.512720156555773 0.1611328125 0.5166340508806262 0.185546875 0.5244618395303327 0.1865234375 0.5293542074363992 0.189453125 0.5313111545988258 0.19140625 0.5362035225048923 0.19921875 0.5401174168297456 0.2099609375 0.5352250489236791 0.2099609375 0.5058708414872799 0.2138671875 0.48727984344422703 0.2060546875 0.47064579256360073 0.203125 0.46868884540117417 0.193359375 0.46868884540117417 0.1884765625 0.47064579256360073 0.1787109375 0.4667318982387475 0.1689453125 0.4735812133072407 0.1533203125 0.4755381604696673 0.150390625 0.4794520547945205 0.1494140625 0.4960861056751467 0.1572265625 0.512720156555773
0 0.2177734375 0.6741682974559686 0.220703125 0.6819960861056751 0.23046875 0.6927592954990215 0.2412109375 0.6937377690802349 0.2509765625 0.6888454011741683 0.259765625 0.675146771037182 0.2607421875 0.6722113502935421 0.2607421875 0.6634050880626223 0.259765625 0.6614481409001957 0.244140625 0.6516634050880625 0.240234375 0.6506849315068493 0.23046875 0.6516634050880625 0.220703125 0.6604696673189824 0.2177734375 0.6663405088062622 0.2177734375 0.6741682974559686
0 0.296875 0.6418786692759295 0.298828125 0.6457925636007827 0.3037109375 0.6506849315068493 0.3095703125 0.6526418786692758 0.3134765625 0.6526418786692758 0.3154296875 0.6516634050880625 0.3212890625 0.6438356164383562 0.3212890625 0.6369863013698629 0.3193359375 0.6330724070450098 0.314453125 0.6281800391389433 0.3076171875 0.6252446183953033 0.3046875 0.6252446183953033 0.30078125 0.6272015655577299 0.2978515625 0.6311154598825832 0.296875 0.6340508806262231 0.296875 0.6418786692759295
0 0.6786826171875 0.3148336594911937 0.68583203125 0.3200616438356164 0.68370703125 0.32741976516634047 0.6865234375 0.33463796477495106 0.6982421875 0.34833659491193736 0.6943359375 0.3590998043052837 0.6962890625 0.37279843444227 0.7099609375 0.3825831702544031 0.7236328125 0.3786692759295499 0.7314453125 0.36692759295499017 0.736462890625 0.3589804305283757 0.7431640625 0.36497064579256355 0.76171875 0.36888454011741684 0.77734375 0.36692759295499017 0.787109375 0.3610567514677104 0.8037109375 0.3336594911937377 0.8046875 0.30528375733855184 0.8193359375 0.2974559686888454 0.8310546875 0.299412915851272 0.853515625 0.32093933463796476 0.8701171875 0.3199608610567514 0.8759765625 0.30724070450097846 0.8720703125 0.29354207436399216 0.8388671875 0.23874755381604693 0.8232421875 0.22504892367906065 0.8115234375 0.22211350293542073 0.798828125 0.22407045009784735 0.783203125 0.23483365949119372 0.7666015625 0.2632093933463796 0.76171875 0.2632093933463796 0.7490234375 0.24853228962818003 0.736328125 0.24657534246575344 0.7294921875 0.25440313111545987 0.7314453125 0.27690802348336596 0.7275390625 0.2837573385518591 0.7177734375 0.2857142857142857 0.7060546875 0.2759295499021526 0.6962890625 0.27495107632093935 0.6767578125 0.29158512720156554 0.67578125 0.30724070450097846 0.6786826171875 0.3148336594911937
0 0.9521484375 0.3522504892367906 0.9560546875 0.3522504892367906 0.958984375 0.34931506849315064 0.958984375 0.34540117416829746 0.9580078125 0.34442270058708413 0.9560546875 0.3434442270058708 0.955078125 0.34442270058708413 0.9521484375 0.34442270058708413 0.951171875 0.34540117416829746 0.9501953125 0.34833659491193736 0.9521484375 0.3522504892367906
0 0.2177734375 0.34931506849315064 0.2265625 0.3561643835616438 0.23828125 0.3532289628180039 0.244140625 0.3405088062622309 0.2412109375 0.32583170254403127 0.2216796875 0.3013698630136986 0.212890625 0.299412915851272 0.205078125 0.3062622309197652 0.205078125 0.3219178082191781 0.2177734375 0.34931506849315064
0 0.2890625 0.33463796477495106 0.29296875 0.337573385518591 0.3154296875 0.3405088062622309 0.33203125 0.3385518590998043 0.33984375 0.33072407045009783 0.3408203125 0.3268101761252446 0.33984375 0.32093933463796476 0.3330078125 0.3150684931506849 0.328125 0.30332681017612523 0.322265625 0.2984344422700587 0.310546875 0.29549902152641877 0.2998046875 0.29647749510763205 0.291015625 0.3043052837573385 0.2861328125 0.31213307240704496 0.28515625 0.324853228962818 0.2890625 0.33463796477495106
0 0.142578125 0.35300880626223086 0.1435546875 0.3559442270058708 0.146484375 0.3559442270058708 0.1474609375 0.3569227005870841 0.1552734375 0.3559442270058708 0.1611328125 0.35887964774951076 0.166015625 0.36377201565557726 0.166015625 0.3657289628180039 0.16796875 0.36866438356164377 0.171875 0.36866438356164377 0.1748046875 0.3676859099804305 0.1767578125 0.3657289628180039 0.1787109375 0.36181506849315065 0.177734375 0.3608365949119373 0.177734375 0.3539872798434442 0.17578125 0.3490949119373776 0.1728515625 0.34615949119373773 0.1689453125 0.3442025440313111 0.1627412109375 0.34327299412915846 0.157693359375 0.34349217221135026 0.15220703125 0.3426125244618395 0.1474609375 0.3422455968688845 0.1455078125 0.34322407045009784 0.1435546875 0.34615949119373773 0.142578125 0.34811643835616435 0.142578125 0.35300880626223086