0 0.408203125 0.12524461839530332 0.41796875 0.11545988258317026 0.416015625 0.09686888454011741 0.4130859375 0.09295499021526418 0.4033203125 0.09197651663405088 0.396484375 0.09784735812133072 0.396484375 0.11741682974559686 0.408203125 0.12524461839530332
0 0.6904296875 0.33268101761252444 0.6962890625 0.3542074363992172 0.6904296875 0.37573385518590996 0.7001953125 0.38454011741682975 0.716796875 0.3796477495107632 0.72265625 0.37279843444227 0.72265625 0.36692759295499017 0.7333984375 0.36007827788649704 0.759765625 0.3277886497064579 0.759765625 0.3131115459882583 0.75390625 0.299412915851272 0.740234375 0.28180039138943247 0.7314453125 0.27788649706457924 0.712890625 0.28082191780821913 0.69921875 0.30039138943248533 0.68359375 0.3023483365949119 0.6787109375 0.3082191780821918 0.6787109375 0.31702544031311153 0.6904296875 0.33268101761252444
0 0.6337890625 0.2720156555772994 0.654296875 0.273972602739726 0.673828125 0.2622309197651663 0.669921875 0.24363992172211352 0.654296875 0.23091976516634052 0.63671875 0.2299412915851272 0.6220703125 0.2446183953033268 0.62109375 0.25929549902152643 0.6337890625 0.2720156555772994
0 0.5166015625 0.44227005870841485 0.533203125 0.44911937377690797 0.544921875 0.4403131115459883 0.5576171875 0.41193737769080235 0.5498046875 0.40117416829745595 0.5361328125 0.40117416829745595 0.5302734375 0.40410958904109584 0.5263671875 0.41682974559686886 0.517578125 0.423679060665362 0.5146484375 0.42857142857142855 0.5166015625 0.44227005870841485
0 0.7041015625 0.5440313111545988 0.7109375 0.5459882583170254 0.716796875 0.5430528375733854 0.720703125 0.5362035225048923 0.7177734375 0.5264187866927592 0.7021484375 0.5254403131115459 0.7001953125 0.5362035225048923 0.7041015625 0.5440313111545988
0 0.767578125 0.5176125244618395 0.77734375 0.5254403131115459 0.787109375 0.5225048923679061 0.7939453125 0.50293542074364 0.791015625 0.4911937377690802 0.78515625 0.48727984344422703 0.771484375 0.49021526418786693 0.76171875 0.48727984344422703 0.7587890625 0.4911937377690802 0.7578125 0.49804305283757333 0.767578125 0.5176125244618395
0 0.7255859375 0.8013698630136986 0.7373046875 0.7984344422700587 0.7626953125 0.8043052837573385 0.783203125 0.8238747553816047 0.7919921875 0.8483365949119372 0.8076171875 0.8727984344422699 0.826171875 0.8904109589041095 0.8466796875 0.9021526418786692 0.85546875 0.913894324853229 0.869140625 0.9158512720156555 0.87109375 0.9011741682974559 0.8603515625 0.8864970645792564 0.8544921875 0.8659491193737768 0.83203125 0.8365949119373777 0.802734375 0.8170254403131114 0.7958984375 0.7994129158512719 0.77734375 0.7818003913894325 0.7578125 0.7720156555772995 0.7490234375 0.7729941291585127 0.73046875 0.7602739726027397 0.7197265625 0.7651663405088062 0.7197265625 0.796477495107632 0.7255859375 0.8013698630136986
0 0.5810546875 0.8679060665362035 0.591796875 0.8659491193737768 0.5966796875 0.8590998043052837 0.5927734375 0.8395303326810175 0.5849609375 0.8326810176125244 0.5732421875 0.8385518590998042 0.57421875 0.8620352250489237 0.5810546875 0.8679060665362035
0 0.40625 0.8424657534246576 0.421875 0.8454011741682974 0.439453125 0.834637964774951 0.4462890625 0.8052837573385518 0.4384765625 0.7925636007827788 0.42578125 0.7954990215264187 0.40625 0.7925636007827788 0.3974609375 0.7974559686888454 0.3916015625 0.812133072407045 0.3935546875 0.8326810176125244 0.40625 0.8424657534246576
0 0.9521484375 0.5430528375733854 0.9619140625 0.5430528375733854 0.98046875 0.5283757338551859 0.98046875 0.5185909980430529 0.9736328125 0.5107632093933463 0.9560546875 0.5068493150684932 0.9462890625 0.5146771037181995 0.9453125 0.5293542074363992 0.9521484375 0.5430528375733854
0 0.138671875 0.5401174168297456 0.166015625 0.5401174168297456 0.173828125 0.5322896281800391 0.1748046875 0.5244618395303327 0.1806640625 0.5215264187866928 0.201171875 0.5401174168297456 0.212890625 0.5420743639921721 0.234375 0.5156555772994129 0.2373046875 0.5039138943248532 0.224609375 0.4726027397260274 0.216796875 0.4657534246575342 0.2060546875 0.4657534246575342 0.1953125 0.46868884540117417 0.1826171875 0.4833659491193737 0.166015625 0.47064579256360073 0.1494140625 0.4726027397260274 0.142578125 0.48140900195694714 0.140625 0.4931506849315069 0.123046875 0.5058708414872799 0.123046875 0.5146771037181995 0.138671875 0.5401174168297456
0 0.8544921875 0.8434442270058709 0.859375 0.847358121330724 0.8701171875 0.847358121330724 0.8759765625 0.837573385518591 0.873046875 0.8180039138943249 0.86328125 0.8101761252446182 0.8525390625 0.8150684931506849 0.8505859375 0.8287671232876711 0.8544921875 0.8434442270058709
0 0.96484375 0.9853228962818003 0.9697265625 0.9863013698630138 0.9794921875 0.9735812133072406 0.9736328125 0.9686888454011742 0.96484375 0.9696673189823874 0.9609375 0.9784735812133072 0.96484375 0.9853228962818003
0 0.84765625 0.9911937377690802 0.85546875 0.9911937377690802 0.859375 0.984344422700587 0.8564453125 0.9706457925636007 0.8447265625 0.9628180039138943 0.8369140625 0.9677103718199609 0.8369140625 0.9804305283757339 0.84765625 0.9911937377690802
0 0.958984375 0.9990215264187867 0.95703125 0.9765166340508806 0.94921875 0.971624266144814 0.9443359375 0.9765166340508806 0.9453125 0.9990215264187867 0.958984375 0.9990215264187867