0 0.4951171875 0.5440313111545988 0.515625 0.5547945205479452 0.525390625 0.5655577299412916 0.537109375 0.5675146771037182 0.54296875 0.5665362035225049 0.556640625 0.5538160469667319 0.5693359375 0.5283757338551859 0.5810546875 0.5156555772994129 0.5859375 0.50293542074364 0.5859375 0.4892367906066536 0.5771484375 0.47749510763209385 0.5537109375 0.47847358121330724 0.55078125 0.46966731898238745 0.54296875 0.4637964774951076 0.5224609375 0.4667318982387475 0.5 0.4647749510763209 0.4873046875 0.4735812133072407 0.4765625 0.49706457925636005 0.4775390625 0.5156555772994129 0.4951171875 0.5440313111545988
0 0.275390625 0.5596868884540117 0.2900390625 0.5704500978473581 0.3134765625 0.5694716242661448 0.3251953125 0.5557729941291585 0.32421875 0.5371819960861057 0.3173828125 0.5234833659491194 0.2861328125 0.5048923679060665 0.2724609375 0.5058708414872799 0.2578125 0.5273972602739725 0.26171875 0.5430528375733854 0.275390625 0.5596868884540117
0 0.115234375 0.809197651663405 0.125 0.8131115459882583 0.1396484375 0.809197651663405 0.14453125 0.8013698630136986 0.1455078125 0.7886497064579256 0.1357421875 0.773972602739726 0.123046875 0.7729941291585127 0.111328125 0.7827788649706457 0.109375 0.796477495107632 0.115234375 0.809197651663405
0 0.177734375 0.821917808219178 0.189453125 0.8238747553816047 0.1982421875 0.8180039138943249 0.2021484375 0.8033268101761252 0.1943359375 0.7925636007827788 0.181640625 0.7915851272015655 0.1708984375 0.8003913894324853 0.169921875 0.8101761252446182 0.177734375 0.821917808219178
0 0.5927734375 0.162426614481409 0.6064453125 0.16144814090019569 0.6259765625 0.14774951076320939 0.6240234375 0.1379647749510763 0.6142578125 0.13111545988258316 0.6103515625 0.11839530332681017 0.6015625 0.11252446183953033 0.591796875 0.11545988258317026 0.583984375 0.13013698630136986 0.5830078125 0.1506849315068493 0.5927734375 0.162426614481409
0 0.6787109375 0.3933463796477495 0.6923828125 0.4070450097847358 0.7197265625 0.41193737769080235 0.7373046875 0.40998043052837574 0.7548828125 0.41682974559686886 0.7783203125 0.40802348336594907 0.7939453125 0.3933463796477495 0.8037109375 0.37279843444227 0.798828125 0.36203522504892366 0.8056640625 0.34442270058708413 0.818359375 0.3277886497064579 0.8017578125 0.31409001956947163 0.78125 0.3219178082191781 0.748046875 0.30724070450097846 0.7197265625 0.30919765166340507 0.705078125 0.31213307240704496 0.6865234375 0.3238747553816047 0.6728515625 0.34442270058708413 0.673828125 0.3816046966731898 0.6787109375 0.3933463796477495
0 0.37890625 0.15851272015655576 0.3857421875 0.15753424657534246 0.3974609375 0.136986301369863 0.3974609375 0.12622309197651663 0.384765625 0.1223091976516634 0.3701171875 0.12915851272015655 0.37109375 0.15362035225048923 0.37890625 0.15851272015655576
0 0.9267578125 0.4187866927592955 0.921875 0.4324853228962818 0.9345703125 0.43737769080234834 0.9560546875 0.46086105675146766 0.970703125 0.4598825831702544 0.9990234375 0.4393346379647749 0.9990234375 0.38551859099804303 0.9619140625 0.3953033268101761 0.951171875 0.3825831702544031 0.9345703125 0.37573385518590996 0.927734375 0.37573385518590996 0.9228515625 0.3825831702544031 0.921875 0.3972602739726027 0.9267578125 0.4187866927592955
0 0.4990234375 0.5812133072407045 0.5205078125 0.5909980430528375 0.5283203125 0.5880626223091976 0.53125 0.5812133072407045 0.529296875 0.573385518590998 0.5068359375 0.560665362035225 0.49609375 0.5636007827788649 0.4931640625 0.5743639921722112 0.4990234375 0.5812133072407045
0 0.5009765625 0.8317025440313112 0.529296875 0.8258317025440313 0.5361328125 0.8209393346379648 0.5361328125 0.8140900195694716 0.53125 0.809197651663405 0.51171875 0.8062622309197651 0.494140625 0.8199608610567515 0.4951171875 0.8277886497064578 0.5009765625 0.8317025440313112
0 0.0048828125 0.0557729941291585 0.0205078125 0.046966731898238745 0.021484375 0.03913894324853229 0.001953125 0.019569471624266144 0 0.0547945205479452 0.0048828125 0.0557729941291585
0 0.333984375 0.37573385518590996 0.333984375 0.38649706457925637 0.3447265625 0.38649706457925637 0.3603515625 0.3590998043052837 0.359375 0.3473581213307241 0.349609375 0.337573385518591 0.3388671875 0.337573385518591 0.330078125 0.33268101761252444 0.322265625 0.3336594911937377 0.3173828125 0.3405088062622309 0.3203125 0.3610567514677104 0.333984375 0.37573385518590996
0 0.833984375 0.7025440313111545 0.8447265625 0.6996086105675146 0.8466796875 0.6927592954990215 0.8427734375 0.684931506849315 0.8330078125 0.6771037181996086 0.828125 0.6810176125244618 0.828125 0.6986301369863013 0.833984375 0.7025440313111545