0 0.39453125 0.3835616438356164 0.390625 0.3962818003913894 0.3984375 0.4050880626223091 0.4296875 0.410958904109589 0.5 0.40019569471624267 0.5185546875 0.410958904109589 0.5263671875 0.40998043052837574 0.533203125 0.40802348336594907 0.5419921875 0.3962818003913894 0.5693359375 0.3884540117416829 0.5888671875 0.3943248532289628 0.6015625 0.39041095890410954 0.609375 0.3796477495107632 0.61328125 0.3610567514677104 0.6435546875 0.33170254403131116 0.646484375 0.3023483365949119 0.642578125 0.29452054794520544 0.6318359375 0.29060665362035226 0.619140625 0.29647749510763205 0.6103515625 0.31017612524461835 0.5869140625 0.31213307240704496 0.5751953125 0.324853228962818 0.560546875 0.3199608610567514 0.5458984375 0.3013698630136986 0.52734375 0.2974559686888454 0.51953125 0.3082191780821918 0.5078125 0.31017612524461835 0.4912109375 0.30528375733855184 0.474609375 0.30919765166340507 0.466796875 0.3131115459882583 0.447265625 0.33561643835616434 0.4296875 0.3434442270058708 0.4091796875 0.337573385518591 0.396484375 0.3434442270058708 0.392578125 0.34931506849315064 0.3896484375 0.3679060665362035 0.39453125 0.3835616438356164
0 0.3271484375 0.27984344422700586 0.3515625 0.27788649706457924 0.3701171875 0.2720156555772994 0.37890625 0.26418786692759294 0.3818359375 0.2534246575342466 0.3779296875 0.2328767123287671 0.3720703125 0.22407045009784735 0.349609375 0.2328767123287671 0.333984375 0.23091976516634052 0.322265625 0.23874755381604693 0.3095703125 0.24070450097847357 0.3037109375 0.24853228962818003 0.3056640625 0.2651663405088062 0.3271484375 0.27984344422700586
0 0.1787109375 0.3131115459882583 0.19140625 0.3150684931506849 0.2060546875 0.30528375733855184 0.2080078125 0.29158512720156554 0.2001953125 0.28082191780821913 0.185546875 0.27788649706457924 0.173828125 0.2857142857142857 0.171875 0.299412915851272 0.1787109375 0.3131115459882583
0 0.2490234375 0.4833659491193737 0.240234375 0.5 0.244140625 0.5136986301369862 0.2548828125 0.5156555772994129 0.2607421875 0.5107632093933463 0.275390625 0.5166340508806262 0.2822265625 0.5156555772994129 0.30859375 0.4804305283757338 0.3134765625 0.4500978473581213 0.3115234375 0.44227005870841485 0.3017578125 0.43737769080234834 0.2880859375 0.4393346379647749 0.2685546875 0.42759295499021527 0.2509765625 0.4227005870841487 0.2421875 0.423679060665362 0.2353515625 0.43737769080234834 0.236328125 0.4589041095890411 0.2490234375 0.4833659491193737
0 0.2783203125 0.5665362035225049 0.2861328125 0.5724070450097847 0.3017578125 0.573385518590998 0.3115234375 0.5626223091976517 0.3125 0.5499021526418787 0.337890625 0.5322896281800391 0.3388671875 0.5215264187866928 0.326171875 0.5156555772994129 0.302734375 0.5166340508806262 0.275390625 0.5420743639921721 0.2744140625 0.5587084148727983 0.2783203125 0.5665362035225049
0 0.6552734375 0.4060665362035225 0.65625 0.41780821917808214 0.6650390625 0.42661448140900193 0.671875 0.42857142857142855 0.6884765625 0.4217221135029354 0.7041015625 0.40410958904109584 0.6953125 0.38062622309197647 0.6953125 0.36497064579256355 0.677734375 0.34637964774951074 0.66796875 0.34540117416829746 0.6611328125 0.35127201565557725 0.6474609375 0.3786692759295499 0.646484375 0.39041095890410954 0.6552734375 0.4060665362035225
0 0.7373046875 0.2279843444227006 0.7568359375 0.2318982387475538 0.7724609375 0.24070450097847357 0.779296875 0.23972602739726026 0.79296875 0.21428571428571427 0.79296875 0.17906066536203522 0.7841796875 0.16536203522504891 0.7724609375 0.15753424657534246 0.74609375 0.16046966731898238 0.73046875 0.18003913894324852 0.732421875 0.21428571428571427 0.7373046875 0.2279843444227006
0 0.4033203125 0.01761252446183953 0.416015625 0.022504892367906065 0.4345703125 0.015655577299412915 0.4365234375 0 0.4013671875 0 0.4033203125 0.01761252446183953
0 0.50390625 0.07240704500978473 0.513671875 0.07632093933463796 0.525390625 0.07436399217221135 0.525390625 0.046966731898238745 0.51953125 0.040117416829745595 0.494140625 0.03131115459882583 0.482421875 0.0410958904109589 0.482421875 0.04892367906066536 0.50390625 0.07240704500978473
0 0.8740234375 0.5048923679060665 0.884765625 0.512720156555773 0.8935546875 0.5107632093933463 0.9013671875 0.5019569471624266 0.908203125 0.47651663405088057 0.904296875 0.4637964774951076 0.900390625 0.4589041095890411 0.892578125 0.45792563600782776 0.8876953125 0.4677103718199608 0.873046875 0.47064579256360073 0.87109375 0.4755381604696673 0.8701171875 0.49510763209393344 0.8740234375 0.5048923679060665
0 0.4326171875 0.6761252446183953 0.4384765625 0.6712328767123287 0.44140625 0.6575342465753424 0.4365234375 0.649706457925636 0.4248046875 0.6487279843444227 0.419921875 0.6585127201565557 0.4228515625 0.675146771037182 0.4326171875 0.6761252446183953
0 0.703125 0.9011741682974559 0.71875 0.9070450097847358 0.732421875 0.9041095890410957 0.7275390625 0.8727984344422699 0.732421875 0.8659491193737768 0.7333984375 0.8551859099804305 0.728515625 0.8434442270058709 0.72265625 0.8405088062622308 0.7138671875 0.8434442270058709 0.701171875 0.8336594911937377 0.6943359375 0.8336594911937377 0.689453125 0.8385518590998042 0.69140625 0.8669275929549901 0.703125 0.9011741682974559
0 0.2919921875 0.8228962818003913 0.2900390625 0.812133072407045 0.2802734375 0.8150684931506849 0.2822265625 0.8238747553816047 0.2919921875 0.8228962818003913
0 0.62109375 0.8033268101761252 0.6259765625 0.8023483365949119 0.62890625 0.793542074363992 0.6259765625 0.7857142857142857 0.615234375 0.7759295499021526 0.6044921875 0.7788649706457925 0.603515625 0.7915851272015655 0.62109375 0.8033268101761252
0 0.7119140625 0.7446183953033267 0.7236328125 0.7514677103718199 0.73046875 0.7436399217221135 0.724609375 0.7201565557729941 0.7265625 0.7103718199608611 0.71484375 0.700587084148728 0.7060546875 0.7064579256360078 0.705078125 0.7240704500978473 0.7119140625 0.7446183953033267
0 0.3056640625 0.8894324853228962 0.3134765625 0.8884540117416829 0.3203125 0.8767123287671232 0.31640625 0.8649706457925636 0.310546875 0.8649706457925636 0.3017578125 0.8747553816046967 0.3017578125 0.8845401174168297 0.3056640625 0.8894324853228962
0 0.10546875 0.732876712328767 0.1171875 0.7309197651663404 0.123046875 0.723091976516634 0.1171875 0.7113502935420744 0.1103515625 0.7113502935420744 0.099609375 0.7201565557729941 0.0986328125 0.7250489236790607 0.10546875 0.732876712328767