0 0.6005859375 0.5303326810176124 0.5947265625 0.5489236790606653 0.5859375 0.5567514677103718 0.580078125 0.5782778864970646 0.595703125 0.5909980430528375 0.59765625 0.6095890410958904 0.60546875 0.6164383561643836 0.6240234375 0.6232876712328766 0.634765625 0.6174168297455969 0.6513671875 0.5998043052837574 0.6552734375 0.5909980430528375 0.65234375 0.5763209393346379 0.6552734375 0.557729941291585 0.6748046875 0.5293542074363992 0.6533203125 0.5068493150684932 0.65234375 0.46966731898238745 0.640625 0.45401174168297453 0.6259765625 0.45303326810176126 0.6103515625 0.4598825831702544 0.5986328125 0.4794520547945205 0.6025390625 0.5039138943248532 0.6005859375 0.5303326810176124
0 0.6875 0.5342465753424658 0.712890625 0.5489236790606653 0.73046875 0.547945205479452 0.7490234375 0.5205479452054794 0.74609375 0.5068493150684932 0.7353515625 0.4990215264187866 0.6962890625 0.5 0.6845703125 0.5078277886497065 0.6826171875 0.5215264187866928 0.6875 0.5342465753424658
0 0.1396484375 0.6790606653620352 0.15625 0.7015655577299412 0.166015625 0.735812133072407 0.1826171875 0.7553816046966731 0.1796875 0.7690802348336595 0.171875 0.7778864970645791 0.171875 0.7857142857142857 0.1806640625 0.7945205479452054 0.1982421875 0.7925636007827788 0.216796875 0.7720156555772995 0.2177734375 0.7495107632093932 0.208984375 0.7279843444227005 0.2119140625 0.6996086105675146 0.20703125 0.6722113502935421 0.2001953125 0.6653620352250489 0.1806640625 0.6614481409001957 0.1748046875 0.649706457925636 0.1650390625 0.6467710371819961 0.1533203125 0.6467710371819961 0.14453125 0.6545988258317025 0.1396484375 0.6643835616438356 0.1396484375 0.6790606653620352
0 0.4345703125 0.7309197651663404 0.4345703125 0.7377690802348337 0.4443359375 0.7534246575342466 0.4404296875 0.7827788649706457 0.4462890625 0.7876712328767124 0.4755859375 0.786692759295499 0.5078125 0.7681017612524461 0.5263671875 0.7651663405088062 0.5302734375 0.7553816046966731 0.52734375 0.7446183953033267 0.5400390625 0.7133072407045009 0.54296875 0.6859099804305283 0.5390625 0.6810176125244618 0.529296875 0.6810176125244618 0.5009765625 0.6917808219178082 0.4833984375 0.6868884540117416 0.4541015625 0.7025440313111545 0.447265625 0.7172211350293541 0.4345703125 0.7309197651663404
0 0.9609375 0.913894324853229 0.9775390625 0.920743639921722 0.986328125 0.9432485322896282 0.9990234375 0.9471624266144814 0.9990234375 0.847358121330724 0.9912109375 0.8493150684931507 0.984375 0.8600782778864969 0.966796875 0.8669275929549901 0.9609375 0.8767123287671232 0.95703125 0.8962818003913894 0.9609375 0.913894324853229
0 0.48046875 0.48630136986301364 0.494140625 0.49804305283757333 0.505859375 0.49804305283757333 0.5185546875 0.48532289628180036 0.515625 0.46868884540117417 0.5009765625 0.46086105675146766 0.484375 0.4598825831702544 0.474609375 0.4667318982387475 0.4736328125 0.4735812133072407 0.48046875 0.48630136986301364
0 0.1015625 0.4589041095890411 0.1123046875 0.45205479452054786 0.11328125 0.44227005870841485 0.10546875 0.4305283757338552 0.0966796875 0.4305283757338552 0.0869140625 0.4383561643835616 0.0908203125 0.4559686888454012 0.1015625 0.4589041095890411
0 0.244140625 0.23874755381604693 0.25390625 0.2446183953033268 0.263671875 0.2446183953033268 0.2705078125 0.23874755381604693 0.2734375 0.22015655577299414 0.2646484375 0.2074363992172211 0.2509765625 0.2054794520547945 0.2412109375 0.2152641878669276 0.240234375 0.2318982387475538 0.244140625 0.23874755381604693
0 0.8837890625 0.34540117416829746 0.8916015625 0.34442270058708413 0.8974609375 0.33659491193737767 0.8955078125 0.3268101761252446 0.8896484375 0.32289628180039137 0.8798828125 0.3238747553816047 0.875 0.33072407045009783 0.875 0.3395303326810176 0.8837890625 0.34540117416829746
0 0.6044921875 0.4050880626223091 0.6015625 0.423679060665362 0.60546875 0.42857142857142855 0.625 0.423679060665362 0.630859375 0.4138943248532289 0.6328125 0.3943248532289628 0.619140625 0.37573385518590996 0.599609375 0.37377690802348335 0.595703125 0.3767123287671233 0.595703125 0.3972602739726027 0.6044921875 0.4050880626223091
0 0.1982421875 0.3698630136986301 0.2080078125 0.3943248532289628 0.2314453125 0.40802348336594907 0.244140625 0.42074363992172203 0.2744140625 0.41193737769080235 0.296875 0.41780821917808214 0.318359375 0.3972602739726027 0.3388671875 0.34833659491193736 0.3408203125 0.32974559686888455 0.326171875 0.31702544031311153 0.31640625 0.299412915851272 0.2978515625 0.29549902152641877 0.279296875 0.3043052837573385 0.2734375 0.32974559686888455 0.2236328125 0.3150684931506849 0.201171875 0.34442270058708413 0.189453125 0.3522504892367906 0.1875 0.36203522504892366 0.1982421875 0.3698630136986301
0 0.7646484375 0.8111545988258317 0.7861328125 0.8150684931506849 0.7978515625 0.8062622309197651 0.7998046875 0.7954990215264187 0.79296875 0.7857142857142857 0.7705078125 0.7818003913894325 0.7587890625 0.7896281800391389 0.7578125 0.7994129158512719 0.7646484375 0.8111545988258317