0 0 0.014677103718199608 0.0263671875 0.011741682974559686 0.0341796875 0.043052837573385516 0.046875 0.05675146771037182 0.0986328125 0.06164383561643836 0.1044921875 0.050880626223091974 0.1298828125 0.043052837573385516 0.140625 0.03424657534246575 0.150390625 0.018590998043052837 0.1533203125 0 0 0 0 0.014677103718199608
0 0.5166015625 0.2671232876712329 0.552734375 0.2886497064579256 0.552734375 0.30528375733855184 0.54296875 0.30919765166340507 0.537109375 0.32093933463796476 0.5498046875 0.337573385518591 0.60546875 0.35127201565557725 0.6181640625 0.34540117416829746 0.6650390625 0.3385518590998043 0.677734375 0.31604696673189825 0.705078125 0.3180039138943248 0.71484375 0.31017612524461835 0.71484375 0.30332681017612523 0.7060546875 0.2876712328767123 0.6875 0.2857142857142857 0.6533203125 0.2720156555772994 0.5859375 0.22700587084148727 0.5712890625 0.20450097847358123 0.5625 0.2035225048923679 0.5517578125 0.21037181996086102 0.533203125 0.20058708414872797 0.5244140625 0.20156555772994128 0.51953125 0.20645792563600782 0.513671875 0.2299412915851272 0.51171875 0.24853228962818003 0.5166015625 0.2671232876712329
0 0.4638671875 0.2729941291585127 0.4697265625 0.2759295499021526 0.478515625 0.273972602739726 0.478515625 0.25733855185909976 0.4658203125 0.25538160469667315 0.4609375 0.2583170254403131 0.4599609375 0.26810176125244617 0.4638671875 0.2729941291585127
0 0.416015625 0.3972602739726027 0.4248046875 0.40998043052837574 0.439453125 0.4158512720156556 0.455078125 0.410958904109589 0.490234375 0.4158512720156556 0.4970703125 0.40998043052837574 0.5078125 0.38649706457925637 0.5185546875 0.3776908023483366 0.5185546875 0.3698630136986301 0.5078125 0.3590998043052837 0.4931640625 0.3610567514677104 0.4599609375 0.34442270058708413 0.4423828125 0.3424657534246575 0.4189453125 0.34931506849315064 0.4140625 0.36692759295499017 0.416015625 0.3972602739726027
0 0.498046875 0.5254403131115459 0.515625 0.5391389432485323 0.5390625 0.5420743639921721 0.57421875 0.5264187866927592 0.5830078125 0.5176125244618395 0.5966796875 0.47064579256360073 0.591796875 0.46086105675146766 0.5810546875 0.45205479452054786 0.5517578125 0.4510763209393346 0.5146484375 0.46966731898238745 0.4931640625 0.49412915851272016 0.490234375 0.5088062622309197 0.498046875 0.5254403131115459
0 0.7021484375 0.5058708414872799 0.7197265625 0.5156555772994129 0.73046875 0.5156555772994129 0.740234375 0.5058708414872799 0.7431640625 0.4911937377690802 0.7373046875 0.48140900195694714 0.72265625 0.4804305283757338 0.7080078125 0.46868884540117417 0.701171875 0.46966731898238745 0.6943359375 0.4794520547945205 0.6953125 0.49804305283757333 0.7021484375 0.5058708414872799
0 0.7197265625 0.5939334637964775 0.7353515625 0.608610567514677 0.748046875 0.6095890410958904 0.7509765625 0.601761252446184 0.7421875 0.5880626223091976 0.751953125 0.5704500978473581 0.7470703125 0.5596868884540117 0.732421875 0.550880626223092 0.7255859375 0.5528375733855186 0.716796875 0.5636007827788649 0.71484375 0.5772994129158512 0.7197265625 0.5939334637964775
0 0.6005859375 0.5929549902152641 0.6201171875 0.6027397260273972 0.64453125 0.6027397260273972 0.6533203125 0.5939334637964775 0.6552734375 0.5812133072407045 0.6396484375 0.560665362035225 0.607421875 0.5547945205479452 0.599609375 0.560665362035225 0.5966796875 0.5704500978473581 0.595703125 0.5821917808219178 0.6005859375 0.5929549902152641
0 0.5244140625 0.6399217221135028 0.5380859375 0.6311154598825832 0.55078125 0.608610567514677 0.546875 0.601761252446184 0.5419921875 0.6007827788649707 0.5244140625 0.6046966731898238 0.513671875 0.6135029354207436 0.51171875 0.6320939334637965 0.5244140625 0.6399217221135028
0 0.7822265625 0.5792563600782779 0.7890625 0.5841487279843445 0.7998046875 0.5831702544031311 0.8232421875 0.6135029354207436 0.869140625 0.6379647749510763 0.9072265625 0.6467710371819961 0.916015625 0.6448140900195695 0.9208984375 0.6536203522504892 0.93359375 0.6516634050880625 0.935546875 0.6545988258317025 0.97265625 0.6311154598825832 0.984375 0.6330724070450098 0.986328125 0.6379647749510763 0.99609375 0.6369863013698629 0.9990234375 0.6272015655577299 0.9990234375 0.547945205479452 0.99609375 0.5430528375733854 0.9833984375 0.5362035225048923 0.9697265625 0.5342465753424658 0.9599609375 0.5254403131115459 0.94921875 0.5225048923679061 0.927734375 0.5234833659491194 0.9033203125 0.5371819960861057 0.87890625 0.5322896281800391 0.875 0.5107632093933463 0.8798828125 0.49706457925636005 0.8759765625 0.4892367906066536 0.8623046875 0.4804305283757338 0.8515625 0.4833659491193737 0.8466796875 0.5 0.841796875 0.4990215264187866 0.83203125 0.5048923679060665 0.81640625 0.5078277886497065 0.7998046875 0.49412915851272016 0.7900390625 0.49510763209393344 0.7744140625 0.5078277886497065 0.775390625 0.5205479452054794 0.76953125 0.5420743639921721 0.7705078125 0.5636007827788649 0.7822265625 0.5792563600782779
0 0.1806640625 0.6516634050880625 0.1748046875 0.6643835616438356 0.1826171875 0.6761252446183953 0.205078125 0.6800391389432485 0.2314453125 0.6741682974559686 0.251953125 0.662426614481409 0.2548828125 0.6448140900195695 0.2509765625 0.6144814090019569 0.2626953125 0.6046966731898238 0.2646484375 0.5939334637964775 0.2451171875 0.5704500978473581 0.23046875 0.5743639921722112 0.2265625 0.5821917808219178 0.21484375 0.586105675146771 0.19140625 0.5851272015655578 0.18359375 0.5890410958904109 0.177734375 0.598825831702544 0.1826171875 0.6203522504892367 0.1806640625 0.6516634050880625
0 0.1669921875 0.8512720156555773 0.16796875 0.8590998043052837 0.181640625 0.8688845401174168 0.2080078125 0.8708414872798433 0.216796875 0.8610567514677104 0.2451171875 0.8512720156555773 0.244140625 0.8463796477495107 0.21484375 0.8287671232876711 0.1884765625 0.8287671232876711 0.166015625 0.809197651663405 0.15625 0.8140900195694716 0.158203125 0.8414872798434441 0.1669921875 0.8512720156555773
0 0.34375 0.4246575342465754 0.3544921875 0.42563600782778865 0.3623046875 0.42074363992172203 0.3642578125 0.410958904109589 0.3583984375 0.4021526418786692 0.3486328125 0.40117416829745595 0.3408203125 0.4070450097847358 0.33984375 0.4187866927592955 0.34375 0.4246575342465754
0 0.41015625 0.19471624266144813 0.4228515625 0.1917808219178082 0.427734375 0.18199608610567514 0.4248046875 0.17221135029354206 0.412109375 0.1643835616438356 0.3994140625 0.16634050880626222 0.3955078125 0.17318982387475537 0.3955078125 0.18590998043052837 0.41015625 0.19471624266144813