0 0.61328125 0.3590998043052837 0.6396484375 0.37377690802348335 0.6611328125 0.3786692759295499 0.6708984375 0.3767123287671233 0.6767578125 0.36888454011741684 0.669921875 0.34833659491193736 0.6767578125 0.3268101761252446 0.67578125 0.31604696673189825 0.6689453125 0.29060665362035226 0.6611328125 0.2827788649706458 0.654296875 0.26125244618395305 0.640625 0.25244618395303325 0.6318359375 0.25244618395303325 0.607421875 0.2690802348336595 0.6005859375 0.2857142857142857 0.5986328125 0.2984344422700587 0.61328125 0.3590998043052837
0 0.1953125 0.30332681017612523 0.2138671875 0.3043052837573385 0.2197265625 0.31017612524461835 0.2177734375 0.32093933463796476 0.2216796875 0.33072407045009783 0.248046875 0.34931506849315064 0.26171875 0.350293542074364 0.271484375 0.34540117416829746 0.28125 0.3277886497064579 0.306640625 0.3268101761252446 0.3212890625 0.3590998043052837 0.3310546875 0.36203522504892366 0.341796875 0.37377690802348335 0.3642578125 0.3776908023483366 0.3759765625 0.3884540117416829 0.38671875 0.3884540117416829 0.4033203125 0.38062622309197647 0.4248046875 0.3835616438356164 0.4345703125 0.37377690802348335 0.4384765625 0.3532289628180039 0.447265625 0.33659491193737767 0.4453125 0.3268101761252446 0.4140625 0.2925636007827789 0.40234375 0.286692759295499 0.3837890625 0.2847358121330724 0.3662109375 0.2583170254403131 0.341796875 0.25244618395303325 0.322265625 0.24266144814090018 0.3095703125 0.22211350293542073 0.2890625 0.2152641878669276 0.2763671875 0.2162426614481409 0.2626953125 0.2299412915851272 0.2509765625 0.2328767123287671 0.2314453125 0.24755381604696672 0.22265625 0.24755381604696672 0.216796875 0.24070450097847357 0.2060546875 0.23776908023483365 0.1943359375 0.24070450097847357 0.185546875 0.2446183953033268 0.1826171875 0.2602739726027397 0.1884765625 0.29647749510763205 0.1953125 0.30332681017612523
0 0.3193359375 0.6242661448140899 0.3203125 0.6399217221135028 0.3291015625 0.6506849315068493 0.333984375 0.6682974559686887 0.34765625 0.6917808219178082 0.341796875 0.7162426614481409 0.3466796875 0.7348336594911937 0.365234375 0.7504892367906066 0.404296875 0.7553816046966731 0.416015625 0.7407045009784736 0.41796875 0.7133072407045009 0.3994140625 0.6555772994129158 0.3828125 0.6360078277886496 0.3662109375 0.6291585127201565 0.345703125 0.5831702544031311 0.3154296875 0.5782778864970646 0.306640625 0.5812133072407045 0.3076171875 0.6154598825831703 0.3193359375 0.6242661448140899
0 0.294921875 0.557729941291585 0.310546875 0.5636007827788649 0.330078125 0.5567514677103718 0.3359375 0.5401174168297456 0.3251953125 0.5195694716242661 0.30078125 0.5117416829745596 0.2890625 0.5156555772994129 0.2822265625 0.5264187866927592 0.2822265625 0.5401174168297456 0.294921875 0.557729941291585
0 0.103515625 0.9911937377690802 0.10546875 0.9990215264187867 0.1435546875 0.9990215264187867 0.1474609375 0.9814090019569471 0.1396484375 0.9686888454011742 0.1181640625 0.9637964774951076 0.109375 0.9530332681017611 0.0986328125 0.9540117416829744 0.09375 0.9667318982387474 0.09375 0.9814090019569471 0.103515625 0.9911937377690802
0 0.091796875 0.3639921722113503 0.10546875 0.3659491193737769 0.1162109375 0.363013698630137 0.126953125 0.3532289628180039 0.1298828125 0.3385518590998043 0.1240234375 0.324853228962818 0.111328125 0.32093933463796476 0.09765625 0.32974559686888455 0.0849609375 0.34540117416829746 0.0859375 0.35812133072407043 0.091796875 0.3639921722113503
0 0.7294921875 0.4716242661448141 0.75390625 0.46183953033268105 0.759765625 0.4559686888454012 0.7587890625 0.43542074363992167 0.7490234375 0.42563600782778865 0.7236328125 0.42074363992172203 0.7119140625 0.42563600782778865 0.705078125 0.4344422700587084 0.7060546875 0.45303326810176126 0.7294921875 0.4716242661448141
0 0.5908203125 0.5675146771037182 0.60546875 0.5694716242661448 0.6123046875 0.5665362035225049 0.6123046875 0.5547945205479452 0.6015625 0.5322896281800391 0.5908203125 0.5322896281800391 0.580078125 0.5410958904109588 0.580078125 0.5489236790606653 0.5908203125 0.5675146771037182
0 0 0.49021526418786693 0 0.7690802348336595 0.015625 0.7896281800391389 0.0302734375 0.796477495107632 0.0439453125 0.8170254403131114 0.08203125 0.8365949119373777 0.0986328125 0.8561643835616438 0.1259765625 0.8747553816046967 0.1416015625 0.8718199608610566 0.1533203125 0.8639921722113503 0.1787109375 0.8649706457925636 0.22265625 0.8571428571428571 0.2314453125 0.8483365949119372 0.2412109375 0.8131115459882583 0.287109375 0.7553816046966731 0.2841796875 0.7377690802348337 0.2705078125 0.7338551859099803 0.263671875 0.723091976516634 0.2548828125 0.7211350293542074 0.25390625 0.7093933463796478 0.2392578125 0.7064579256360078 0.236328125 0.6956947162426614 0.2275390625 0.684931506849315 0.23828125 0.6692759295499021 0.265625 0.6653620352250489 0.2666015625 0.6575342465753424 0.2841796875 0.6360078277886496 0.291015625 0.6105675146771037 0.296875 0.6056751467710371 0.287109375 0.5802348336594911 0.265625 0.5459882583170254 0.25048828125 0.5440313111545988 0.1728515625 0.509784735812133 0.158203125 0.49412915851272016 0.130859375 0.48727984344422703 0.103515625 0.48630136986301364 0.0751953125 0.47749510763209385 0.052734375 0.4804305283757338 0.0244140625 0.4892367906066536 0 0.49021526418786693
0 0.1044921875 0.9990215264187867 0.14453125 0.9990215264187867 0.1474609375 0.9784735812133072 0.140625 0.9686888454011742 0.119140625 0.9657534246575341 0.1083984375 0.9530332681017611 0.0986328125 0.9540117416829744 0.09375 0.9677103718199609 0.0947265625 0.9833659491193737 0.1044921875 0.9990215264187867
0 0.9375 0.17416829745596868 0.951171875 0.1761252446183953 0.9599609375 0.17025440313111545 0.9638671875 0.15362035225048923 0.951171875 0.14579256360078277 0.9462890625 0.1360078277886497 0.931640625 0.13013698630136986 0.9208984375 0.1360078277886497 0.9208984375 0.15459882583170254 0.9375 0.17416829745596868
0 0.794921875 0.34637964774951074 0.8076171875 0.3767123287671233 0.8251953125 0.40117416829745595 0.828125 0.41291585127201563 0.8408203125 0.4187866927592955 0.8623046875 0.4158512720156556 0.8720703125 0.3972602739726027 0.8701171875 0.37279843444227 0.8544921875 0.34540117416829746 0.8466796875 0.3414872798434442 0.8359375 0.3111545988258317 0.8232421875 0.30528375733855184 0.8076171875 0.3043052837573385 0.7998046875 0.29549902152641877 0.7880859375 0.299412915851272 0.771484375 0.32093933463796476 0.7724609375 0.33463796477495106 0.794921875 0.34637964774951074
0 0.94921875 0.9119373776908024 0.9462890625 0.9344422700587083 0.958984375 0.9686888454011742 0.9677734375 0.9755381604696673 0.9794921875 0.9990215264187867 0.9990234375 0.9990215264187867 0.9990234375 0.7563600782778865 0.982421875 0.7573385518590998 0.9736328125 0.7661448140900196 0.96875 0.7915851272015655 0.9521484375 0.8033268101761252 0.94921875 0.8307240704500979 0.9384765625 0.8444227005870841 0.93359375 0.8581213307240704 0.9306640625 0.8806262230919766 0.94921875 0.9119373776908024