0 0.4677734375 0.5704500978473581 0.4736328125 0.5949119373776908 0.4814453125 0.6037181996086105 0.5 0.6154598825831703 0.5146484375 0.6135029354207436 0.529296875 0.6242661448140899 0.5400390625 0.62133072407045 0.5546875 0.6232876712328766 0.56640625 0.608610567514677 0.5859375 0.5978473581213307 0.587890625 0.5772994129158512 0.6083984375 0.5391389432485323 0.6083984375 0.5283757338551859 0.5986328125 0.4911937377690802 0.5849609375 0.48140900195694714 0.552734375 0.4794520547945205 0.5224609375 0.4960861056751467 0.51171875 0.4911937377690802 0.505859375 0.4823874755381604 0.498046875 0.4823874755381604 0.46875 0.49510763209393344 0.4638671875 0.5322896281800391 0.455078125 0.5401174168297456 0.4521484375 0.5587084148727983 0.4677734375 0.5704500978473581
0 0.2236328125 0.25538160469667315 0.2509765625 0.26810176125244617 0.2626953125 0.26418786692759294 0.2744140625 0.2446183953033268 0.2724609375 0.2338551859099804 0.255859375 0.22504892367906065 0.2216796875 0.23972602739726026 0.2197265625 0.2455968688845401 0.2236328125 0.25538160469667315
0 0.1630859375 0.50293542074364 0.1865234375 0.5195694716242661 0.1923828125 0.5313111545988258 0.197265625 0.5293542074363992 0.2412109375 0.5567514677103718 0.26171875 0.5567514677103718 0.275390625 0.5616438356164383 0.294921875 0.557729941291585 0.31640625 0.5430528375733854 0.326171875 0.5264187866927592 0.3388671875 0.5166340508806262 0.349609375 0.5156555772994129 0.3564453125 0.5078277886497065 0.3759765625 0.5068493150684932 0.3798828125 0.5019569471624266 0.3798828125 0.48630136986301364 0.3759765625 0.48140900195694714 0.3759765625 0.4569471624266145 0.380859375 0.44911937377690797 0.37890625 0.41193737769080235 0.3583984375 0.3972602739726027 0.3408203125 0.3953033268101761 0.3251953125 0.3884540117416829 0.322265625 0.38551859099804303 0.3232421875 0.3571428571428571 0.2998046875 0.34442270058708413 0.2890625 0.3473581213307241 0.2802734375 0.36888454011741684 0.2578125 0.37377690802348335 0.2509765625 0.3679060665362035 0.2392578125 0.36692759295499017 0.2060546875 0.3776908023483366 0.1865234375 0.398238747553816 0.1826171875 0.4187866927592955 0.1689453125 0.4315068493150685 0.158203125 0.4804305283757338 0.1630859375 0.50293542074364
0 0.07421875 0.6135029354207436 0.0830078125 0.6311154598825832 0.0966796875 0.6311154598825832 0.1083984375 0.6448140900195695 0.109375 0.6545988258317025 0.126953125 0.6555772994129158 0.140625 0.6477495107632094 0.140625 0.6330724070450098 0.115234375 0.5978473581213307 0.0986328125 0.5890410958904109 0.0810546875 0.5909980430528375 0.068359375 0.5704500978473581 0.05859375 0.5665362035225049 0.0498046875 0.5694716242661448 0.0537109375 0.5890410958904109 0.07421875 0.6135029354207436
0 0 0.5518590998043053 0.0048828125 0.5567514677103718 0.015625 0.557729941291585 0.0224609375 0.5469667318982387 0.01953125 0.5401174168297456 0.01171875 0.5352250489236791 0.00390625 0.5371819960861057 0 0.5410958904109588 0 0.5518590998043053
0 0.810546875 0.6761252446183953 0.822265625 0.7064579256360078 0.830078125 0.7113502935420744 0.84375 0.7064579256360078 0.8642578125 0.7064579256360078 0.8681640625 0.6996086105675146 0.8564453125 0.6722113502935421 0.87451171875 0.6555772994129158 0.8896484375 0.6506849315068493 0.892578125 0.6262230919765166 0.8876953125 0.6164383561643836 0.8759765625 0.601761252446184 0.859375 0.5919765166340508 0.8369140625 0.5694716242661448 0.8125 0.5704500978473581 0.791015625 0.6046966731898238 0.791015625 0.6614481409001957 0.810546875 0.6761252446183953
0 0.88671875 0.1761252446183953 0.91796875 0.1771037181996086 0.9375 0.16829745596868884 0.94921875 0.14481409001956946 0.9501953125 0.12426614481409001 0.9423828125 0.11350293542074363 0.92578125 0.10176125244618395 0.9072265625 0.09980430528375733 0.8828125 0.12426614481409001 0.8720703125 0.14774951076320939 0.8720703125 0.1634050880626223 0.88671875 0.1761252446183953
0 0.91015625 0.29647749510763205 0.9208984375 0.29647749510763205 0.935546875 0.2896281800391389 0.939453125 0.2837573385518591 0.9384765625 0.273972602739726 0.9306640625 0.26810176125244617 0.9111328125 0.2700587084148728 0.9033203125 0.27690802348336596 0.9033203125 0.2896281800391389 0.91015625 0.29647749510763205
0 0.4423828125 0.9530332681017611 0.4755859375 0.9726027397260273 0.494140625 0.9706457925636007 0.5078125 0.9569471624266145 0.5087890625 0.9383561643835616 0.50390625 0.9295499021526418 0.490234375 0.9187866927592955 0.4521484375 0.913894324853229 0.435546875 0.9246575342465754 0.435546875 0.9393346379647749 0.4423828125 0.9530332681017611
0 0.63671875 0.793542074363992 0.6533203125 0.7896281800391389 0.658203125 0.7818003913894325 0.6572265625 0.7720156555772995 0.6474609375 0.7612524461839529 0.6298828125 0.7632093933463796 0.619140625 0.7749510763209393 0.6181640625 0.7798434442270058 0.63671875 0.793542074363992
0 0.5263671875 0.15753424657534246 0.53515625 0.15459882583170254 0.5400390625 0.14677103718199608 0.5400390625 0.1350293542074364 0.53515625 0.12915851272015655 0.515625 0.12720156555772993 0.5068359375 0.13405088062622308 0.5068359375 0.14285714285714285 0.5263671875 0.15753424657534246
0 0.544921875 0.04892367906066536 0.564453125 0.05283757338551859 0.5810546875 0.03816046966731898 0.5888671875 0.022504892367906065 0.5888671875 0.012720156555772993 0.5810546875 0.009784735812133072 0.5732421875 0.019569471624266144 0.55859375 0.021526418786692758 0.5546875 0.0136986301369863 0.5390625 0.010763209393346379 0.5302734375 0.018590998043052837 0.529296875 0.03913894324853229 0.544921875 0.04892367906066536
0 0.396484375 0.7093933463796478 0.435546875 0.7299412915851271 0.447265625 0.7289628180039138 0.455078125 0.7201565557729941 0.4541015625 0.700587084148728 0.431640625 0.678082191780822 0.4228515625 0.6741682974559686 0.4111328125 0.6722113502935421 0.3974609375 0.678082191780822 0.3857421875 0.6927592954990215 0.38671875 0.700587084148728 0.396484375 0.7093933463796478