0 0.2900390625 0.40313111545988256 0.302734375 0.40998043052837574 0.310546875 0.4295499021526418 0.322265625 0.4403131115459883 0.3388671875 0.44129158512720157 0.353515625 0.43639921722113495 0.38671875 0.40410958904109584 0.38671875 0.3953033268101761 0.3779296875 0.3825831702544031 0.3515625 0.3698630136986301 0.326171875 0.37279843444227 0.3095703125 0.3816046966731898 0.298828125 0.3816046966731898 0.2890625 0.38649706457925637 0.287109375 0.3972602739726027 0.2900390625 0.40313111545988256
0 0.267578125 0.4804305283757338 0.2646484375 0.49804305283757333 0.267578125 0.5146771037181995 0.271484375 0.5185909980430529 0.2822265625 0.5205479452054794 0.287109375 0.5176125244618395 0.287109375 0.5 0.29296875 0.4931506849315069 0.3115234375 0.48532289628180036 0.32421875 0.4931506849315069 0.3330078125 0.48727984344422703 0.333984375 0.45205479452054786 0.3251953125 0.4432485322896282 0.2998046875 0.4471624266144814 0.2919921875 0.4559686888454012 0.263671875 0.4510763209393346 0.255859375 0.4549902152641878 0.25390625 0.4667318982387475 0.267578125 0.4804305283757338
0 0.220703125 0.595890410958904 0.2197265625 0.6340508806262231 0.19921875 0.6399217221135028 0.2099609375 0.678082191780822 0.224609375 0.662426614481409 0.234375 0.6643835616438356 0.2373046875 0.6585127201565557 0.2705078125 0.6545988258317025 0.2802734375 0.6457925636007827 0.2890625 0.6301369863013698 0.2822265625 0.6037181996086105 0.2626953125 0.5909980430528375 0.2568359375 0.5789305283757338 0.255859375 0.5655577299412916 0.248046875 0.5557729941291585 0.23046875 0.5499021526418787 0.2119140625 0.5636007827788649 0.212890625 0.5841487279843445 0.220703125 0.595890410958904
0 0.19921875 0.7172211350293541 0.2109375 0.7181996086105674 0.216796875 0.7123287671232876 0.2177734375 0.700587084148728 0.2138671875 0.6956947162426614 0.2021484375 0.6937377690802349 0.1953125 0.6996086105675146 0.1943359375 0.7093933463796478 0.19921875 0.7172211350293541
0 0.49609375 0.8395303326810175 0.5029296875 0.8405088062622308 0.5107421875 0.8356164383561643 0.5087890625 0.821917808219178 0.498046875 0.8180039138943249 0.4921875 0.8228962818003913 0.4912109375 0.8317025440313112 0.49609375 0.8395303326810175
0 0.1357421875 0.3590998043052837 0.1435546875 0.3610567514677104 0.1513671875 0.35518590998043054 0.1494140625 0.3414872798434442 0.1396484375 0.3385518590998043 0.1328125 0.3424657534246575 0.130859375 0.3522504892367906 0.1357421875 0.3590998043052837
0 0.26171875 0.20450097847358123 0.2744140625 0.20254403131115456 0.2880859375 0.17906066536203522 0.28515625 0.16829745596868884 0.2763671875 0.162426614481409 0.2685546875 0.1634050880626223 0.248046875 0.1761252446183953 0.248046875 0.1898238747553816 0.26171875 0.20450097847358123
0 0.375 0.05968688845401173 0.3837890625 0.06555772994129158 0.3935546875 0.06457925636007827 0.4091796875 0.04794520547945205 0.4091796875 0.03131115459882583 0.4150390625 0.01761252446183953 0.396484375 0.007827788649706457 0.3671875 0.025440313111545987 0.365234375 0.036203522504892366 0.375 0.05968688845401173
0 0.4931640625 0.14481409001956946 0.5009765625 0.14481409001956946 0.5048828125 0.13405088062622308 0.50390625 0.11252446183953033 0.4970703125 0.10665362035225048 0.4873046875 0.1095890410958904 0.4814453125 0.12818003913894324 0.4931640625 0.14481409001956946
0 0.0390625 0.43737769080234834 0.05078125 0.4510763209393346 0.0576171875 0.4510763209393346 0.064453125 0.44520547945205474 0.0517578125 0.4217221135029354 0.03515625 0.41780821917808214 0.0263671875 0.42759295499021527 0.0283203125 0.4393346379647749 0.0390625 0.43737769080234834
0 0.3935546875 0.25048923679060664 0.4013671875 0.25048923679060664 0.4013671875 0.23483365949119372 0.3896484375 0.2338551859099804 0.3896484375 0.24657534246575344 0.3935546875 0.25048923679060664
0 0.44921875 0.37573385518590996 0.455078125 0.36692759295499017 0.453125 0.3542074363992172 0.44921875 0.350293542074364 0.4404296875 0.3542074363992172 0.4404296875 0.3698630136986301 0.44921875 0.37573385518590996
0 0.685546875 0.2191780821917808 0.6962890625 0.2172211350293542 0.7060546875 0.20645792563600782 0.705078125 0.1888454011741683 0.6953125 0.17906066536203522 0.6787109375 0.18688845401174167 0.6728515625 0.19569471624266144 0.6748046875 0.21135029354207435 0.685546875 0.2191780821917808
0 0.689453125 0.34540117416829746 0.703125 0.33072407045009783 0.7041015625 0.32289628180039137 0.6953125 0.3180039138943248 0.68359375 0.33072407045009783 0.673828125 0.33170254403131116 0.67578125 0.3434442270058708 0.689453125 0.34540117416829746
0 0.6708984375 0.474559686888454 0.6845703125 0.4726027397260274 0.6962890625 0.47847358121330724 0.70703125 0.4677103718199608 0.70703125 0.4559686888454012 0.6884765625 0.42857142857142855 0.6767578125 0.4305283757338552 0.6650390625 0.4569471624266145 0.6640625 0.4677103718199608 0.6708984375 0.474559686888454
0 0.4716796875 0.4921722113502935 0.4794921875 0.4911937377690802 0.4833984375 0.4823874755381604 0.5009765625 0.47651663405088057 0.5 0.4667318982387475 0.48046875 0.45401174168297453 0.4638671875 0.4637964774951076 0.4599609375 0.474559686888454 0.4716796875 0.4921722113502935
0 0.599609375 0.6702544031311154 0.6064453125 0.6722113502935421 0.6162109375 0.6673189823874754 0.6171875 0.6604696673189824 0.611328125 0.6526418786692758 0.6015625 0.649706457925636 0.595703125 0.6536203522504892 0.5947265625 0.6614481409001957 0.599609375 0.6702544031311154
0 0.541015625 0.8512720156555773 0.544921875 0.8620352250489237 0.5703125 0.8737769080234834 0.5810546875 0.8708414872798433 0.5869140625 0.8620352250489237 0.5830078125 0.8424657534246576 0.58984375 0.8180039138943249 0.5771484375 0.809197651663405 0.5673828125 0.786692759295499 0.5546875 0.7896281800391389 0.54296875 0.8180039138943249 0.5458984375 0.834637964774951 0.541015625 0.8512720156555773
0 0.3173828125 0.9530332681017611 0.330078125 0.9549902152641877 0.3349609375 0.9510763209393346 0.3369140625 0.9373776908023483 0.3330078125 0.9315068493150684 0.32421875 0.9285714285714285 0.31640625 0.9363992172211351 0.3134765625 0.9471624266144814 0.3173828125 0.9530332681017611
0 0.650390625 0.9853228962818003 0.701171875 0.9853228962818003 0.724609375 0.9520547945205479 0.7255859375 0.9383561643835616 0.7314453125 0.9285714285714285 0.724609375 0.9099804305283756 0.712890625 0.9070450097847358 0.6904296875 0.9178082191780822 0.6796875 0.9461839530332681 0.6708984375 0.958904109589041 0.65625 0.9677103718199609 0.6494140625 0.9804305283757339 0.650390625 0.9853228962818003
0 0.7021484375 0.9011741682974559 0.7119140625 0.9021526418786692 0.7177734375 0.8972602739726027 0.720703125 0.8894324853228962 0.716796875 0.8796477495107631 0.703125 0.8767123287671232 0.6962890625 0.8806262230919766 0.6943359375 0.8904109589041095 0.7021484375 0.9011741682974559
0 0.8173828125 0.7661448140900196 0.8310546875 0.7612524461839529 0.83203125 0.7495107632093932 0.828125 0.7446183953033267 0.8173828125 0.7446183953033267 0.8134765625 0.74853228962818 0.8115234375 0.7583170254403131 0.8173828125 0.7661448140900196
0 0.625 0.850293542074364 0.6328125 0.8512720156555773 0.640625 0.8454011741682974 0.6416015625 0.8385518590998042 0.63671875 0.8317025440313112 0.62890625 0.8307240704500979 0.6240234375 0.834637964774951 0.6220703125 0.8444227005870841 0.625 0.850293542074364
0 0.826171875 0.4559686888454012 0.830078125 0.4598825831702544 0.8408203125 0.46086105675146766 0.873046875 0.4598825831702544 0.884765625 0.4510763209393346 0.892578125 0.43542074363992167 0.8876953125 0.4246575342465754 0.8603515625 0.40998043052837574 0.83984375 0.41291585127201563 0.8291015625 0.41976516634050876 0.822265625 0.4305283757338552 0.8203125 0.4383561643835616 0.826171875 0.4559686888454012