0 0.546875 0.34833659491193736 0.560546875 0.35518590998043054 0.5810546875 0.3571428571428571 0.5986328125 0.3679060665362035 0.615234375 0.36888454011741684 0.6171875 0.35127201565557725 0.6376953125 0.33463796477495106 0.6416015625 0.324853228962818 0.64453125 0.3023483365949119 0.63671875 0.28180039138943247 0.615234375 0.26418786692759294 0.60546875 0.26125244618395305 0.595703125 0.25048923679060664 0.5869140625 0.24755381604696672 0.568359375 0.2583170254403131 0.5654296875 0.2700587084148728 0.5458984375 0.2759295499021526 0.5341796875 0.2896281800391389 0.53125 0.3219178082191781 0.546875 0.34833659491193736
0 0.3330078125 0.43639921722113495 0.34375 0.43639921722113495 0.3505859375 0.4295499021526418 0.3583984375 0.4295499021526418 0.365234375 0.4246575342465754 0.3662109375 0.4148727984344422 0.3603515625 0.40998043052837574 0.3505859375 0.410958904109589 0.341796875 0.38747553816046965 0.3310546875 0.37573385518590996 0.318359375 0.37377690802348335 0.310546875 0.3767123287671233 0.3017578125 0.3913894324853229 0.3017578125 0.41291585127201563 0.3330078125 0.43639921722113495
0 0.2822265625 0.46086105675146766 0.2998046875 0.4637964774951076 0.3095703125 0.45792563600782776 0.3134765625 0.4403131115459883 0.3046875 0.4246575342465754 0.287109375 0.423679060665362 0.2763671875 0.43639921722113495 0.275390625 0.4500978473581213 0.2822265625 0.46086105675146766
0 0.466796875 0.5254403131115459 0.47265625 0.5264187866927592 0.51171875 0.5166340508806262 0.521484375 0.5048923679060665 0.51953125 0.4931506849315069 0.5068359375 0.4833659491193737 0.5040068359375 0.4765645792563601 0.5000888671875 0.47008904109589034 0.50165625 0.46381017612524456 0.4981298828124999 0.4559608610567515 0.48735546875 0.4528219178082192 0.4769716796875 0.4602778864970645 0.4765800781249999 0.47048140900195695 0.4697265625 0.4794520547945205 0.462890625 0.4990215264187866 0.4619140625 0.5166340508806262 0.466796875 0.5254403131115459
0 0.5341796875 0.5195694716242661 0.5146484375 0.5195694716242661 0.50390625 0.5322896281800391 0.5048828125 0.5420743639921721 0.5185546875 0.5567514677103718 0.5302734375 0.557729941291585 0.5439453125 0.5518590998043053 0.55078125 0.5440313111545988 0.5673828125 0.5410958904109588 0.576171875 0.5254403131115459 0.576171875 0.5166340508806262 0.5810546875 0.5088062622309197 0.578125 0.48532289628180036 0.5546875 0.4804305283757338 0.541015625 0.4843444227005871 0.5390625 0.5156555772994129 0.5341796875 0.5195694716242661
0 0.619140625 0.7191780821917808 0.634765625 0.7338551859099803 0.6494140625 0.7407045009784736 0.65625 0.7514677103718199 0.6611328125 0.7534246575342466 0.66796875 0.7524461839530332 0.673828125 0.7407045009784736 0.685546875 0.7250489236790607 0.685546875 0.7142857142857142 0.6748046875 0.6996086105675146 0.6591796875 0.684931506849315 0.6513671875 0.684931506849315 0.63671875 0.6898238747553815 0.6259765625 0.687866927592955 0.623046875 0.6888454011741683 0.619140625 0.697651663405088 0.6162109375 0.7093933463796478 0.619140625 0.7191780821917808
0 0.5419921875 0.9001956947162426 0.546875 0.9001956947162426 0.5615234375 0.8953033268101761 0.5654296875 0.8913894324853228 0.5654296875 0.8835616438356164 0.5625 0.8776908023483365 0.5625 0.8659491193737768 0.560546875 0.8620352250489237 0.556640625 0.8600782778864969 0.5498046875 0.8610567514677104 0.5458984375 0.8659491193737768 0.544921875 0.8747553816046967 0.541015625 0.8825831702544031 0.53125 0.8864970645792564 0.5302734375 0.8904109589041095 0.5419921875 0.9001956947162426
0 0.75 0.6428571428571428 0.7529296875 0.6448140900195695 0.7587890625 0.6448140900195695 0.76171875 0.6438356164383562 0.763671875 0.6418786692759295 0.7666015625 0.6409001956947162 0.767578125 0.6389432485322896 0.767578125 0.6320939334637965 0.7666015625 0.6301369863013698 0.7626953125 0.6272015655577299 0.7568359375 0.6281800391389433 0.751953125 0.6330724070450098 0.7509765625 0.6350293542074363 0.75 0.6379647749510763 0.75 0.6428571428571428
0 0.78515625 0.9686888454011742 0.78515625 0.9735812133072406 0.7861328125 0.9765166340508806 0.7880859375 0.9774951076320939 0.79296875 0.9833659491193737 0.798828125 0.9823874755381604 0.8134765625 0.971624266144814 0.81640625 0.9647749510763208 0.81640625 0.9559686888454012 0.8134765625 0.949119373776908 0.8095703125 0.9442270058708415 0.8056640625 0.9422700587084147 0.7939453125 0.9432485322896282 0.7900390625 0.9452054794520548 0.7861328125 0.949119373776908 0.7841796875 0.9530332681017611 0.783203125 0.9647749510763208 0.78515625 0.9686888454011742
0 0.3876953125 0.9882583170254403 0.3896484375 0.9941291585127201 0.3935546875 0.9980430528375732 0.3935546875 0.9990215264187867 0.42578125 0.9990215264187867 0.423828125 0.9960861056751467 0.423828125 0.9892367906066536 0.41796875 0.9774951076320939 0.416015625 0.9765166340508806 0.4111328125 0.9765166340508806 0.404296875 0.971624266144814 0.3994140625 0.971624266144814 0.396484375 0.9726027397260273 0.3896484375 0.9774951076320939 0.3876953125 0.9833659491193737 0.3876953125 0.9882583170254403
0 0.041015625 0.025440313111545987 0.068359375 0.030332681017612523 0.078125 0.02054794520547945 0.0859375 0 0.0400390625 0 0.033203125 0.00684931506849315 0.0341796875 0.018590998043052837 0.041015625 0.025440313111545987
0 0.86328125 0.16144814090019569 0.8681640625 0.15557729941291584 0.8662109375 0.1487279843444227 0.85546875 0.14285714285714285 0.8515625 0.14579256360078277 0.8515625 0.15459882583170254 0.86328125 0.16144814090019569
0 0.681640625 0.3679060665362035 0.6923828125 0.36497064579256355 0.6943359375 0.3561643835616438 0.689453125 0.34931506849315064 0.6806640625 0.34833659491193736 0.67578125 0.3522504892367906 0.677734375 0.36497064579256355 0.681640625 0.3679060665362035
0 0.974609375 0.3062622309197652 0.9833984375 0.30528375733855184 0.98828125 0.2984344422700587 0.9833984375 0.2876712328767123 0.970703125 0.29354207436399216 0.9697265625 0.30039138943248533 0.974609375 0.3062622309197652