0 0.6884765625 0.6281800391389433 0.6962890625 0.6301369863013698 0.7119140625 0.6223091976516634 0.7236328125 0.6232876712328766 0.734375 0.6125244618395304 0.7333984375 0.6007827788649707 0.720703125 0.5919765166340508 0.720703125 0.5841487279843445 0.71484375 0.5753424657534246 0.7021484375 0.5743639921722112 0.677734375 0.5890410958904109 0.6767578125 0.5998043052837574 0.6884765625 0.6281800391389433
0 0.6337890625 0.1350293542074364 0.6572265625 0.14481409001956946 0.6669921875 0.14187866927592954 0.671875 0.13405088062622308 0.6708984375 0.12622309197651663 0.6640625 0.12035225048923678 0.6435546875 0.11643835616438356 0.630859375 0.1223091976516634 0.62890625 0.12622309197651663 0.6337890625 0.1350293542074364
0 0.384765625 0.40313111545988256 0.3984375 0.410958904109589 0.40625 0.4246575342465754 0.41015625 0.44911937377690797 0.408203125 0.46966731898238745 0.4111328125 0.47847358121330724 0.423828125 0.4911937377690802 0.4599609375 0.49804305283757333 0.47265625 0.4882583170254403 0.4931640625 0.4569471624266145 0.5029296875 0.4569471624266145 0.515625 0.4500978473581213 0.517578125 0.4383561643835616 0.5078125 0.40117416829745595 0.4736328125 0.37279843444227 0.455078125 0.36497064579256355 0.4423828125 0.3532289628180039 0.4306640625 0.350293542074364 0.40625 0.3473581213307241 0.3798828125 0.3590998043052837 0.373046875 0.37084148727984345 0.384765625 0.40313111545988256
0 0.2626953125 0.6144814090019569 0.2666015625 0.6237769080234833 0.2646484375 0.6604696673189824 0.271484375 0.6800391389432485 0.2783203125 0.6859099804305283 0.3017578125 0.6839530332681016 0.3095703125 0.6898238747553815 0.318359375 0.6888454011741683 0.322265625 0.6790606653620352 0.3203125 0.6291585127201565 0.283203125 0.6007827788649707 0.26171875 0.5949119373776908 0.251953125 0.6027397260273972 0.2509765625 0.608610567514677 0.2626953125 0.6144814090019569
0 0.2353515625 0.7544031311154599 0.2578125 0.7544031311154599 0.267578125 0.7475538160469667 0.265625 0.7318982387475538 0.2548828125 0.723091976516634 0.2373046875 0.7270058708414873 0.228515625 0.7367906066536203 0.2275390625 0.74559686888454 0.2353515625 0.7544031311154599
0 0.373046875 0.9990215264187867 0.427734375 0.9990215264187867 0.427734375 0.9902152641878669 0.421875 0.9804305283757339 0.4150390625 0.9774951076320939 0.4013671875 0.9794520547945205 0.3896484375 0.9941291585127201 0.373046875 0.9990215264187867
0 0.5537109375 0.38454011741682975 0.568359375 0.38747553816046965 0.5771484375 0.3796477495107632 0.580078125 0.3659491193737769 0.5732421875 0.35518590998043054 0.5576171875 0.35127201565557725 0.544921875 0.3610567514677104 0.544921875 0.3747553816046966 0.5537109375 0.38454011741682975
0 0.263671875 0.49412915851272016 0.2666015625 0.5009784735812133 0.27734375 0.5048923679060665 0.296875 0.5039138943248532 0.3076171875 0.4735812133072407 0.3037109375 0.46183953033268105 0.296875 0.4559686888454012 0.2802734375 0.4589041095890411 0.271484375 0.4549902152641878 0.265625 0.4598825831702544 0.26953125 0.47847358121330724 0.263671875 0.49412915851272016
0 0.904296875 0.3473581213307241 0.927734375 0.3571428571428571 0.9521484375 0.363013698630137 0.95703125 0.36203522504892366 0.9638671875 0.3522504892367906 0.9609375 0.32289628180039137 0.9521484375 0.3111545988258317 0.908203125 0.31702544031311153 0.90234375 0.3199608610567514 0.8994140625 0.32974559686888455 0.8984375 0.3385518590998043 0.904296875 0.3473581213307241
0 0.931640625 0.44911937377690797 0.9599609375 0.4569471624266145 0.9677734375 0.4569471624266145 0.9990234375 0.44227005870841485 0.9990234375 0.3796477495107632 0.9736328125 0.3796477495107632 0.958984375 0.398238747553816 0.9580078125 0.40900195694716246 0.962890625 0.4187866927592955 0.9521484375 0.42661448140900193 0.9365234375 0.42759295499021527 0.9287109375 0.4344422700587084 0.9267578125 0.4432485322896282 0.931640625 0.44911937377690797
0 0.83203125 0.43542074363992167 0.8369140625 0.4589041095890411 0.845703125 0.4628180039138943 0.857421875 0.4569471624266145 0.86328125 0.446183953033268 0.8623046875 0.41976516634050876 0.8583984375 0.40900195694716246 0.8515625 0.40313111545988256 0.8369140625 0.4021526418786692 0.826171875 0.41291585127201563 0.8251953125 0.4246575342465754 0.83203125 0.43542074363992167
0 0.6455078125 0.9060665362035225 0.6611328125 0.9158512720156555 0.677734375 0.9383561643835616 0.69140625 0.9373776908023483 0.701171875 0.9168297455968688 0.701171875 0.9060665362035225 0.693359375 0.8904109589041095 0.671875 0.885518590998043 0.6650390625 0.8796477495107631 0.6435546875 0.8786692759295498 0.6396484375 0.8943248532289628 0.6455078125 0.9060665362035225