0 0.4169921875 0.17906066536203522 0.42578125 0.1898238747553816 0.431640625 0.20939334637964774 0.4404296875 0.2162426614481409 0.4736328125 0.20645792563600782 0.4873046875 0.19863013698630136 0.50390625 0.17906066536203522 0.509765625 0.16144814090019569 0.509765625 0.1506849315068493 0.501953125 0.12915851272015655 0.4833984375 0.11252446183953033 0.4599609375 0.10078277886497064 0.4443359375 0.10176125244618395 0.42578125 0.111545988258317 0.4091796875 0.149706457925636 0.408203125 0.15753424657534246 0.4169921875 0.17906066536203522
0 0.0146484375 0.3561643835616438 0.021484375 0.3796477495107632 0.03515625 0.40019569471624267 0.0615234375 0.41682974559686886 0.078125 0.4148727984344422 0.095703125 0.40410958904109584 0.10546875 0.3933463796477495 0.1083984375 0.3796477495107632 0.1083984375 0.36203522504892366 0.1005859375 0.350293542074364 0.0849609375 0.3336594911937377 0.0673828125 0.3268101761252446 0.0498046875 0.33561643835616434 0.03515625 0.33659491193737767 0.0302734375 0.34931506849315064 0.0146484375 0.3561643835616438
0 0.2236328125 0.837573385518591 0.236328125 0.8424657534246576 0.2529296875 0.8747553816046967 0.2734375 0.8796477495107631 0.291015625 0.8698630136986301 0.2939453125 0.8512720156555773 0.3056640625 0.837573385518591 0.3056640625 0.824853228962818 0.302734375 0.8199608610567515 0.2939453125 0.8199608610567515 0.2841796875 0.8140900195694716 0.2861328125 0.7896281800391389 0.2822265625 0.7788649706457925 0.271484375 0.7671232876712328 0.2529296875 0.7612524461839529 0.2373046875 0.7632093933463796 0.21484375 0.7788649706457925 0.2080078125 0.7906066536203522 0.2099609375 0.8180039138943249 0.2236328125 0.837573385518591
0 0.2763671875 0.9363992172211351 0.28515625 0.9373776908023483 0.2919921875 0.9324853228962817 0.2939453125 0.9246575342465754 0.287109375 0.9158512720156555 0.2783203125 0.9148727984344422 0.2724609375 0.9197651663405088 0.271484375 0.9295499021526418 0.2763671875 0.9363992172211351
0 0.2822265625 0.9990215264187867 0.337890625 0.9990215264187867 0.328125 0.9833659491193737 0.3193359375 0.9804305283757339 0.31640625 0.9686888454011742 0.3212890625 0.9500978473581213 0.31640625 0.9452054794520548 0.298828125 0.9452054794520548 0.2724609375 0.9726027397260273 0.2734375 0.9902152641878669 0.2822265625 0.9990215264187867
0 0.626953125 0.8209393346379648 0.638671875 0.8209393346379648 0.6533203125 0.8150684931506849 0.669921875 0.8160469667318981 0.6767578125 0.8111545988258317 0.689453125 0.7671232876712328 0.6787109375 0.7495107632093932 0.6689453125 0.7407045009784736 0.6611328125 0.7397260273972602 0.646484375 0.7416829745596869 0.623046875 0.7612524461839529 0.6181640625 0.7720156555772995 0.6201171875 0.8140900195694716 0.626953125 0.8209393346379648
0 0.572265625 0.4549902152641878 0.5830078125 0.4589041095890411 0.607421875 0.4598825831702544 0.6162109375 0.4500978473581213 0.6123046875 0.43639921722113495 0.5966796875 0.42857142857142855 0.5791015625 0.4305283757338552 0.5634765625 0.42661448140900193 0.556640625 0.4324853228962818 0.5595703125 0.4432485322896282 0.572265625 0.4549902152641878
0 0.681640625 0.22896281800391388 0.669921875 0.25929549902152643 0.66015625 0.26614481409001955 0.658203125 0.2720156555772994 0.6767578125 0.2886497064579256 0.6923828125 0.2827788649706458 0.7060546875 0.2827788649706458 0.71875 0.273972602739726 0.734375 0.25440313111545987 0.7470703125 0.25048923679060664 0.7529296875 0.23972602739726026 0.771484375 0.23874755381604693 0.79296875 0.25440313111545987 0.798828125 0.23874755381604693 0.806640625 0.23091976516634052 0.837890625 0.23679060665362034 0.8515625 0.223091976516634 0.8583984375 0.20939334637964774 0.8515625 0.20156555772994128 0.82421875 0.20156555772994128 0.814453125 0.1917808219178082 0.7890625 0.19471624266144813 0.7724609375 0.1888454011741683 0.7685546875 0.18101761252446183 0.76953125 0.16829745596868884 0.740234375 0.15362035225048923 0.7294921875 0.15655577299412915 0.7255859375 0.17123287671232876 0.7060546875 0.1898238747553816 0.693359375 0.1917808219178082 0.6923828125 0.18786692759295498 0.6806640625 0.18493150684931506 0.6728515625 0.19569471624266144 0.673828125 0.21037181996086102 0.681640625 0.22896281800391388
0 0.73046875 0.1086105675146771 0.744140625 0.11056751467710371 0.7568359375 0.10176125244618395 0.7607421875 0.08317025440313111 0.75 0.0684931506849315 0.73046875 0.0675146771037182 0.7197265625 0.0812133072407045 0.71875 0.0958904109589041 0.73046875 0.1086105675146771
0 0.6435546875 0.0273972602739726 0.65234375 0.02837573385518591 0.658203125 0.02446183953033268 0.65625 0.008806262230919765 0.64453125 0.005870841487279843 0.6396484375 0.009784735812133072 0.638671875 0.018590998043052837 0.6435546875 0.0273972602739726
0 0.6142578125 0.2054794520547945 0.619140625 0.21330724070450097 0.6220703125 0.23091976516634052 0.6298828125 0.23679060665362034 0.6396484375 0.2338551859099804 0.6513671875 0.20939334637964774 0.646484375 0.19471624266144813 0.6513671875 0.18590998043052837 0.6474609375 0.17416829745596868 0.62109375 0.16927592954990214 0.6025390625 0.1908023483365949 0.6025390625 0.19960861056751467 0.6142578125 0.2054794520547945
0 0.859375 0.40117416829745595 0.8837890625 0.42074363992172203 0.900390625 0.42563600782778865 0.91796875 0.423679060665362 0.935546875 0.3962818003913894 0.9326171875 0.3796477495107632 0.9248046875 0.3698630136986301 0.916015625 0.3659491193737769 0.869140625 0.36497064579256355 0.8544921875 0.3786692759295499 0.8525390625 0.38747553816046965 0.859375 0.40117416829745595
0 0.6806640625 0.6399217221135028 0.6923828125 0.6418786692759295 0.7021484375 0.6369863013698629 0.7041015625 0.6252446183953033 0.69921875 0.6154598825831703 0.685546875 0.6125244618395304 0.67578125 0.6193737769080234 0.6748046875 0.6311154598825832 0.6806640625 0.6399217221135028
0 0.234375 0.6223091976516634 0.2421875 0.6232876712328766 0.248046875 0.6183953033268101 0.2490234375 0.6095890410958904 0.244140625 0.601761252446184 0.236328125 0.6007827788649707 0.2294921875 0.6076320939334637 0.2294921875 0.6164383561643836 0.234375 0.6223091976516634
0 0.16796875 0.601761252446184 0.1748046875 0.6105675146771037 0.1826171875 0.611545988258317 0.193359375 0.5998043052837574 0.216796875 0.6027397260273972 0.2236328125 0.5968688845401174 0.232421875 0.595890410958904 0.2373046875 0.5626223091976517 0.228515625 0.5499021526418787 0.21875 0.547945205479452 0.2099609375 0.5518590998043053 0.1904296875 0.5459882583170254 0.171875 0.5626223091976517 0.1689453125 0.573385518590998 0.171875 0.5880626223091976 0.16796875 0.601761252446184
0 0.7890625 0.9598825831702543 0.8056640625 0.9667318982387474 0.8154296875 0.9863013698630138 0.8291015625 0.9990215264187867 0.9111328125 0.9990215264187867 0.916015625 0.9804305283757339 0.904296875 0.9628180039138943 0.900390625 0.9647749510763208 0.8974609375 0.961839530332681 0.8837890625 0.9686888454011742 0.865234375 0.9608610567514676 0.8447265625 0.9598825831702543 0.8369140625 0.9559686888454012 0.837890625 0.9530332681017611 0.833984375 0.9540117416829744 0.8310546875 0.9354207436399216 0.845703125 0.9109589041095889 0.845703125 0.9031311154598824 0.8330078125 0.8825831702544031 0.7919921875 0.8796477495107631 0.77734375 0.892367906066536 0.779296875 0.949119373776908 0.7890625 0.9598825831702543
0 0.650390625 0.8933463796477495 0.6640625 0.8943248532289628 0.67578125 0.8864970645792564 0.677734375 0.8669275929549901 0.6708984375 0.8571428571428571 0.6494140625 0.8600782778864969 0.638671875 0.8659491193737768 0.638671875 0.8825831702544031 0.650390625 0.8933463796477495