0 0.3974609375 0.5851272015655578 0.419921875 0.598825831702544 0.439453125 0.6007827788649707 0.4521484375 0.5978473581213307 0.474609375 0.5802348336594911 0.4814453125 0.5665362035225049 0.4814453125 0.5313111545988258 0.474609375 0.5185909980430529 0.4560546875 0.5048923679060665 0.42578125 0.5009784735812133 0.4130859375 0.5058708414872799 0.396484375 0.5205479452054794 0.3876953125 0.5371819960861057 0.38671875 0.5567514677103718 0.3974609375 0.5851272015655578
0 0.23046875 0.07436399217221135 0.2373046875 0.08023483365949119 0.2509765625 0.0812133072407045 0.2900390625 0.07729941291585127 0.296875 0.07142857142857142 0.3251953125 0.06555772994129158 0.3310546875 0.05968688845401173 0.3359375 0.040117416829745595 0.3203125 0.02446183953033268 0.3017578125 0.022504892367906065 0.2822265625 0.03131115459882583 0.23828125 0.03228962818003914 0.2265625 0.04403131115459882 0.2255859375 0.06360078277886497 0.23046875 0.07436399217221135
0 0.625 0.14774951076320939 0.64453125 0.14677103718199608 0.650390625 0.136986301369863 0.6533203125 0.11545988258317026 0.63671875 0.09980430528375733 0.6259765625 0.10176125244618395 0.6220703125 0.10665362035225048 0.6162109375 0.14090019569471623 0.625 0.14774951076320939
0 0.57421875 0.2191780821917808 0.5849609375 0.2191780821917808 0.5908203125 0.21330724070450097 0.591796875 0.20254403131115456 0.583984375 0.19471624266144813 0.578125 0.19471624266144813 0.5673828125 0.20254403131115456 0.5673828125 0.21330724070450097 0.57421875 0.2191780821917808
0 0.5791015625 0.25146771037182 0.583984375 0.26810176125244617 0.595703125 0.2876712328767123 0.599609375 0.3062622309197652 0.6171875 0.3180039138943248 0.640625 0.3082191780821918 0.64453125 0.3023483365949119 0.640625 0.2788649706457925 0.6435546875 0.27495107632093935 0.6611328125 0.2720156555772994 0.6650390625 0.2622309197651663 0.6630859375 0.25244618395303325 0.65383203125 0.24121819960861055 0.6464638671875 0.23920450097847357 0.642109375 0.24205675146771038 0.638671875 0.24657534246575344 0.6328125 0.2455968688845401 0.6083984375 0.22407045009784735 0.59765625 0.22602739726027393 0.591796875 0.2318982387475538 0.5771484375 0.22896281800391388 0.5703125 0.2338551859099804 0.5703125 0.2455968688845401 0.5791015625 0.25146771037182
0 0.61328125 0.21428571428571427 0.61328125 0.22015655577299414 0.615234375 0.223091976516634 0.6201171875 0.22700587084148727 0.626953125 0.23091976516634052 0.6298828125 0.23091976516634052 0.634765625 0.22896281800391388 0.642578125 0.2318982387475538 0.6474609375 0.23091976516634052 0.6494140625 0.22896281800391388 0.654296875 0.22700587084148727 0.6572265625 0.22113502935420742 0.65625 0.2152641878669276 0.6513671875 0.21135029354207435 0.6396484375 0.21037181996086102 0.6279296875 0.2054794520547945 0.619140625 0.20645792563600782 0.6142578125 0.21037181996086102 0.6123046875 0.21330724070450097 0.61328125 0.21428571428571427
0 0.759765625 0.20058708414872797 0.76171875 0.20450097847358123 0.76171875 0.21037181996086102 0.7626953125 0.21330724070450097 0.765625 0.2162426614481409 0.7705078125 0.21819960861056747 0.779296875 0.21819960861056747 0.7822265625 0.2172211350293542 0.7841796875 0.21330724070450097 0.7841796875 0.20645792563600782 0.783203125 0.2054794520547945 0.783203125 0.19765166340508805 0.7822265625 0.19667318982387474 0.7822265625 0.19373776908023482 0.779296875 0.1888454011741683 0.7724609375 0.18395303326810175 0.7685546875 0.18395303326810175 0.76171875 0.1917808219178082 0.759765625 0.19569471624266144 0.759765625 0.20058708414872797
0 0.6982421875 0.04794520547945205 0.7041015625 0.050880626223091974 0.7099609375 0.050880626223091974 0.7119140625 0.049902152641878667 0.7138671875 0.046966731898238745 0.7138671875 0.0410958904109589 0.7099609375 0.036203522504892366 0.703125 0.036203522504892366 0.69921875 0.03816046966731898 0.697265625 0.040117416829745595 0.6962890625 0.04403131115459882 0.6982421875 0.04794520547945205
0 0.6826171875 0.12622309197651663 0.685546875 0.12818003913894324 0.6884765625 0.12818003913894324 0.69140625 0.12622309197651663 0.6923828125 0.12328767123287672 0.69140625 0.12035225048923678 0.689453125 0.11839530332681017 0.685546875 0.11839530332681017 0.6826171875 0.12133072407045009 0.6826171875 0.12622309197651663
0 0.7607421875 0.47064579256360073 0.7607421875 0.474559686888454 0.763671875 0.4794520547945205 0.7646484375 0.4794520547945205 0.7685546875 0.4823874755381604 0.7744140625 0.4823874755381604 0.7783203125 0.4804305283757338 0.7802734375 0.47847358121330724 0.78125 0.47651663405088057 0.78125 0.4667318982387475 0.7802734375 0.4647749510763209 0.775390625 0.4598825831702544 0.7734375 0.4589041095890411 0.765625 0.4589041095890411 0.763671875 0.46086105675146766 0.7626953125 0.46086105675146766 0.7607421875 0.4637964774951076 0.759765625 0.46966731898238745 0.7607421875 0.47064579256360073
0 0.794921875 0.41193737769080235 0.798828125 0.41976516634050876 0.80078125 0.42074363992172203 0.8046875 0.42074363992172203 0.8076171875 0.41976516634050876 0.8095703125 0.41780821917808214 0.810546875 0.4148727984344422 0.8095703125 0.41291585127201563 0.8095703125 0.40998043052837574 0.806640625 0.4070450097847358 0.7998046875 0.40410958904109584 0.7958984375 0.4060665362035225 0.794921875 0.40802348336594907 0.794921875 0.41193737769080235
0 0.6953125 0.6545988258317025 0.69140625 0.6545988258317025 0.685546875 0.6565557729941291 0.685546875 0.6604696673189824 0.693359375 0.6771037181996086 0.69921875 0.6819960861056751 0.7041015625 0.6839530332681016 0.70703125 0.6839530332681016 0.7109375 0.6819960861056751 0.720703125 0.6712328767123287 0.72265625 0.6673189823874754 0.72265625 0.6614481409001957 0.720703125 0.6555772994129158 0.716796875 0.649706457925636 0.7138671875 0.649706457925636 0.7080078125 0.6467710371819961 0.7041015625 0.6467710371819961 0.69921875 0.6526418786692758 0.6953125 0.6545988258317025
0 0.8310546875 0.7818003913894325 0.8359375 0.7925636007827788 0.8466796875 0.8307240704500979 0.8623046875 0.8356164383561643 0.8828125 0.8317025440313112 0.88671875 0.8228962818003913 0.8876953125 0.7788649706457925 0.876953125 0.7544031311154599 0.845703125 0.732876712328767 0.8291015625 0.7348336594911937 0.8125 0.7524461839530332 0.8134765625 0.7651663405088062 0.8310546875 0.7818003913894325
0 0.3720703125 0.6761252446183953 0.38671875 0.6839530332681016 0.388671875 0.7074363992172211 0.3984375 0.7221135029354208 0.4150390625 0.726027397260274 0.4287109375 0.7181996086105674 0.4326171875 0.6986301369863013 0.419921875 0.678082191780822 0.3837890625 0.6575342465753424 0.3671875 0.6643835616438356 0.3662109375 0.6692759295499021 0.3720703125 0.6761252446183953
0 0.716796875 0.8003913894324853 0.73828125 0.8082191780821917 0.7490234375 0.8189823874755382 0.7548828125 0.8189823874755382 0.7724609375 0.8003913894324853 0.7724609375 0.7954990215264187 0.765625 0.7886497064579256 0.7666015625 0.7720156555772995 0.7578125 0.7661448140900196 0.71484375 0.7818003913894325 0.7119140625 0.7925636007827788 0.716796875 0.8003913894324853