0 0.2177734375 0.29549902152641877 0.23046875 0.3043052837573385 0.2333984375 0.3131115459882583 0.2314453125 0.33072407045009783 0.2353515625 0.337573385518591 0.248046875 0.337573385518591 0.2578125 0.3199608610567514 0.2861328125 0.31213307240704496 0.287109375 0.3013698630136986 0.28125 0.2857142857142857 0.2861328125 0.2759295499021526 0.296875 0.2729941291585127 0.2978515625 0.26125244618395305 0.2919921875 0.25244618395303325 0.283203125 0.24853228962818003 0.26953125 0.2279843444227006 0.2529296875 0.22015655577299414 0.2333984375 0.22211350293542073 0.2197265625 0.23581213307240706 0.2109375 0.25538160469667315 0.208984375 0.2788649706457925 0.2177734375 0.29549902152641877
0 0.0771484375 0.47749510763209385 0.083984375 0.48630136986301364 0.0830078125 0.49412915851272016 0.091796875 0.5039138943248532 0.111328125 0.5088062622309197 0.1142578125 0.5156555772994129 0.1064453125 0.550880626223092 0.091796875 0.5694716242661448 0.0986328125 0.5900195694716242 0.13671875 0.6203522504892367 0.1552734375 0.6252446183953033 0.1787109375 0.6467710371819961 0.2099609375 0.6506849315068493 0.224609375 0.6457925636007827 0.2421875 0.6252446183953033 0.2529296875 0.595890410958904 0.24609375 0.5557729941291585 0.2470703125 0.5264187866927592 0.25 0.512720156555773 0.2646484375 0.49804305283757333 0.2685546875 0.48140900195694714 0.255859375 0.45205479452054786 0.2353515625 0.44227005870841485 0.216796875 0.44911937377690797 0.19921875 0.4628180039138943 0.185546875 0.46086105675146766 0.1845703125 0.44520547945205474 0.1787109375 0.43639921722113495 0.1611328125 0.4305283757338552 0.1435546875 0.41780821917808214 0.1357421875 0.41780821917808214 0.126953125 0.4070450097847358 0.11328125 0.39921722113502933 0.0927734375 0.4021526418786692 0.080078125 0.41291585127201563 0.0712890625 0.42759295499021527 0.0693359375 0.4471624266144814 0.0771484375 0.47749510763209385
0 0.3115234375 0.6536203522504892 0.3125 0.6575342465753424 0.3310546875 0.6731898238747553 0.3349609375 0.6810176125244618 0.345703125 0.6839530332681016 0.3623046875 0.6692759295499021 0.3935546875 0.6673189823874754 0.4130859375 0.6594911937377691 0.427734375 0.6340508806262231 0.443359375 0.6232876712328766 0.44921875 0.6076320939334637 0.4482421875 0.595890410958904 0.4287109375 0.5645792563600782 0.3994140625 0.5636007827788649 0.3896484375 0.573385518590998 0.3798828125 0.5978473581213307 0.3662109375 0.6046966731898238 0.3486328125 0.62133072407045 0.3349609375 0.6242661448140899 0.3271484375 0.6301369863013698 0.32421875 0.6399217221135028 0.3115234375 0.6536203522504892
0 0.408203125 0.9393346379647749 0.41796875 0.9324853228962817 0.4228515625 0.9168297455968688 0.4169921875 0.9099804305283756 0.4091796875 0.9090019569471623 0.3984375 0.913894324853229 0.390625 0.9246575342465754 0.3935546875 0.9363992172211351 0.408203125 0.9393346379647749
0 0 0.9579256360078278 0.0185546875 0.9579256360078278 0.033203125 0.949119373776908 0.03515625 0.9315068493150684 0.0205078125 0.9148727984344422 0.0029296875 0.9070450097847358 0 0.9070450097847358 0 0.9579256360078278
0 0.7998046875 0.8072407045009784 0.806640625 0.8131115459882583 0.814453125 0.8307240704500979 0.818359375 0.834637964774951 0.82421875 0.8365949119373777 0.8310546875 0.8356164383561643 0.8369140625 0.8287671232876711 0.8388671875 0.8160469667318981 0.849609375 0.7994129158512719 0.853515625 0.7886497064579256 0.8544921875 0.7749510763209393 0.8505859375 0.7651663405088062 0.8369140625 0.7465753424657533 0.8212890625 0.7416829745596869 0.80078125 0.7436399217221135 0.79296875 0.7534246575342466 0.7880859375 0.7651663405088062 0.7890625 0.7857142857142857 0.7998046875 0.8072407045009784
0 0.6884765625 0.8023483365949119 0.7158203125 0.796477495107632 0.7197265625 0.7915851272015655 0.720703125 0.7729941291585127 0.7041015625 0.7612524461839529 0.685546875 0.7651663405088062 0.6767578125 0.7632093933463796 0.66796875 0.7690802348336595 0.6669921875 0.7788649706457925 0.6884765625 0.8023483365949119
0 0.69921875 0.6771037181996086 0.7041015625 0.6731898238747553 0.7060546875 0.6673189823874754 0.7021484375 0.6604696673189824 0.6923828125 0.6585127201565557 0.6875 0.6634050880626223 0.689453125 0.675146771037182 0.69921875 0.6771037181996086
0 0.5703125 0.49804305283757333 0.58203125 0.5048923679060665 0.611328125 0.5117416829745596 0.619140625 0.5117416829745596 0.6318359375 0.5019569471624266 0.666015625 0.49804305283757333 0.681640625 0.5039138943248532 0.697265625 0.50293542074364 0.7177734375 0.5117416829745596 0.7216796875 0.5225048923679061 0.734375 0.5293542074363992 0.744140625 0.5244618395303327 0.7509765625 0.509784735812133 0.7490234375 0.4843444227005871 0.7314453125 0.46183953033268105 0.73046875 0.44227005870841485 0.7255859375 0.4324853228962818 0.716796875 0.42759295499021527 0.669921875 0.4305283757338552 0.6015625 0.45303326810176126 0.56640625 0.4735812133072407 0.564453125 0.48630136986301364 0.5703125 0.49804305283757333
0 0.8076171875 0.5362035225048923 0.80078125 0.5812133072407045 0.8173828125 0.5851272015655578 0.841796875 0.5655577299412916 0.861328125 0.5596868884540117 0.869140625 0.5528375733855186 0.90234375 0.49412915851272016 0.89453125 0.47064579256360073 0.8798828125 0.4549902152641878 0.880859375 0.43737769080234834 0.8623046875 0.41193737769080235 0.8544921875 0.40998043052837574 0.8486328125 0.4138943248532289 0.837890625 0.4403131115459883 0.8291015625 0.4510763209393346 0.8349609375 0.4735812133072407 0.8056640625 0.50293542074364 0.80078125 0.5136986301369862 0.798828125 0.5254403131115459 0.8076171875 0.5362035225048923
0 0.892578125 0.7641878669275929 0.904296875 0.7632093933463796 0.9111328125 0.7524461839530332 0.9091796875 0.7426614481409002 0.900390625 0.7377690802348337 0.8876953125 0.7446183953033267 0.88671875 0.7563600782778865 0.892578125 0.7641878669275929
0 0.810546875 0.6888454011741683 0.82421875 0.6966731898238747 0.8310546875 0.6937377690802349 0.833984375 0.678082191780822 0.82421875 0.6663405088062622 0.810546875 0.6692759295499021 0.806640625 0.6741682974559686 0.8056640625 0.6819960861056751 0.810546875 0.6888454011741683