0 0 0.22015655577299414 0.0126953125 0.2279843444227006 0.0361328125 0.2279843444227006 0.076171875 0.20645792563600782 0.0791015625 0.18493150684931506 0.078125 0.1771037181996086 0.0732421875 0.17318982387475537 0.0390625 0.16829745596868884 0.00390625 0.17416829745596868 0 0.1761252446183953 0 0.22015655577299414
0 0.541015625 0.3473581213307241 0.6025390625 0.363013698630137 0.6220703125 0.36007827788649704 0.6337890625 0.34637964774951074 0.6337890625 0.3336594911937377 0.6259765625 0.32583170254403127 0.603515625 0.3277886497064579 0.5732421875 0.31213307240704496 0.552734375 0.31017612524461835 0.544921875 0.30528375733855184 0.52734375 0.31017612524461835 0.529296875 0.33659491193737767 0.541015625 0.3473581213307241
0 0.4140625 0.38943248532289626 0.423828125 0.3972602739726027 0.4599609375 0.4050880626223091 0.4697265625 0.41291585127201563 0.47265625 0.42074363992172203 0.46875 0.4246575342465754 0.4697265625 0.4393346379647749 0.482421875 0.446183953033268 0.4951171875 0.44422700587084146 0.517578125 0.41682974559686886 0.5419921875 0.4070450097847358 0.5458984375 0.40019569471624267 0.5419921875 0.38747553816046965 0.525390625 0.37084148727984345 0.498046875 0.3522504892367906 0.4609375 0.3385518590998043 0.4521484375 0.3277886497064579 0.4384765625 0.3277886497064579 0.4150390625 0.34442270058708413 0.40625 0.3561643835616438 0.40625 0.37377690802348335 0.4140625 0.38943248532289626
0 0.353515625 0.6418786692759295 0.359375 0.6594911937377691 0.3837890625 0.6575342465753424 0.4130859375 0.6301369863013698 0.4140625 0.6203522504892367 0.4091796875 0.608610567514677 0.373046875 0.5812133072407045 0.35546875 0.5557729941291585 0.3486328125 0.5557729941291585 0.3271484375 0.5802348336594911 0.3291015625 0.6223091976516634 0.353515625 0.6418786692759295
0 0.2919921875 0.45792563600782776 0.3212890625 0.4833659491193737 0.33984375 0.4843444227005871 0.3544921875 0.47847358121330724 0.36328125 0.46868884540117417 0.3662109375 0.4481409001956947 0.3427734375 0.41976516634050876 0.3271484375 0.37279843444227 0.310546875 0.36203522504892366 0.2861328125 0.35812133072407043 0.275390625 0.3610567514677104 0.267578125 0.3767123287671233 0.2685546875 0.40802348336594907 0.2919921875 0.45792563600782776
0 0.611328125 0.6722113502935421 0.6455078125 0.6829745596868884 0.666015625 0.6829745596868884 0.6767578125 0.675146771037182 0.6767578125 0.6682974559686887 0.6689453125 0.662426614481409 0.6630859375 0.6409001956947162 0.65625 0.6350293542074363 0.6220703125 0.6262230919765166 0.6103515625 0.6330724070450098 0.6015625 0.6457925636007827 0.6015625 0.662426614481409 0.611328125 0.6722113502935421
0 0.3759765625 0.5019569471624266 0.404296875 0.5019569471624266 0.4228515625 0.4882583170254403 0.421875 0.4735812133072407 0.4111328125 0.4657534246575342 0.388671875 0.4677103718199608 0.3720703125 0.48140900195694714 0.369140625 0.4960861056751467 0.3759765625 0.5019569471624266
0 0.8134765625 0.6428571428571428 0.826171875 0.6516634050880625 0.8701171875 0.6506849315068493 0.8857421875 0.6301369863013698 0.884765625 0.6027397260273972 0.880859375 0.5929549902152641 0.8623046875 0.5684931506849316 0.845703125 0.5596868884540117 0.8359375 0.5636007827788649 0.826171875 0.5841487279843445 0.802734375 0.6125244618395304 0.8037109375 0.6281800391389433 0.8134765625 0.6428571428571428
0 0.681640625 0.649706457925636 0.724609375 0.6868884540117416 0.744140625 0.6917808219178082 0.751953125 0.6800391389432485 0.751953125 0.6653620352250489 0.759765625 0.6555772994129158 0.7587890625 0.6409001956947162 0.7490234375 0.6262230919765166 0.7138671875 0.5929549902152641 0.7041015625 0.5890410958904109 0.6875 0.6046966731898238 0.67578125 0.6223091976516634 0.67578125 0.6379647749510763 0.681640625 0.649706457925636
0 0.5947265625 0.7661448140900196 0.603515625 0.7651663405088062 0.6396484375 0.7759295499021526 0.65625 0.7632093933463796 0.6552734375 0.74853228962818 0.6435546875 0.732876712328767 0.580078125 0.7318982387475538 0.583984375 0.7573385518590998 0.5947265625 0.7661448140900196
0 0.646484375 0.43639921722113495 0.6630859375 0.44129158512720157 0.677734375 0.45205479452054786 0.6982421875 0.4510763209393346 0.705078125 0.446183953033268 0.7001953125 0.41976516634050876 0.6826171875 0.40802348336594907 0.650390625 0.3962818003913894 0.6376953125 0.40117416829745595 0.62890625 0.40998043052837574 0.630859375 0.423679060665362 0.646484375 0.43639921722113495
0 0.373046875 0.2279843444227006 0.4033203125 0.2172211350293542 0.41015625 0.20645792563600782 0.41015625 0.18590998043052837 0.4072265625 0.18199608610567514 0.3916015625 0.1780821917808219 0.375 0.18101761252446183 0.3681640625 0.18786692759295498 0.3642578125 0.20450097847358123 0.3642578125 0.2172211350293542 0.373046875 0.2279843444227006
0 0 0.2720156555772994 0 0.299412915851272 0.0087890625 0.2984344422700587 0.0166015625 0.29060665362035226 0.025390625 0.2896281800391389 0.0361328125 0.28180039138943247 0.0361328125 0.2700587084148728 0.0302734375 0.2651663405088062 0.0185546875 0.26418786692759294 0.0126953125 0.2700587084148728 0 0.2720156555772994