0 0.3310546875 0.046966731898238745 0.3359375 0.050880626223091974 0.3623046875 0.050880626223091974 0.37109375 0.04403131115459882 0.3876953125 0.0410958904109589 0.3935546875 0.03424657534246575 0.3916015625 0.010763209393346379 0.384765625 0 0.3271484375 0 0.326171875 0.003913894324853229 0.3251953125 0.030332681017612523 0.3310546875 0.046966731898238745
0 0.1171875 0.23874755381604693 0.126953125 0.23776908023483365 0.13671875 0.22211350293542073 0.1376953125 0.21135029354207435 0.1279296875 0.20450097847358123 0.1025390625 0.20450097847358123 0.0947265625 0.20939334637964774 0.095703125 0.22211350293542073 0.1171875 0.23874755381604693
0 0.0654296875 0.2602739726027397 0.0771484375 0.2622309197651663 0.08203125 0.2563600782778865 0.08203125 0.24853228962818003 0.0751953125 0.24363992172211352 0.06640625 0.2446183953033268 0.0634765625 0.24853228962818003 0.0654296875 0.2602739726027397
0 0.576171875 0.24657534246575344 0.5947265625 0.26125244618395305 0.609375 0.2583170254403131 0.615234375 0.2446183953033268 0.6171875 0.2162426614481409 0.6123046875 0.21135029354207435 0.5849609375 0.20450097847358123 0.57421875 0.20645792563600782 0.56640625 0.2152641878669276 0.56640625 0.22602739726027393 0.576171875 0.24657534246575344
0 0.2919921875 0.33170254403131116 0.2958984375 0.33463796477495106 0.326171875 0.34540117416829746 0.341796875 0.3385518590998043 0.3447265625 0.31409001956947163 0.330078125 0.2876712328767123 0.318359375 0.286692759295499 0.3076171875 0.299412915851272 0.29296875 0.3082191780821918 0.2900390625 0.31898238747553814 0.2919921875 0.33170254403131116
0 0.212890625 0.33463796477495106 0.2197265625 0.3424657534246575 0.2197265625 0.3571428571428571 0.2373046875 0.37377690802348335 0.2373046875 0.3816046966731898 0.2265625 0.39041095890410954 0.232421875 0.4187866927592955 0.2490234375 0.446183953033268 0.2646484375 0.4559686888454012 0.2724609375 0.4559686888454012 0.2724609375 0.46966731898238745 0.2646484375 0.4833659491193737 0.27734375 0.5058708414872799 0.279296875 0.5234833659491194 0.2646484375 0.5313111545988258 0.267578125 0.5430528375733854 0.27734375 0.5567514677103718 0.3037109375 0.5626223091976517 0.326171875 0.5518590998043053 0.3388671875 0.5499021526418787 0.34765625 0.5430528375733854 0.3603515625 0.5156555772994129 0.36328125 0.4911937377690802 0.3486328125 0.46086105675146766 0.30859375 0.40410958904109584 0.3095703125 0.39041095890410954 0.3046875 0.3835616438356164 0.2958984375 0.3825831702544031 0.2822265625 0.3884540117416829 0.2734375 0.3796477495107632 0.2744140625 0.3698630136986301 0.2861328125 0.3590998043052837 0.2890625 0.34931506849315064 0.283203125 0.3277886497064579 0.2685546875 0.3131115459882583 0.244140625 0.31702544031311153 0.23828125 0.31702544031311153 0.236328125 0.3131115459882583 0.2265625 0.31409001956947163 0.216796875 0.3238747553816047 0.2177734375 0.3287671232876712 0.212890625 0.33463796477495106
0 0.01171875 0.44520547945205474 0.021484375 0.44422700587084146 0.0263671875 0.43639921722113495 0.0224609375 0.4227005870841487 0.0107421875 0.42074363992172203 0.00390625 0.4246575342465754 0 0.43737769080234834 0.01171875 0.44520547945205474
0 0.1083984375 0.4187866927592955 0.1123046875 0.41193737769080235 0.1103515625 0.40313111545988256 0.1015625 0.39921722113502933 0.0947265625 0.40410958904109584 0.0947265625 0.41780821917808214 0.1083984375 0.4187866927592955
0 0.142578125 0.40410958904109584 0.150390625 0.4050880626223091 0.1572265625 0.40019569471624267 0.1591796875 0.3923679060665362 0.15625 0.38551859099804303 0.1474609375 0.3825831702544031 0.138671875 0.38649706457925637 0.138671875 0.398238747553816 0.142578125 0.40410958904109584
0 0.09765625 0.5626223091976517 0.1025390625 0.5547945205479452 0.1005859375 0.5450097847358121 0.08984375 0.5420743639921721 0.083984375 0.5459882583170254 0.0849609375 0.560665362035225 0.09765625 0.5626223091976517
0 0.08203125 0.5949119373776908 0.087890625 0.5939334637964775 0.091796875 0.5880626223091976 0.0908203125 0.5763209393346379 0.080078125 0.5724070450097847 0.0732421875 0.5772994129158512 0.07421875 0.5880626223091976 0.08203125 0.5949119373776908
0 0.8779296875 0.5694716242661448 0.8798828125 0.5870841487279843 0.8857421875 0.5919765166340508 0.9130859375 0.5851272015655578 0.9248046875 0.5675146771037182 0.935546875 0.560665362035225 0.939453125 0.5499021526418787 0.931640625 0.5273972602739725 0.9267578125 0.5244618395303327 0.89453125 0.5352250489236791 0.8876953125 0.5430528375733854 0.88671875 0.557729941291585 0.8779296875 0.5694716242661448
0 0.3232421875 0.25538160469667315 0.3349609375 0.25048923679060664 0.34375 0.25146771037182 0.3466796875 0.24755381604696672 0.3447265625 0.23874755381604693 0.33203125 0.23091976516634052 0.3232421875 0.2299412915851272 0.3173828125 0.23679060665362034 0.31640625 0.24657534246575344 0.3232421875 0.25538160469667315
0 0.3544921875 0.2054794520547945 0.36328125 0.2035225048923679 0.3642578125 0.19471624266144813 0.359375 0.18786692759295498 0.3544921875 0.18590998043052837 0.34765625 0.1917808219178082 0.34765625 0.19863013698630136 0.3544921875 0.2054794520547945
0 0.244140625 0.23091976516634052 0.2490234375 0.25440313111545987 0.2578125 0.2602739726027397 0.2802734375 0.25538160469667315 0.2841796875 0.24853228962818003 0.28125 0.24168297455968685 0.2841796875 0.22015655577299414 0.279296875 0.2162426614481409 0.2626953125 0.21819960861056747 0.2626953125 0.19960861056751467 0.236328125 0.2035225048923679 0.2353515625 0.2172211350293542 0.244140625 0.23091976516634052
0 0.296875 0.25733855185909976 0.302734375 0.2563600782778865 0.3037109375 0.23874755381604693 0.294921875 0.23483365949119372 0.2890625 0.23972602739726026 0.2890625 0.25048923679060664 0.296875 0.25733855185909976
0 0.064453125 0.4500978473581213 0.0732421875 0.4393346379647749 0.0732421875 0.4315068493150685 0.068359375 0.42661448140900193 0.060546875 0.42661448140900193 0.048828125 0.44227005870841485 0.0498046875 0.45205479452054786 0.064453125 0.4500978473581213