0 0.5595703125 0.19569471624266144 0.5576171875 0.2054794520547945 0.560546875 0.20939334637964774 0.591796875 0.20939334637964774 0.6083984375 0.19765166340508805 0.623046875 0.19275929549902152 0.625 0.17025440313111545 0.6396484375 0.1643835616438356 0.6640625 0.14383561643835616 0.6669921875 0.136986301369863 0.6650390625 0.12720156555772993 0.630859375 0.11448140900195694 0.6103515625 0.11448140900195694 0.5537109375 0.17221135029354206 0.5517578125 0.18297455968688844 0.5595703125 0.19569471624266144
0 0.4873046875 0.5743639921722112 0.494140625 0.5821917808219178 0.5048828125 0.5831702544031311 0.51171875 0.5753424657534246 0.529296875 0.5665362035225049 0.5380859375 0.5303326810176124 0.5341796875 0.5146771037181995 0.5205078125 0.5009784735812133 0.5068359375 0.5009784735812133 0.5029296875 0.5078277886497065 0.486328125 0.5185909980430529 0.4794921875 0.5303326810176124 0.478515625 0.550880626223092 0.4873046875 0.5743639921722112
0 0.609375 0.6125244618395304 0.6318359375 0.6135029354207436 0.64453125 0.608610567514677 0.6650390625 0.6105675146771037 0.671875 0.6066536203522505 0.67578125 0.5978473581213307 0.6884765625 0.5900195694716242 0.6865234375 0.5812133072407045 0.673828125 0.5636007827788649 0.66796875 0.560665362035225 0.6552734375 0.5655577299412916 0.634765625 0.5626223091976517 0.6298828125 0.5567514677103718 0.6123046875 0.5489236790606653 0.6025390625 0.5518590998043053 0.5888671875 0.5655577299412916 0.583984375 0.5831702544031311 0.5849609375 0.6007827788649707 0.609375 0.6125244618395304
0 0.548828125 0.8160469667318981 0.5576171875 0.8131115459882583 0.5986328125 0.8258317025440313 0.607421875 0.834637964774951 0.615234375 0.8561643835616438 0.6337890625 0.8669275929549901 0.646484375 0.8953033268101761 0.712890625 0.9187866927592955 0.7294921875 0.9119373776908024 0.7705078125 0.9129158512720157 0.7802734375 0.9080234833659491 0.7822265625 0.8972602739726027 0.7705078125 0.8747553816046967 0.732421875 0.8336594911937377 0.6943359375 0.8160469667318981 0.669921875 0.8131115459882583 0.6689453125 0.7974559686888454 0.6767578125 0.7915851272015655 0.6806640625 0.7759295499021526 0.6787109375 0.7573385518590998 0.6650390625 0.7367906066536203 0.6015625 0.7367906066536203 0.5703125 0.7573385518590998 0.5478515625 0.7857142857142857 0.5458984375 0.8013698630136986 0.548828125 0.8160469667318981
0 0.880859375 0.7857142857142857 0.890625 0.7896281800391389 0.9111328125 0.783757338551859 0.9248046875 0.793542074363992 0.9345703125 0.7896281800391389 0.94140625 0.7534246575342466 0.927734375 0.735812133072407 0.90625 0.7270058708414873 0.8974609375 0.7191780821917808 0.8916015625 0.7191780821917808 0.873046875 0.7367906066536203 0.861328125 0.7407045009784736 0.8662109375 0.7651663405088062 0.880859375 0.7857142857142857
0 0.8876953125 0.6125244618395304 0.896484375 0.6125244618395304 0.9013671875 0.6027397260273972 0.8984375 0.5880626223091976 0.88671875 0.5812133072407045 0.8740234375 0.5870841487279843 0.8740234375 0.6037181996086105 0.8876953125 0.6125244618395304
0 0.9658203125 0.9990215264187867 0.9677734375 0.9911937377690802 0.9560546875 0.9755381604696673 0.9609375 0.9598825831702543 0.95703125 0.9559686888454012 0.947265625 0.9559686888454012 0.9443359375 0.9677103718199609 0.94921875 0.9745596868884541 0.9384765625 0.9823874755381604 0.9248046875 0.9804305283757339 0.91015625 0.9902152641878669 0.9091796875 0.9990215264187867 0.9658203125 0.9990215264187867
0 0.830078125 0.3590998043052837 0.837890625 0.3571428571428571 0.8447265625 0.34931506849315064 0.84375 0.3414872798434442 0.8349609375 0.33463796477495106 0.826171875 0.33659491193737767 0.818359375 0.34540117416829746 0.8212890625 0.3532289628180039 0.830078125 0.3590998043052837
0 0.7548828125 0.2857142857142857 0.765625 0.2876712328767123 0.771484375 0.2847358121330724 0.7744140625 0.2534246575342466 0.7685546875 0.2446183953033268 0.7607421875 0.24853228962818003 0.7490234375 0.2651663405088062 0.7490234375 0.2788649706457925 0.7548828125 0.2857142857142857
0 0.1748046875 0.47064579256360073 0.193359375 0.4677103718199608 0.20703125 0.446183953033268 0.2060546875 0.4295499021526418 0.2001953125 0.42563600782778865 0.1884765625 0.42661448140900193 0.1748046875 0.43542074363992167 0.166015625 0.4481409001956947 0.1650390625 0.4598825831702544 0.1748046875 0.47064579256360073
0 0.19921875 0.20058708414872797 0.220703125 0.20939334637964774 0.22265625 0.2318982387475538 0.2275390625 0.23972602739726026 0.2587890625 0.24070450097847357 0.275390625 0.23091976516634052 0.2763671875 0.2162426614481409 0.265625 0.20058708414872797 0.267578125 0.18786692759295498 0.2958984375 0.1771037181996086 0.296875 0.15655577299412915 0.29296875 0.15166340508806261 0.287109375 0.15166340508806261 0.240234375 0.1634050880626223 0.2197265625 0.162426614481409 0.2109375 0.16634050880626222 0.1953125 0.18688845401174167 0.1943359375 0.19275929549902152 0.19921875 0.20058708414872797