0 0.8515625 0.5342465753424658 0.8662109375 0.5450097847358121 0.88671875 0.547945205479452 0.9013671875 0.5371819960861057 0.912109375 0.5225048923679061 0.912109375 0.5117416829745596 0.904296875 0.49021526418786693 0.890625 0.47847358121330724 0.869140625 0.4804305283757338 0.8515625 0.4911937377690802 0.8447265625 0.5 0.8447265625 0.5225048923679061 0.8515625 0.5342465753424658
0 0.7998046875 0.6712328767123287 0.8076171875 0.6731898238747553 0.81640625 0.6673189823874754 0.8173828125 0.6545988258317025 0.8115234375 0.6487279843444227 0.8046875 0.6477495107632094 0.7958984375 0.6545988258317025 0.7958984375 0.6673189823874754 0.7998046875 0.6712328767123287
0 0.57421875 0.7054794520547945 0.5859375 0.7064579256360078 0.591796875 0.7123287671232876 0.5859375 0.7318982387475538 0.5732421875 0.7465753424657533 0.578125 0.773972602739726 0.5869140625 0.7857142857142857 0.6083984375 0.7974559686888454 0.62890625 0.8023483365949119 0.650390625 0.8003913894324853 0.6591796875 0.7945205479452054 0.73828125 0.783757338551859 0.7509765625 0.7886497064579256 0.765625 0.7857142857142857 0.78125 0.7720156555772995 0.783203125 0.7514677103718199 0.77734375 0.735812133072407 0.7890625 0.723091976516634 0.8017578125 0.723091976516634 0.8076171875 0.7309197651663404 0.814453125 0.7289628180039138 0.8203125 0.7348336594911937 0.82421875 0.7338551859099803 0.826171875 0.7270058708414873 0.82421875 0.7113502935420744 0.8125 0.7054794520547945 0.806640625 0.697651663405088 0.79296875 0.6986301369863013 0.7900390625 0.7093933463796478 0.7734375 0.7064579256360078 0.77734375 0.6585127201565557 0.7705078125 0.6428571428571428 0.7783203125 0.6183953033268101 0.7734375 0.6135029354207436 0.7548828125 0.608610567514677 0.7451171875 0.62133072407045 0.7236328125 0.6301369863013698 0.720703125 0.6174168297455969 0.73046875 0.5998043052837574 0.7294921875 0.573385518590998 0.71875 0.5587084148727983 0.703125 0.5499021526418787 0.6923828125 0.5499021526418787 0.67236328125 0.562133072407045 0.6533203125 0.5675146771037182 0.65234375 0.5812133072407045 0.6689453125 0.598825831702544 0.669921875 0.6066536203522505 0.67578125 0.6125244618395304 0.6669921875 0.6223091976516634 0.669921875 0.6340508806262231 0.6611328125 0.6369863013698629 0.6533203125 0.6487279843444227 0.6494140625 0.6634050880626223 0.634765625 0.6888454011741683 0.6298828125 0.687866927592955 0.6220703125 0.6937377690802349 0.611328125 0.6917808219178082 0.611328125 0.6692759295499021 0.6025390625 0.6604696673189824 0.5947265625 0.662426614481409 0.5693359375 0.6859099804305283 0.5673828125 0.6986301369863013 0.57421875 0.7054794520547945
0 0.7412109375 0.3610567514677104 0.7724609375 0.3786692759295499 0.779296875 0.3796477495107632 0.787109375 0.37377690802348335 0.791015625 0.3385518590998043 0.7841796875 0.3268101761252446 0.7666015625 0.33072407045009783 0.736328125 0.3238747553816047 0.7275390625 0.33072407045009783 0.7275390625 0.3414872798434442 0.7412109375 0.3610567514677104
0 0.7548828125 0.5724070450097847 0.763671875 0.5724070450097847 0.771484375 0.5645792563600782 0.76953125 0.550880626223092 0.7646484375 0.5450097847358121 0.751953125 0.5430528375733854 0.7412109375 0.5518590998043053 0.7412109375 0.5636007827788649 0.7548828125 0.5724070450097847
0 0.4052734375 0.6585127201565557 0.4169921875 0.6575342465753424 0.4296875 0.6418786692759295 0.427734375 0.6281800391389433 0.419921875 0.6232876712328766 0.4072265625 0.6252446183953033 0.400390625 0.6360078277886496 0.3994140625 0.6487279843444227 0.4052734375 0.6585127201565557
0 0.3583984375 0.675146771037182 0.3701171875 0.6722113502935421 0.3935546875 0.6545988258317025 0.388671875 0.6467710371819961 0.3759765625 0.6399217221135028 0.3662109375 0.6399217221135028 0.3505859375 0.6536203522504892 0.3486328125 0.6643835616438356 0.3583984375 0.675146771037182
0 0.8642578125 0.5968688845401174 0.87109375 0.5919765166340508 0.873046875 0.5831702544031311 0.8701171875 0.5782778864970646 0.85546875 0.5763209393346379 0.8515625 0.5792563600782779 0.853515625 0.595890410958904 0.8642578125 0.5968688845401174
0 0.0537109375 0.5841487279843445 0.0634765625 0.5890410958904109 0.078125 0.5724070450097847 0.0810546875 0.5626223091976517 0.0791015625 0.5518590998043053 0.0615234375 0.5450097847358121 0.0517578125 0.557729941291585 0.05078125 0.5763209393346379 0.0537109375 0.5841487279843445
0 0.38671875 0.4315068493150685 0.3955078125 0.43542074363992167 0.4169921875 0.4295499021526418 0.4267578125 0.4138943248532289 0.4228515625 0.40117416829745595 0.4111328125 0.3962818003913894 0.3916015625 0.39921722113502933 0.3837890625 0.4060665362035225 0.3798828125 0.4227005870841487 0.38671875 0.4315068493150685
0 0.1103515625 0.34540117416829746 0.1279296875 0.34540117416829746 0.1484375 0.32093933463796476 0.150390625 0.3062622309197652 0.1435546875 0.28082191780821913 0.130859375 0.26418786692759294 0.123046875 0.2632093933463796 0.1083984375 0.27690802348336596 0.0947265625 0.299412915851272 0.095703125 0.32583170254403127 0.1103515625 0.34540117416829746
0 0.1328125 0.17221135029354206 0.1533203125 0.1780821917808219 0.1611328125 0.17318982387475537 0.173828125 0.14677103718199608 0.16796875 0.12328767123287672 0.1552734375 0.11741682974559686 0.13671875 0.11937377690802346 0.12890625 0.136986301369863 0.1279296875 0.16046966731898238 0.1328125 0.17221135029354206
0 0.203125 0.0812133072407045 0.2099609375 0.0821917808219178 0.220703125 0.07534246575342465 0.220703125 0.06262230919765166 0.208984375 0.04500978473581213 0.1982421875 0.04207436399217221 0.1904296875 0.049902152641878667 0.1923828125 0.06947162426614481 0.203125 0.0812133072407045
0 0.138671875 0.08904109589041095 0.1494140625 0.08806262230919765 0.1552734375 0.07827788649706457 0.150390625 0.05968688845401173 0.142578125 0.05283757338551859 0.1328125 0.0538160469667319 0.1279296875 0.05870841487279843 0.1298828125 0.08317025440313111 0.138671875 0.08904109589041095
0 0.0546875 0.6585127201565557 0.0693359375 0.6643835616438356 0.0791015625 0.6585127201565557 0.0810546875 0.6536203522504892 0.076171875 0.6457925636007827 0.0595703125 0.6409001956947162 0.0498046875 0.6428571428571428 0.0498046875 0.6536203522504892 0.0546875 0.6585127201565557