0 0.2783203125 0.4892367906066536 0.2880859375 0.5068493150684932 0.28515625 0.5185909980430529 0.296875 0.5469667318982387 0.29296875 0.5636007827788649 0.2958984375 0.5782778864970646 0.318359375 0.5900195694716242 0.3505859375 0.5939334637964775 0.373046875 0.5694716242661448 0.3896484375 0.5117416829745596 0.388671875 0.49510763209393344 0.380859375 0.4770058708414872 0.376953125 0.4510763209393346 0.3642578125 0.4383561643835616 0.3408203125 0.42759295499021527 0.31640625 0.4432485322896282 0.3037109375 0.4324853228962818 0.2939453125 0.43542074363992167 0.26171875 0.46183953033268105 0.2626953125 0.4735812133072407 0.2783203125 0.4892367906066536
0 0.3974609375 0.6663405088062622 0.4150390625 0.6722113502935421 0.44140625 0.6682974559686887 0.4462890625 0.6604696673189824 0.4462890625 0.649706457925636 0.4375 0.6428571428571428 0.3994140625 0.6467710371819961 0.392578125 0.6516634050880625 0.3916015625 0.6585127201565557 0.3974609375 0.6663405088062622
0 0.044921875 0.6203522504892367 0.048828125 0.6438356164383562 0.072265625 0.6526418786692758 0.0810546875 0.6604696673189824 0.1025390625 0.6536203522504892 0.111328125 0.6409001956947162 0.125 0.6330724070450098 0.130859375 0.6174168297455969 0.13671875 0.6144814090019569 0.1396484375 0.6027397260273972 0.13671875 0.5763209393346379 0.1279296875 0.5763209393346379 0.115234375 0.5626223091976517 0.0966796875 0.5665362035225049 0.0859375 0.5753424657534246 0.0751953125 0.5694716242661448 0.0634765625 0.5694716242661448 0.056640625 0.5753424657534246 0.0625 0.5919765166340508 0.044921875 0.6203522504892367
0 0.0302734375 0.6125244618395304 0.0400390625 0.611545988258317 0.04296875 0.6076320939334637 0.041015625 0.5968688845401174 0.0361328125 0.5929549902152641 0.0283203125 0.5949119373776908 0.025390625 0.6076320939334637 0.0302734375 0.6125244618395304
0 0.0947265625 0.474559686888454 0.107421875 0.48630136986301364 0.1328125 0.48140900195694714 0.1494140625 0.45303326810176126 0.1474609375 0.44129158512720157 0.12109375 0.4148727984344422 0.1123046875 0.41682974559686886 0.0986328125 0.42857142857142855 0.0947265625 0.44520547945205474 0.091796875 0.4628180039138943 0.0947265625 0.474559686888454
0 0.4345703125 0.15362035225048923 0.4423828125 0.16731898238747553 0.4541015625 0.16927592954990214 0.4716796875 0.16144814090019569 0.48828125 0.1506849315068493 0.4970703125 0.13894324853228962 0.498046875 0.12426614481409001 0.48828125 0.11545988258317026 0.4580078125 0.11350293542074363 0.4423828125 0.1086105675146771 0.431640625 0.11252446183953033 0.4287109375 0.12818003913894324 0.4345703125 0.15362035225048923
0 0.828125 0.41976516634050876 0.8349609375 0.4217221135029354 0.8388671875 0.4187866927592955 0.8486328125 0.40313111545988256 0.8486328125 0.3972602739726027 0.828125 0.37181996086105673 0.814453125 0.37377690802348335 0.7998046875 0.38649706457925637 0.798828125 0.40410958904109584 0.828125 0.41976516634050876
0 0.7998046875 0.4735812133072407 0.810546875 0.4735812133072407 0.8271484375 0.4628180039138943 0.8271484375 0.44227005870841485 0.8193359375 0.43346379647749506 0.8134765625 0.43346379647749506 0.806640625 0.4393346379647749 0.7998046875 0.4344422700587084 0.79296875 0.43542074363992167 0.78515625 0.446183953033268 0.7880859375 0.46086105675146766 0.7998046875 0.4735812133072407
0 0.7880859375 0.5645792563600782 0.80078125 0.5655577299412916 0.8134765625 0.560665362035225 0.8271484375 0.5469667318982387 0.8251953125 0.5293542074363992 0.810546875 0.5136986301369862 0.798828125 0.5166340508806262 0.7880859375 0.5303326810176124 0.7822265625 0.5322896281800391 0.78125 0.5538160469667319 0.7880859375 0.5645792563600782
0 0.6376953125 0.9726027397260273 0.6572265625 0.9814090019569471 0.666015625 0.9726027397260273 0.6884765625 0.9696673189823874 0.69921875 0.9637964774951076 0.70703125 0.9500978473581213 0.708984375 0.9354207436399216 0.69921875 0.9187866927592955 0.6748046875 0.9090019569471623 0.66015625 0.9236790606653621 0.640625 0.9354207436399216 0.6357421875 0.9481409001956946 0.634765625 0.9667318982387474 0.6376953125 0.9726027397260273
0 0.439453125 0.9647749510763208 0.4482421875 0.9657534246575341 0.4580078125 0.9598825831702543 0.474609375 0.9266144814090019 0.47265625 0.9217221135029353 0.4619140625 0.9197651663405088 0.4423828125 0.9256360078277887 0.4375 0.9344422700587083 0.4365234375 0.9608610567514676 0.439453125 0.9647749510763208
0 0.4638671875 0.6350293542074363 0.47265625 0.6360078277886496 0.4814453125 0.6291585127201565 0.4814453125 0.6154598825831703 0.4736328125 0.608610567514677 0.462890625 0.608610567514677 0.4541015625 0.6174168297455969 0.455078125 0.6291585127201565 0.4638671875 0.6350293542074363
0 0.7138671875 0.7563600782778865 0.7236328125 0.74559686888454 0.7236328125 0.735812133072407 0.7197265625 0.7289628180039138 0.712890625 0.7270058708414873 0.7060546875 0.7377690802348337 0.7060546875 0.7504892367906066 0.7138671875 0.7563600782778865
0 0.6787109375 0.7475538160469667 0.681640625 0.7504892367906066 0.69140625 0.74853228962818 0.6982421875 0.7397260273972602 0.6962890625 0.7270058708414873 0.689453125 0.7240704500978473 0.6787109375 0.7299412915851271 0.6748046875 0.7338551859099803 0.6787109375 0.7475538160469667
0 0.5927734375 0.7573385518590998 0.5947265625 0.7729941291585127 0.6123046875 0.7769080234833659 0.6171875 0.7671232876712328 0.6171875 0.7495107632093932 0.595703125 0.7338551859099803 0.5888671875 0.732876712328767 0.5830078125 0.7367906066536203 0.5810546875 0.74559686888454 0.5927734375 0.7573385518590998
0 0.0869140625 0.6937377690802349 0.103515625 0.6819960861056751 0.0927734375 0.6722113502935421 0.08203125 0.678082191780822 0.0810546875 0.6888454011741683 0.0869140625 0.6937377690802349
0 0.2880859375 0.9275929549902152 0.2978515625 0.9432485322896282 0.322265625 0.9471624266144814 0.33203125 0.9432485322896282 0.3330078125 0.9275929549902152 0.3203125 0.9148727984344422 0.302734375 0.9109589041095889 0.2880859375 0.9109589041095889 0.2802734375 0.9148727984344422 0.2783203125 0.9236790606653621 0.2880859375 0.9275929549902152