0 0.587890625 0.14677103718199608 0.580078125 0.16634050880626222 0.5810546875 0.2162426614481409 0.60546875 0.24266144814090018 0.6162109375 0.24266144814090018 0.6474609375 0.22211350293542073 0.662109375 0.19275929549902152 0.6630859375 0.1761252446183953 0.6572265625 0.16144814090019569 0.6474609375 0.1506849315068493 0.626953125 0.14090019569471623 0.6142578125 0.14187866927592954 0.60546875 0.12328767123287672 0.5908203125 0.12035225048923678 0.58203125 0.12622309197651663 0.5810546875 0.13111545988258316 0.58203125 0.13992172211350293 0.587890625 0.14677103718199608
0 0.279296875 0.5205479452054794 0.2958984375 0.5264187866927592 0.306640625 0.5420743639921721 0.3173828125 0.5401174168297456 0.330078125 0.5469667318982387 0.341796875 0.5410958904109588 0.3408203125 0.5225048923679061 0.3330078125 0.5078277886497065 0.337890625 0.48727984344422703 0.3310546875 0.4726027397260274 0.3134765625 0.45401174168297453 0.3017578125 0.4500978473581213 0.2822265625 0.4510763209393346 0.2705078125 0.46086105675146766 0.2626953125 0.4755381604696673 0.265625 0.49804305283757333 0.279296875 0.5205479452054794
0 0.224609375 0.23091976516634052 0.2392578125 0.2328767123287671 0.2451171875 0.22896281800391388 0.2470703125 0.2152641878669276 0.23828125 0.2054794520547945 0.224609375 0.2054794520547945 0.2177734375 0.21135029354207435 0.2177734375 0.223091976516634 0.224609375 0.23091976516634052
0 0.55078125 0.11252446183953033 0.583984375 0.11448140900195694 0.5947265625 0.09882583170254403 0.5947265625 0.07729941291585127 0.576171875 0.0684931506849315 0.5712890625 0.07729941291585127 0.5576171875 0.07729941291585127 0.54296875 0.08904109589041095 0.541015625 0.09784735812133072 0.55078125 0.11252446183953033
0 0.3466796875 0.11937377690802346 0.357421875 0.11937377690802346 0.365234375 0.11252446183953033 0.3623046875 0.09882583170254403 0.3544921875 0.09295499021526418 0.3408203125 0.10078277886497064 0.3408203125 0.11056751467710371 0.3466796875 0.11937377690802346
0 0.2314453125 0.38062622309197647 0.23828125 0.3767123287671233 0.2412109375 0.3659491193737769 0.236328125 0.3571428571428571 0.2275390625 0.3561643835616438 0.21875 0.36007827788649704 0.2109375 0.37181996086105673 0.212890625 0.3825831702544031 0.2314453125 0.38062622309197647
0 0.189453125 0.6682974559686887 0.2060546875 0.6771037181996086 0.220703125 0.6761252446183953 0.2236328125 0.6673189823874754 0.216796875 0.6575342465753424 0.2197265625 0.6418786692759295 0.2314453125 0.6291585127201565 0.2275390625 0.6105675146771037 0.2177734375 0.6046966731898238 0.2060546875 0.6076320939334637 0.18359375 0.6516634050880625 0.18359375 0.6614481409001957 0.189453125 0.6682974559686887
0 0.6494140625 0.5802348336594911 0.6787109375 0.5782778864970646 0.6953125 0.5665362035225049 0.697265625 0.5538160469667319 0.693359375 0.5371819960861057 0.6875 0.5273972602739725 0.66796875 0.5117416829745596 0.6513671875 0.5117416829745596 0.638671875 0.5176125244618395 0.62890625 0.5342465753424658 0.6328125 0.5636007827788649 0.6494140625 0.5802348336594911
0 0.5458984375 0.29158512720156554 0.560546875 0.29060665362035226 0.58203125 0.2729941291585127 0.578125 0.2602739726027397 0.5546875 0.25244618395303325 0.5419921875 0.25440313111545987 0.533203125 0.2651663405088062 0.533203125 0.27984344422700586 0.5458984375 0.29158512720156554
0 0.345703125 0.8737769080234834 0.35546875 0.8786692759295498 0.3662109375 0.87573385518591 0.369140625 0.8698630136986301 0.3662109375 0.8590998043052837 0.35546875 0.8542074363992171 0.3486328125 0.8561643835616438 0.3447265625 0.8620352250489237 0.345703125 0.8737769080234834
0 0.3740234375 0.8336594911937377 0.3720703125 0.850293542074364 0.3798828125 0.8620352250489237 0.40234375 0.8620352250489237 0.4150390625 0.8581213307240704 0.4541015625 0.8845401174168297 0.49609375 0.8982387475538159 0.5224609375 0.892367906066536 0.556640625 0.9148727984344422 0.5849609375 0.9129158512720157 0.6123046875 0.9001956947162426 0.626953125 0.885518590998043 0.638671875 0.8258317025440313 0.638671875 0.7563600782778865 0.625 0.7201565557729941 0.599609375 0.675146771037182 0.5966796875 0.6506849315068493 0.587890625 0.6448140900195695 0.578125 0.62133072407045 0.560546875 0.6125244618395304 0.54296875 0.6164383561643836 0.541015625 0.6291585127201565 0.4716796875 0.7152641878669275 0.453125 0.7093933463796478 0.427734375 0.7201565557729941 0.4033203125 0.7534246575342466 0.3896484375 0.7876712328767124 0.3681640625 0.8072407045009784 0.3671875 0.8209393346379648 0.3740234375 0.8336594911937377
0 0.2744140625 0.786692759295499 0.2890625 0.8023483365949119 0.3037109375 0.8023483365949119 0.3095703125 0.793542074363992 0.3076171875 0.7818003913894325 0.283203125 0.7612524461839529 0.2724609375 0.7661448140900196 0.2705078125 0.7788649706457925 0.2744140625 0.786692759295499
0 0.2333984375 0.9735812133072406 0.2470703125 0.9667318982387474 0.2783203125 0.9295499021526418 0.2919921875 0.920743639921722 0.2919921875 0.9119373776908024 0.287109375 0.9060665362035225 0.2626953125 0.9031311154598824 0.23828125 0.9060665362035225 0.21875 0.9021526418786692 0.2138671875 0.9070450097847358 0.220703125 0.9598825831702543 0.2333984375 0.9735812133072406
0 0.80859375 0.6409001956947162 0.81640625 0.6448140900195695 0.822265625 0.6428571428571428 0.828125 0.6252446183953033 0.8232421875 0.6154598825831703 0.810546875 0.6125244618395304 0.7998046875 0.6232876712328766 0.7998046875 0.6311154598825832 0.80859375 0.6409001956947162
0 0.8017578125 0.6839530332681016 0.810546875 0.6819960861056751 0.8173828125 0.6722113502935421 0.8154296875 0.6634050880626223 0.802734375 0.6555772994129158 0.7939453125 0.6565557729941291 0.787109375 0.6653620352250489 0.7880859375 0.675146771037182 0.8017578125 0.6839530332681016
0 0.7607421875 0.598825831702544 0.7685546875 0.5978473581213307 0.7734375 0.5880626223091976 0.7724609375 0.5645792563600782 0.765625 0.5596868884540117 0.75390625 0.5596868884540117 0.7451171875 0.5694716242661448 0.7470703125 0.5909980430528375 0.7607421875 0.598825831702544
0 0.7412109375 0.5401174168297456 0.7509765625 0.5391389432485323 0.755859375 0.5322896281800391 0.755859375 0.5264187866927592 0.748046875 0.5166340508806262 0.7412109375 0.5176125244618395 0.7353515625 0.5254403131115459 0.734375 0.5362035225048923 0.7412109375 0.5401174168297456
0 0.6572265625 0.611545988258317 0.6875 0.611545988258317 0.701171875 0.6037181996086105 0.703125 0.5909980430528375 0.69921875 0.5831702544031311 0.685546875 0.5772994129158512 0.6533203125 0.595890410958904 0.65234375 0.6056751467710371 0.6572265625 0.611545988258317
0 0.490234375 0.06164383561643836 0.5146484375 0.0675146771037182 0.5263671875 0.060665362035225046 0.52734375 0.04598825831702544 0.51953125 0.03522504892367906 0.4912109375 0.03424657534246575 0.4833984375 0.029354207436399216 0.47265625 0.03228962818003914 0.4716796875 0.04598825831702544 0.490234375 0.06164383561643836
0 0.4169921875 0.26418786692759294 0.423828125 0.26418786692759294 0.4560546875 0.25048923679060664 0.4609375 0.24168297455968685 0.46484375 0.21135029354207435 0.4462890625 0.1908023483365949 0.4306640625 0.18688845401174167 0.4072265625 0.2172211350293542 0.40234375 0.22896281800391388 0.4033203125 0.25440313111545987 0.4169921875 0.26418786692759294