0 0.578125 0.022504892367906065 0.5869140625 0.023483365949119372 0.5927734375 0.019569471624266144 0.595703125 0.012720156555772993 0.5927734375 0 0.5751953125 0 0.5732421875 0.003913894324853229 0.5732421875 0.016634050880626222 0.578125 0.022504892367906065
0 0.6435546875 0.0684931506849315 0.658203125 0.07632093933463796 0.6748046875 0.07534246575342465 0.6806640625 0.05968688845401173 0.677734375 0.03913894324853229 0.654296875 0.03228962818003914 0.6416015625 0.040117416829745595 0.638671875 0.049902152641878667 0.6435546875 0.0684931506849315
0 0.59765625 0.0675146771037182 0.6083984375 0.0675146771037182 0.6162109375 0.0557729941291585 0.61328125 0.03131115459882583 0.599609375 0.026418786692759294 0.5908203125 0.03522504892367906 0.591796875 0.060665362035225046 0.59765625 0.0675146771037182
0 0.490234375 0.16731898238747553 0.498046875 0.16731898238747553 0.5146484375 0.15655577299412915 0.5234375 0.1360078277886497 0.5185546875 0.12622309197651663 0.498046875 0.12133072407045009 0.4814453125 0.13013698630136986 0.4765625 0.13894324853228962 0.4775390625 0.16046966731898238 0.490234375 0.16731898238747553
0 0.609375 0.16634050880626222 0.615234375 0.16144814090019569 0.6171875 0.15166340508806261 0.6123046875 0.14285714285714285 0.6044921875 0.14090019569471623 0.5947265625 0.1487279843444227 0.59765625 0.1643835616438356 0.609375 0.16634050880626222
0 0.681640625 0.26125244618395305 0.69921875 0.2690802348336595 0.70703125 0.26614481409001955 0.7216796875 0.25146771037182 0.728515625 0.23679060665362034 0.72265625 0.21819960861056747 0.703125 0.21330724070450097 0.6904296875 0.2162426614481409 0.6728515625 0.2328767123287671 0.67578125 0.25440313111545987 0.681640625 0.26125244618395305
0 0.69921875 0.11741682974559686 0.7138671875 0.11937377690802346 0.7236328125 0.11350293542074363 0.724609375 0.0949119373776908 0.7158203125 0.0821917808219178 0.7021484375 0.0821917808219178 0.693359375 0.09686888454011741 0.693359375 0.11056751467710371 0.69921875 0.11741682974559686
0 0.630859375 0.1360078277886497 0.640625 0.1350293542074364 0.640625 0.12035225048923678 0.6337890625 0.11545988258317026 0.6240234375 0.11839530332681017 0.625 0.13209393346379647 0.630859375 0.1360078277886497
0 0.7880859375 0.3199608610567514 0.7783203125 0.3590998043052837 0.7900390625 0.3698630136986301 0.802734375 0.3698630136986301 0.822265625 0.35518590998043054 0.85546875 0.36203522504892366 0.8701171875 0.36007827788649704 0.8916015625 0.33463796477495106 0.896484375 0.3111545988258317 0.908203125 0.3062622309197652 0.9267578125 0.30724070450097846 0.935546875 0.299412915851272 0.94140625 0.2837573385518591 0.939453125 0.2759295499021526 0.931640625 0.2690802348336595 0.90625 0.2632093933463796 0.875 0.2690802348336595 0.8076171875 0.299412915851272 0.80078125 0.2896281800391389 0.79296875 0.2857142857142857 0.771484375 0.2876712328767123 0.7724609375 0.3043052837573385 0.7880859375 0.3199608610567514
0 0.8681640625 0.2328767123287671 0.8759765625 0.23091976516634052 0.8779296875 0.22015655577299414 0.8720703125 0.2162426614481409 0.8642578125 0.2172211350293542 0.865234375 0.2299412915851272 0.8681640625 0.2328767123287671
0 0.8271484375 0.2837573385518591 0.8359375 0.2837573385518591 0.8427734375 0.27690802348336596 0.841796875 0.2700587084148728 0.837890625 0.26810176125244617 0.8291015625 0.2729941291585127 0.82421875 0.2788649706457925 0.8271484375 0.2837573385518591
0 0.7412109375 0.509784735812133 0.7509765625 0.5078277886497065 0.7548828125 0.5009784735812133 0.7509765625 0.4833659491193737 0.7412109375 0.4823874755381604 0.7353515625 0.4892367906066536 0.7373046875 0.5068493150684932 0.7412109375 0.509784735812133
0 0.4775390625 0.44129158512720157 0.5 0.44911937377690797 0.5078125 0.47064579256360073 0.51953125 0.47847358121330724 0.5390625 0.4804305283757338 0.5546875 0.4628180039138943 0.55859375 0.4383561643835616 0.5537109375 0.42563600782778865 0.5361328125 0.4138943248532289 0.533203125 0.40019569471624267 0.5224609375 0.3943248532289628 0.5107421875 0.3972602739726027 0.4990234375 0.41780821917808214 0.4912109375 0.4227005870841487 0.48046875 0.4217221135029354 0.4765625 0.42661448140900193 0.474609375 0.43542074363992167 0.4775390625 0.44129158512720157
0 0.8095703125 0.700587084148728 0.8173828125 0.697651663405088 0.818359375 0.6819960861056751 0.8125 0.6771037181996086 0.8017578125 0.6800391389432485 0.80078125 0.6956947162426614 0.8095703125 0.700587084148728
0 0.888671875 0.7377690802348337 0.8994140625 0.7407045009784736 0.908203125 0.7221135029354208 0.90625 0.7084148727984344 0.890625 0.7045009784735812 0.880859375 0.7103718199608611 0.8828125 0.7289628180039138 0.888671875 0.7377690802348337
0 0.0810546875 0.8082191780821917 0.1142578125 0.8101761252446182 0.1171875 0.8082191780821917 0.1162109375 0.7954990215264187 0.1298828125 0.7847358121330724 0.146484375 0.7818003913894325 0.1513671875 0.7749510763209393 0.1669921875 0.74853228962818 0.1669921875 0.7299412915851271 0.1474609375 0.7142857142857142 0.119140625 0.7152641878669275 0.1044921875 0.7279843444227005 0.0908203125 0.7612524461839529 0.0810546875 0.7661448140900196 0.07421875 0.7759295499021526 0.07421875 0.7945205479452054 0.0810546875 0.8082191780821917
0 0.123046875 0.44520547945205474 0.14453125 0.45205479452054786 0.1669921875 0.43542074363992167 0.16796875 0.4217221135029354 0.146484375 0.3962818003913894 0.1259765625 0.3943248532289628 0.1171875 0.4021526418786692 0.119140625 0.4393346379647749 0.123046875 0.44520547945205474
0 0.650390625 0.987279843444227 0.662109375 0.9853228962818003 0.677734375 0.9726027397260273 0.6826171875 0.9637964774951076 0.6796875 0.9520547945205479 0.646484375 0.9373776908023483 0.6337890625 0.9422700587084147 0.6279296875 0.9500978473581213 0.6279296875 0.9628180039138943 0.650390625 0.987279843444227
0 0.4921875 0.2837573385518591 0.5146484375 0.28082191780821913 0.52734375 0.2886497064579256 0.5458984375 0.2827788649706458 0.55078125 0.2759295499021526 0.5478515625 0.26125244618395305 0.529296875 0.24755381604696672 0.5166015625 0.24853228962818003 0.4873046875 0.2690802348336595 0.486328125 0.27690802348336596 0.4921875 0.2837573385518591
0 0.2958984375 0.8140900195694716 0.306640625 0.8170254403131114 0.314453125 0.8101761252446182 0.3134765625 0.7994129158512719 0.306640625 0.7925636007827788 0.2919921875 0.7994129158512719 0.2919921875 0.8101761252446182 0.2958984375 0.8140900195694716
0 0.8583984375 0.8317025440313112 0.869140625 0.8297455968688844 0.8818359375 0.8180039138943249 0.8798828125 0.809197651663405 0.875 0.8052837573385518 0.859375 0.8023483365949119 0.8544921875 0.8082191780821917 0.8544921875 0.8268101761252445 0.8583984375 0.8317025440313112
0 0.931640625 0.6340508806262231 0.9423828125 0.6399217221135028 0.9599609375 0.6330724070450098 0.9599609375 0.6193737769080234 0.953125 0.6135029354207436 0.939453125 0.608610567514677 0.927734375 0.6135029354207436 0.92578125 0.6242661448140899 0.931640625 0.6340508806262231