0 0.8056640625 0.37279843444227 0.83203125 0.39041095890410954 0.833984375 0.40802348336594907 0.837890625 0.41193737769080235 0.857421875 0.423679060665362 0.869140625 0.423679060665362 0.8828125 0.4070450097847358 0.880859375 0.38649706457925637 0.89453125 0.3561643835616438 0.8916015625 0.32974559686888455 0.8681640625 0.30724070450097846 0.8623046875 0.29549902152641877 0.8544921875 0.29549902152641877 0.8330078125 0.299412915851272 0.8095703125 0.32093933463796476 0.80078125 0.33561643835616434 0.7998046875 0.34833659491193736 0.8056640625 0.37279843444227
0 0.4814453125 0.2729941291585127 0.4912109375 0.27495107632093935 0.498046875 0.2690802348336595 0.5009765625 0.25538160469667315 0.4951171875 0.24853228962818003 0.482421875 0.2455968688845401 0.47265625 0.2534246575342466 0.47265625 0.2651663405088062 0.4814453125 0.2729941291585127
0 0.56640625 0.17025440313111545 0.576171875 0.15851272015655576 0.5771484375 0.13992172211350293 0.56640625 0.12915851272015655 0.560546875 0.13013698630136986 0.5556640625 0.13894324853228962 0.55859375 0.16634050880626222 0.56640625 0.17025440313111545
0 0.326171875 0.18590998043052837 0.3349609375 0.1761252446183953 0.333984375 0.16536203522504891 0.3271484375 0.16046966731898238 0.318359375 0.16046966731898238 0.314453125 0.16536203522504891 0.3154296875 0.18101761252446183 0.326171875 0.18590998043052837
0 0.5576171875 0.2152641878669276 0.5625 0.2279843444227006 0.576171875 0.2299412915851272 0.5810546875 0.22015655577299414 0.578125 0.20254403131115456 0.5634765625 0.1917808219178082 0.5498046875 0.19569471624266144 0.544921875 0.20254403131115456 0.5576171875 0.2152641878669276
0 0.3974609375 0.223091976516634 0.3974609375 0.2338551859099804 0.404296875 0.2446183953033268 0.4169921875 0.24657534246575344 0.4267578125 0.24168297455968685 0.4423828125 0.2123287671232877 0.443359375 0.18786692759295498 0.4384765625 0.1780821917808219 0.4287109375 0.17416829745596868 0.4091796875 0.1780821917808219 0.4033203125 0.18688845401174167 0.40625 0.20645792563600782 0.3974609375 0.223091976516634
0 0.11328125 0.4050880626223091 0.126953125 0.39921722113502933 0.1337890625 0.38747553816046965 0.134765625 0.3767123287671233 0.1298828125 0.3698630136986301 0.1162109375 0.3679060665362035 0.103515625 0.37181996086105673 0.0966796875 0.3825831702544031 0.09765625 0.3972602739726027 0.11328125 0.4050880626223091
0 0.3486328125 0.6545988258317025 0.359375 0.6594911937377691 0.37109375 0.6594911937377691 0.3876953125 0.6467710371819961 0.390625 0.6223091976516634 0.3828125 0.6076320939334637 0.3505859375 0.601761252446184 0.3447265625 0.6037181996086105 0.337890625 0.6135029354207436 0.333984375 0.6350293542074363 0.3486328125 0.6545988258317025
0 0.3447265625 0.6722113502935421 0.34765625 0.6682974559686887 0.34765625 0.6575342465753424 0.341796875 0.6516634050880625 0.3291015625 0.6604696673189824 0.333984375 0.6722113502935421 0.3447265625 0.6722113502935421
0 0.4912109375 0.601761252446184 0.5068359375 0.586105675146771 0.5107421875 0.5753424657534246 0.5 0.5626223091976517 0.4912109375 0.5596868884540117 0.4765625 0.5851272015655578 0.4755859375 0.5949119373776908 0.4912109375 0.601761252446184
0 0.37890625 0.8796477495107631 0.3876953125 0.8776908023483365 0.396484375 0.8688845401174168 0.39453125 0.8620352250489237 0.384765625 0.8551859099804305 0.3759765625 0.8551859099804305 0.369140625 0.8620352250489237 0.369140625 0.8698630136986301 0.37890625 0.8796477495107631
0 0.400390625 0.9530332681017611 0.4130859375 0.9540117416829744 0.4267578125 0.9452054794520548 0.43359375 0.913894324853229 0.4140625 0.8962818003913894 0.4033203125 0.8962818003913894 0.3935546875 0.9031311154598824 0.3935546875 0.9442270058708415 0.400390625 0.9530332681017611
0 0.2451171875 0.9530332681017611 0.2548828125 0.9500978473581213 0.26171875 0.9354207436399216 0.251953125 0.913894324853229 0.23828125 0.9109589041095889 0.228515625 0.9178082191780822 0.2353515625 0.9452054794520548 0.2451171875 0.9530332681017611
0 0.8291015625 0.19667318982387474 0.8447265625 0.1898238747553816 0.8486328125 0.18199608610567514 0.845703125 0.1761252446183953 0.83984375 0.1761252446183953 0.8232421875 0.18493150684931506 0.822265625 0.19275929549902152 0.8291015625 0.19667318982387474