0 0 0.324853228962818 0.013671875 0.3414872798434442 0.0283203125 0.34540117416829746 0.0498046875 0.3268101761252446 0.05078125 0.3180039138943248 0.037109375 0.29452054794520544 0.017578125 0.2925636007827789 0.005859375 0.30332681017612523 0 0.3131115459882583 0 0.324853228962818
0 0.1806640625 0.6105675146771037 0.19921875 0.6330724070450098 0.2373046875 0.6506849315068493 0.263671875 0.6487279843444227 0.271484375 0.6526418786692758 0.28125 0.675146771037182 0.3076171875 0.6986301369863013 0.32421875 0.6966731898238747 0.373046875 0.6682974559686887 0.375 0.6565557729941291 0.384765625 0.6418786692759295 0.38671875 0.6174168297455969 0.3583984375 0.5929549902152641 0.330078125 0.5283757338551859 0.3203125 0.5225048923679061 0.2685546875 0.5136986301369862 0.259765625 0.5136986301369862 0.2509765625 0.5195694716242661 0.2265625 0.5176125244618395 0.2060546875 0.5283757338551859 0.1884765625 0.5538160469667319 0.189453125 0.5812133072407045 0.1806640625 0.6105675146771037
0 0.37890625 0.5714285714285714 0.38671875 0.573385518590998 0.3984375 0.5665362035225049 0.4013671875 0.5557729941291585 0.39453125 0.5459882583170254 0.384765625 0.5440313111545988 0.375 0.5499021526418787 0.3720703125 0.5616438356164383 0.37890625 0.5714285714285714
0 0.3427734375 0.5244618395303327 0.3720703125 0.5254403131115459 0.376953125 0.5185909980430529 0.373046875 0.4960861056751467 0.3623046875 0.4833659491193737 0.3486328125 0.4882583170254403 0.3359375 0.509784735812133 0.3369140625 0.5205479452054794 0.3427734375 0.5244618395303327
0 0.427734375 0.7152641878669275 0.451171875 0.7093933463796478 0.4794921875 0.7103718199608611 0.4921875 0.6859099804305283 0.4873046875 0.6712328767123287 0.478515625 0.6643835616438356 0.4814453125 0.6428571428571428 0.4755859375 0.6291585127201565 0.46484375 0.6193737769080234 0.453125 0.6154598825831703 0.4404296875 0.6183953033268101 0.4208984375 0.6399217221135028 0.41015625 0.6555772994129158 0.4052734375 0.6790606653620352 0.4091796875 0.7025440313111545 0.427734375 0.7152641878669275
0 0.8310546875 0.5998043052837574 0.87890625 0.6007827788649707 0.88671875 0.5978473581213307 0.892578125 0.5890410958904109 0.8955078125 0.5772994129158512 0.892578125 0.550880626223092 0.8837890625 0.5391389432485323 0.8740234375 0.5342465753424658 0.8603515625 0.5342465753424658 0.8349609375 0.5254403131115459 0.8232421875 0.5332681017612524 0.8134765625 0.5538160469667319 0.8134765625 0.5704500978473581 0.8310546875 0.5998043052837574
0 0.3828125 0.2827788649706458 0.4130859375 0.30528375733855184 0.41015625 0.31604696673189825 0.4130859375 0.3287671232876712 0.4228515625 0.3414872798434442 0.4248046875 0.3522504892367906 0.4384765625 0.363013698630137 0.4560546875 0.36203522504892366 0.482421875 0.3434442270058708 0.498046875 0.3434442270058708 0.5166015625 0.3542074363992172 0.5390625 0.34931506849315064 0.560546875 0.32093933463796476 0.5615234375 0.3131115459882583 0.5546875 0.3023483365949119 0.5556640625 0.2925636007827789 0.55078125 0.286692759295499 0.548828125 0.2700587084148728 0.5673828125 0.2632093933463796 0.5712890625 0.25929549902152643 0.572265625 0.24853228962818003 0.5556640625 0.2328767123287671 0.5576171875 0.20450097847358123 0.5537109375 0.18003913894324852 0.5400390625 0.1643835616438356 0.4912109375 0.15459882583170254 0.4716796875 0.12328767123287672 0.4609375 0.11448140900195694 0.4404296875 0.11252446183953033 0.42578125 0.11545988258317026 0.3935546875 0.14677103718199608 0.396484375 0.16927592954990214 0.392578125 0.18786692759295498 0.3740234375 0.20939334637964774 0.369140625 0.22602739726027393 0.37109375 0.25538160469667315 0.3828125 0.2827788649706458
0 0.783203125 0.9794520547945205 0.7861328125 0.9892367906066536 0.7939453125 0.9990215264187867 0.8310546875 0.9990215264187867 0.8515625 0.9608610567514676 0.849609375 0.949119373776908 0.83984375 0.9403131115459882 0.8349609375 0.9109589041095889 0.830078125 0.9070450097847358 0.8203125 0.9080234833659491 0.794921875 0.9158512720156555 0.7880859375 0.9246575342465754 0.791015625 0.9677103718199609 0.783203125 0.9794520547945205
0 0.0419921875 0.8659491193737768 0.0654296875 0.8727984344422699 0.091796875 0.8659491193737768 0.0947265625 0.8620352250489237 0.087890625 0.8326810176125244 0.0693359375 0.8199608610567515 0.0478515625 0.8180039138943249 0.0380859375 0.8356164383561643 0.033203125 0.8590998043052837 0.0419921875 0.8659491193737768
0 0.62109375 0.8767123287671232 0.6298828125 0.8767123287671232 0.6376953125 0.8669275929549901 0.6357421875 0.8561643835616438 0.6259765625 0.8483365949119372 0.6162109375 0.850293542074364 0.60546875 0.8590998043052837 0.6044921875 0.8679060665362035 0.62109375 0.8767123287671232
0 0.486328125 0.4305283757338552 0.4970703125 0.4315068493150685 0.5078125 0.42563600782778865 0.513671875 0.41976516634050876 0.5205078125 0.398238747553816 0.51953125 0.3835616438356164 0.515625 0.3796477495107632 0.4990234375 0.3835616438356164 0.482421875 0.41682974559686886 0.482421875 0.42661448140900193 0.486328125 0.4305283757338552
0 0.642578125 0.47651663405088057 0.650390625 0.474559686888454 0.6611328125 0.4628180039138943 0.6640625 0.4481409001956947 0.6787109375 0.4187866927592955 0.6748046875 0.39921722113502933 0.662109375 0.40019569471624267 0.6455078125 0.42074363992172203 0.6328125 0.4559686888454012 0.6328125 0.46966731898238745 0.642578125 0.47651663405088057
0 0.8115234375 0.7093933463796478 0.8232421875 0.7103718199608611 0.814453125 0.684931506849315 0.8076171875 0.6800391389432485 0.7978515625 0.6829745596868884 0.796875 0.6966731898238747 0.8115234375 0.7093933463796478