0 0.2197265625 0.2886497064579256 0.216796875 0.299412915851272 0.228515625 0.3082191780821918 0.23046875 0.33072407045009783 0.2421875 0.337573385518591 0.2509765625 0.3532289628180039 0.26953125 0.363013698630137 0.2802734375 0.3639921722113503 0.2919921875 0.3590998043052837 0.3125 0.337573385518591 0.3193359375 0.324853228962818 0.3369140625 0.32093933463796476 0.345703125 0.3062622309197652 0.3447265625 0.30039138943248533 0.3388671875 0.29647749510763205 0.3427734375 0.2759295499021526 0.337890625 0.26125244618395305 0.3251953125 0.24363992172211352 0.3095703125 0.23874755381604693 0.302734375 0.23091976516634052 0.2890625 0.23091976516634052 0.2763671875 0.23776908023483365 0.265625 0.23483365949119372 0.2509765625 0.2455968688845401 0.2275390625 0.25146771037182 0.21484375 0.26614481409001955 0.2138671875 0.273972602739726 0.2197265625 0.2886497064579256
0 0.517578125 0.37084148727984345 0.5263671875 0.3943248532289628 0.5390625 0.40117416829745595 0.572265625 0.40117416829745595 0.5908203125 0.38943248532289626 0.634765625 0.37377690802348335 0.646484375 0.36497064579256355 0.6513671875 0.3150684931506849 0.6455078125 0.3062622309197652 0.611328125 0.2876712328767123 0.5830078125 0.2886497064579256 0.546875 0.3043052837573385 0.5224609375 0.3287671232876712 0.5009765625 0.3405088062622309 0.5009765625 0.34833659491193736 0.517578125 0.37084148727984345
0 0.3974609375 0.5117416829745596 0.40625 0.5146771037181995 0.4287109375 0.5136986301369862 0.43359375 0.5039138943248532 0.4453125 0.49706457925636005 0.48046875 0.5039138943248532 0.4951171875 0.50293542074364 0.517578125 0.4911937377690802 0.525390625 0.46086105675146766 0.513671875 0.44227005870841485 0.486328125 0.43346379647749506 0.4794921875 0.41291585127201563 0.4482421875 0.40802348336594907 0.4423828125 0.40998043052837574 0.41015625 0.446183953033268 0.3916015625 0.4882583170254403 0.3935546875 0.5058708414872799 0.3974609375 0.5117416829745596
0 0.548828125 0.5557729941291585 0.5849609375 0.5939334637964775 0.6162109375 0.6027397260273972 0.6337890625 0.595890410958904 0.638671875 0.5880626223091976 0.6435546875 0.560665362035225 0.6396484375 0.5362035225048923 0.630859375 0.5244618395303327 0.6240234375 0.5215264187866928 0.5869140625 0.5215264187866928 0.552734375 0.5332681017612524 0.5322265625 0.5283757338551859 0.5234375 0.5362035225048923 0.525390625 0.5469667318982387 0.548828125 0.5557729941291585
0 0.5087890625 0.5645792563600782 0.5166015625 0.5655577299412916 0.5244140625 0.5596868884540117 0.521484375 0.5459882583170254 0.51171875 0.5450097847358121 0.505859375 0.5499021526418787 0.50390625 0.5587084148727983 0.5087890625 0.5645792563600782
0 0.0556640625 0.6125244618395304 0.0634765625 0.6095890410958904 0.0751953125 0.6164383561643836 0.07421875 0.6223091976516634 0.080078125 0.6281800391389433 0.08984375 0.6272015655577299 0.1064453125 0.6125244618395304 0.10546875 0.6046966731898238 0.0859375 0.5812133072407045 0.078125 0.5812133072407045 0.0625 0.5900195694716242 0.052734375 0.5870841487279843 0.0458984375 0.5919765166340508 0.046875 0.6105675146771037 0.0556640625 0.6125244618395304
0 0.19140625 0.5587084148727983 0.19921875 0.557729941291585 0.20703125 0.5645792563600782 0.21484375 0.5645792563600782 0.220703125 0.5596868884540117 0.22265625 0.5489236790606653 0.2099609375 0.5371819960861057 0.193359375 0.5342465753424658 0.1826171875 0.5430528375733854 0.18359375 0.5528375733855186 0.19140625 0.5587084148727983
0 0.28515625 0.8101761252446182 0.2939453125 0.8111545988258317 0.3017578125 0.8033268101761252 0.3095703125 0.8140900195694716 0.3203125 0.8160469667318981 0.330078125 0.809197651663405 0.3310546875 0.7994129158512719 0.318359375 0.7749510763209393 0.2900390625 0.7710371819960861 0.2783203125 0.7798434442270058 0.2783203125 0.7954990215264187 0.28515625 0.8101761252446182
0 0.3037109375 0.8483365949119372 0.3076171875 0.8571428571428571 0.314453125 0.8649706457925636 0.322265625 0.8688845401174168 0.3310546875 0.8698630136986301 0.3466796875 0.863013698630137 0.349609375 0.8600782778864969 0.3525390625 0.8493150684931507 0.3525390625 0.8444227005870841 0.3505859375 0.8395303326810175 0.330078125 0.821917808219178 0.3203125 0.8209393346379648 0.3095703125 0.8238747553816047 0.302734375 0.8307240704500979 0.3017578125 0.8424657534246576 0.3037109375 0.8483365949119372
0 0.5205078125 0.984344422700587 0.5302734375 0.984344422700587 0.5390625 0.9784735812133072 0.5390625 0.9657534246575341 0.53125 0.9579256360078278 0.5185546875 0.9598825831702543 0.513671875 0.9667318982387474 0.5146484375 0.9794520547945205 0.5205078125 0.984344422700587
0 0.72265625 0.7700587084148728 0.740234375 0.7661448140900196 0.7529296875 0.7475538160469667 0.7529296875 0.7221135029354208 0.748046875 0.7123287671232876 0.734375 0.7015655577299412 0.7236328125 0.6986301369863013 0.7041015625 0.700587084148728 0.69140625 0.7240704500978473 0.693359375 0.7416829745596869 0.72265625 0.7700587084148728
0 0.5947265625 0.6819960861056751 0.6162109375 0.6917808219178082 0.619140625 0.6996086105675146 0.6240234375 0.6996086105675146 0.630859375 0.6956947162426614 0.6435546875 0.6673189823874754 0.6474609375 0.6291585127201565 0.642578125 0.6223091976516634 0.6240234375 0.6203522504892367 0.5830078125 0.6350293542074363 0.5751953125 0.6477495107632094 0.5791015625 0.6682974559686887 0.5947265625 0.6819960861056751
0 0.8310546875 0.6409001956947162 0.8564453125 0.6409001956947162 0.8701171875 0.6291585127201565 0.87109375 0.6105675146771037 0.85546875 0.5949119373776908 0.8349609375 0.5949119373776908 0.8232421875 0.6095890410958904 0.822265625 0.6223091976516634 0.8310546875 0.6409001956947162
0 0.8681640625 0.4138943248532289 0.8740234375 0.4158512720156556 0.880859375 0.4138943248532289 0.8974609375 0.3943248532289628 0.900390625 0.3835616438356164 0.8935546875 0.37377690802348335 0.8828125 0.37279843444227 0.86328125 0.37573385518590996 0.8564453125 0.38551859099804303 0.857421875 0.398238747553816 0.8681640625 0.4138943248532289
0 0.8701171875 0.4931506849315069 0.8779296875 0.48727984344422703 0.8837890625 0.4716242661448141 0.8837890625 0.46183953033268105 0.8779296875 0.45401174168297453 0.8701171875 0.45205479452054786 0.86328125 0.4549902152641878 0.8564453125 0.4677103718199608 0.8583984375 0.4882583170254403 0.8701171875 0.4931506849315069
0 0.8896484375 0.23874755381604693 0.8984375 0.23679060665362034 0.9111328125 0.223091976516634 0.91015625 0.21428571428571427 0.900390625 0.20939334637964774 0.8828125 0.2162426614481409 0.8818359375 0.2299412915851272 0.8896484375 0.23874755381604693
0 0.4091796875 0.7142857142857142 0.419921875 0.7074363992172211 0.423828125 0.6917808219178082 0.41796875 0.684931506849315 0.4072265625 0.6839530332681016 0.3955078125 0.6966731898238747 0.3955078125 0.7113502935420744 0.4091796875 0.7142857142857142
0 0.578125 0.8845401174168297 0.5888671875 0.8845401174168297 0.5986328125 0.8737769080234834 0.5986328125 0.8659491193737768 0.5888671875 0.8561643835616438 0.5791015625 0.8561643835616438 0.572265625 0.8610567514677104 0.5693359375 0.8727984344422699 0.578125 0.8845401174168297
0 0.5146484375 0.8483365949119372 0.5234375 0.863013698630137 0.5283203125 0.8669275929549901 0.5390625 0.8698630136986301 0.5546875 0.8718199608610566 0.55859375 0.8718199608610566 0.564453125 0.8688845401174168 0.5673828125 0.8620352250489237 0.5673828125 0.8542074363992171 0.564453125 0.8483365949119372 0.55859375 0.8454011741682974 0.5498046875 0.837573385518591 0.53515625 0.8307240704500979 0.529296875 0.8297455968688844 0.521484375 0.8297455968688844 0.513671875 0.8356164383561643 0.5126953125 0.8424657534246576 0.5146484375 0.8483365949119372
0 0.1142578125 0.42074363992172203 0.1396484375 0.41780821917808214 0.1474609375 0.40900195694716246 0.146484375 0.3943248532289628 0.134765625 0.3835616438356164 0.1201171875 0.3825831702544031 0.1083984375 0.3943248532289628 0.1064453125 0.40900195694716246 0.1142578125 0.42074363992172203
0 0.1923828125 0.16829745596868884 0.2119140625 0.16634050880626222 0.22265625 0.15753424657534246 0.224609375 0.14774951076320939 0.2216796875 0.11643835616438356 0.212890625 0.09099804305283757 0.201171875 0.07632093933463796 0.189453125 0.07436399217221135 0.1787109375 0.07632093933463796 0.171875 0.09099804305283757 0.17578125 0.15459882583170254 0.1923828125 0.16829745596868884