0 0.4658203125 0.12720156555772993 0.4599609375 0.14677103718199608 0.4599609375 0.16144814090019569 0.46484375 0.17221135029354206 0.4814453125 0.18493150684931506 0.5263671875 0.20156555772994128 0.54296875 0.19863013698630136 0.552734375 0.18590998043052837 0.5595703125 0.16829745596868884 0.552734375 0.14579256360078277 0.4912109375 0.0949119373776908 0.4658203125 0.09393346379647749 0.458984375 0.10078277886497064 0.4580078125 0.11350293542074363 0.4658203125 0.12720156555772993
0 0.1796875 0.47064579256360073 0.1806640625 0.4823874755381604 0.1728515625 0.5117416829745596 0.1591796875 0.5342465753424658 0.1591796875 0.5410958904109588 0.1640625 0.5567514677103718 0.181640625 0.5743639921722112 0.1728515625 0.6027397260273972 0.17578125 0.6232876712328766 0.2236328125 0.6232876712328766 0.232421875 0.6193737769080234 0.240234375 0.6095890410958904 0.236328125 0.5890410958904109 0.2431640625 0.5831702544031311 0.2822265625 0.5616438356164383 0.3037109375 0.5675146771037182 0.3232421875 0.5636007827788649 0.3251953125 0.5430528375733854 0.302734375 0.5195694716242661 0.3251953125 0.49804305283757333 0.3212890625 0.4823874755381604 0.3251953125 0.4549902152641878 0.2939453125 0.40802348336594907 0.294921875 0.3913894324853229 0.302734375 0.3816046966731898 0.306640625 0.36497064579256355 0.2841796875 0.324853228962818 0.26953125 0.3180039138943248 0.2568359375 0.3199608610567514 0.2421875 0.33268101761252444 0.2080078125 0.3522504892367906 0.181640625 0.38551859099804303 0.1689453125 0.4471624266144814 0.1689453125 0.4559686888454012 0.1796875 0.47064579256360073
0 0.673828125 0.5743639921722112 0.673828125 0.5812133072407045 0.6787109375 0.5851272015655578 0.6943359375 0.5841487279843445 0.7197265625 0.5929549902152641 0.7353515625 0.5929549902152641 0.7587890625 0.5831702544031311 0.7724609375 0.5841487279843445 0.783203125 0.5782778864970646 0.7958984375 0.5636007827788649 0.7939453125 0.5587084148727983 0.7841796875 0.5538160469667319 0.767578125 0.5078277886497065 0.7607421875 0.5019569471624266 0.7548828125 0.5009784735812133 0.734375 0.5166340508806262 0.7060546875 0.5146771037181995 0.6923828125 0.5244618395303327 0.6875 0.5567514677103718 0.673828125 0.5743639921722112
0 0.5224609375 0.46183953033268105 0.525390625 0.474559686888454 0.5703125 0.5185909980430529 0.5859375 0.5185909980430529 0.599609375 0.4911937377690802 0.599609375 0.4726027397260274 0.6162109375 0.45792563600782776 0.615234375 0.446183953033268 0.5849609375 0.42857142857142855 0.578125 0.4295499021526418 0.564453125 0.41193737769080235 0.5615234375 0.39921722113502933 0.55078125 0.3923679060665362 0.5361328125 0.3953033268101761 0.525390625 0.4070450097847358 0.5126953125 0.410958904109589 0.5107421875 0.4148727984344422 0.5087890625 0.4383561643835616 0.5224609375 0.46183953033268105
0 0.396484375 0.6917808219178082 0.3984375 0.6966731898238747 0.392578125 0.7035225048923679 0.396484375 0.7093933463796478 0.4052734375 0.7123287671232876 0.416015625 0.7093933463796478 0.470703125 0.6487279843444227 0.470703125 0.6428571428571428 0.45703125 0.6193737769080234 0.4677734375 0.608610567514677 0.4765625 0.5909980430528375 0.48046875 0.5675146771037182 0.474609375 0.557729941291585 0.4482421875 0.5371819960861057 0.4423828125 0.5225048923679061 0.4326171875 0.5185909980430529 0.4248046875 0.5185909980430529 0.419921875 0.5234833659491194 0.3994140625 0.5636007827788649 0.396484375 0.6027397260273972 0.416015625 0.62133072407045 0.4169921875 0.6262230919765166 0.3994140625 0.6389432485322896 0.3935546875 0.6536203522504892 0.4052734375 0.675146771037182 0.396484375 0.6917808219178082
0 0.7158203125 0.726027397260274 0.7236328125 0.7299412915851271 0.7353515625 0.726027397260274 0.73828125 0.7113502935420744 0.7275390625 0.6917808219178082 0.71484375 0.687866927592955 0.7080078125 0.6947162426614482 0.7060546875 0.7045009784735812 0.7158203125 0.726027397260274
0 0.6640625 0.8522504892367906 0.673828125 0.8365949119373777 0.69921875 0.8209393346379648 0.69921875 0.8101761252446182 0.7099609375 0.7974559686888454 0.703125 0.7749510763209393 0.689453125 0.7671232876712328 0.6669921875 0.7661448140900196 0.658203125 0.7553816046966731 0.650390625 0.7563600782778865 0.634765625 0.7710371819960861 0.6318359375 0.786692759295499 0.6220703125 0.7925636007827788 0.607421875 0.8228962818003913 0.60546875 0.8454011741682974 0.6640625 0.8522504892367906
0 0.466796875 0.8268101761252445 0.4775390625 0.809197651663405 0.4765625 0.8013698630136986 0.4658203125 0.7945205479452054 0.455078125 0.7994129158512719 0.455078125 0.812133072407045 0.466796875 0.8268101761252445
0 0.76171875 0.8365949119373777 0.7685546875 0.8444227005870841 0.7861328125 0.8395303326810175 0.791015625 0.8297455968688844 0.80224609375 0.8238747553816047 0.81640625 0.8209393346379648 0.8251953125 0.7994129158512719 0.8251953125 0.7925636007827788 0.8134765625 0.7788649706457925 0.810546875 0.7681017612524461 0.79296875 0.7622309197651662 0.7763671875 0.7622309197651662 0.765625 0.7681017612524461 0.75390625 0.7915851272015655 0.7529296875 0.812133072407045 0.76171875 0.8365949119373777
0 0.9482421875 0.3405088062622309 0.9580078125 0.33659491193737767 0.96484375 0.32093933463796476 0.96484375 0.31017612524461835 0.9541015625 0.2925636007827789 0.9482421875 0.2886497064579256 0.9326171875 0.2925636007827789 0.91796875 0.29060665362035226 0.9130859375 0.299412915851272 0.92578125 0.3395303326810176 0.9482421875 0.3405088062622309
0 0.884765625 0.4050880626223091 0.8916015625 0.41291585127201563 0.904296875 0.41193737769080235 0.9111328125 0.4050880626223091 0.912109375 0.39041095890410954 0.9072265625 0.38551859099804303 0.89453125 0.38454011741682975 0.8828125 0.38649706457925637 0.884765625 0.4050880626223091
0 0.8564453125 0.44911937377690797 0.8583984375 0.45303326810176126 0.865234375 0.45792563600782776 0.873046875 0.45792563600782776 0.880859375 0.45401174168297453 0.888671875 0.44520547945205474 0.8916015625 0.4403131115459883 0.8916015625 0.43346379647749506 0.890625 0.4305283757338552 0.8857421875 0.42563600782778865 0.8837890625 0.4246575342465754 0.87890625 0.4246575342465754 0.8759765625 0.42563600782778865 0.8583984375 0.4383561643835616 0.8564453125 0.44227005870841485 0.8564453125 0.44911937377690797
0 0.857421875 0.5254403131115459 0.859375 0.5283757338551859 0.86328125 0.5303326810176124 0.8671875 0.5342465753424658 0.87109375 0.5362035225048923 0.8779296875 0.5362035225048923 0.8837890625 0.5322896281800391 0.8857421875 0.5283757338551859 0.8857421875 0.5176125244618395 0.884765625 0.5166340508806262 0.884765625 0.5136986301369862 0.8828125 0.5107632093933463 0.876953125 0.5107632093933463 0.861328125 0.5156555772994129 0.857421875 0.5195694716242661 0.857421875 0.5254403131115459
0 0.462890625 0.008806262230919765 0.466796875 0.025440313111545987 0.4736328125 0.030332681017612523 0.4970703125 0.01761252446183953 0.5224609375 0.012720156555772993 0.5537109375 0.021526418786692758 0.5595703125 0.012720156555772993 0.55859375 0 0.44921875 0.0009784735812133072 0.462890625 0.008806262230919765
0 0.39453125 0.12622309197651663 0.40625 0.12818003913894324 0.4140625 0.12328767123287672 0.4150390625 0.11741682974559686 0.4033203125 0.09784735812133072 0.388671875 0.09784735812133072 0.3798828125 0.10469667318982387 0.3828125 0.11741682974559686 0.39453125 0.12622309197651663