0 0.34765625 0.6575342465753424 0.3662109375 0.6585127201565557 0.376953125 0.6545988258317025 0.390625 0.6379647749510763 0.384765625 0.6125244618395304 0.3701171875 0.6027397260273972 0.345703125 0.6037181996086105 0.32421875 0.62133072407045 0.3232421875 0.6330724070450098 0.34765625 0.6575342465753424
0 0.5224609375 0.06653620352250489 0.5341796875 0.09099804305283757 0.544921875 0.10078277886497064 0.5634765625 0.10567514677103718 0.5751953125 0.10567514677103718 0.5859375 0.09980430528375733 0.6044921875 0.07534246575342465 0.6064453125 0.05968688845401173 0.603515625 0.0538160469667319 0.5810546875 0.0410958904109589 0.5595703125 0.03424657534246575 0.552734375 0.02446183953033268 0.54296875 0.023483365949119372 0.5361328125 0.029354207436399216 0.5419921875 0.043052837573385516 0.5224609375 0.06653620352250489
0 0.046875 0.24755381604696672 0.052734375 0.2788649706457925 0.0673828125 0.2886497064579256 0.0810546875 0.28180039138943247 0.09765625 0.2847358121330724 0.12890625 0.3277886497064579 0.126953125 0.3434442270058708 0.1142578125 0.35127201565557725 0.115234375 0.3639921722113503 0.126953125 0.3767123287671233 0.1435546875 0.37573385518590996 0.1533203125 0.37084148727984345 0.158203125 0.34931506849315064 0.14453125 0.3268101761252446 0.1708984375 0.30919765166340507 0.1806640625 0.2857142857142857 0.19140625 0.27690802348336596 0.193359375 0.2671232876712329 0.1904296875 0.2602739726027397 0.1611328125 0.24070450097847357 0.1357421875 0.2318982387475538 0.119140625 0.2152641878669276 0.1123046875 0.20156555772994128 0.0771484375 0.18590998043052837 0.04296875 0.19275929549902152 0.029296875 0.2054794520547945 0.0283203125 0.21819960861056747 0.046875 0.24755381604696672
0 0.369140625 0.20058708414872797 0.373046875 0.20254403131115456 0.3818359375 0.19765166340508805 0.3896484375 0.17123287671232876 0.38671875 0.15851272015655576 0.3701171875 0.15459882583170254 0.3515625 0.15949119373776907 0.3447265625 0.16634050880626222 0.3466796875 0.17906066536203522 0.369140625 0.20058708414872797
0 0.2724609375 0.18688845401174167 0.2802734375 0.18688845401174167 0.2861328125 0.18199608610567514 0.287109375 0.17123287671232876 0.2822265625 0.16731898238747553 0.275390625 0.16634050880626222 0.2685546875 0.17123287671232876 0.267578125 0.17906066536203522 0.2724609375 0.18688845401174167
0 0.001953125 0.7925636007827788 0.01171875 0.8160469667318981 0.0361328125 0.8287671232876711 0.0478515625 0.8307240704500979 0.0615234375 0.8228962818003913 0.068359375 0.8033268101761252 0.06640625 0.786692759295499 0.0712890625 0.7818003913894325 0.0947265625 0.7847358121330724 0.1142578125 0.7798434442270058 0.1328125 0.7651663405088062 0.1357421875 0.7514677103718199 0.1318359375 0.7338551859099803 0.1337890625 0.7270058708414873 0.1298828125 0.7201565557729941 0.1123046875 0.7191780821917808 0.0703125 0.7270058708414873 0.0615234375 0.732876712328767 0.0517578125 0.7279843444227005 0.0400390625 0.7074363992172211 0.033203125 0.7025440313111545 0.021484375 0.6986301369863013 0.0078125 0.7054794520547945 0 0.7133072407045009 0.001953125 0.7925636007827788
0 0.1328125 0.5254403131115459 0.1484375 0.5264187866927592 0.15234375 0.5117416829745596 0.1484375 0.49804305283757333 0.1435546875 0.49412915851272016 0.12890625 0.49804305283757333 0.1259765625 0.5058708414872799 0.1328125 0.5254403131115459
0 0.5927734375 0.41780821917808214 0.6083984375 0.4217221135029354 0.6162109375 0.4148727984344422 0.625 0.3923679060665362 0.623046875 0.37573385518590996 0.611328125 0.3679060665362035 0.59765625 0.3679060665362035 0.5830078125 0.3786692759295499 0.5810546875 0.38943248532289626 0.5927734375 0.41780821917808214
0 0.56640625 0.44422700587084146 0.5771484375 0.4344422700587084 0.5810546875 0.4246575342465754 0.5732421875 0.41780821917808214 0.5625 0.4158512720156556 0.5498046875 0.42759295499021527 0.552734375 0.4383561643835616 0.56640625 0.44422700587084146
0 0.818359375 0.8209393346379648 0.8505859375 0.8199608610567515 0.8623046875 0.8101761252446182 0.8681640625 0.796477495107632 0.8662109375 0.7651663405088062 0.845703125 0.7475538160469667 0.8125 0.74853228962818 0.7958984375 0.7778864970645791 0.7978515625 0.796477495107632 0.818359375 0.8209393346379648
0 0.7265625 0.9637964774951076 0.740234375 0.9569471624266145 0.748046875 0.9354207436399216 0.7470703125 0.9285714285714285 0.736328125 0.9217221135029353 0.724609375 0.9275929549902152 0.71875 0.9354207436399216 0.7197265625 0.9598825831702543 0.7265625 0.9637964774951076
0 0.5595703125 0.2534246575342466 0.5712890625 0.25440313111545987 0.5791015625 0.24755381604696672 0.580078125 0.23679060665362034 0.5703125 0.2279843444227006 0.560546875 0.2279843444227006 0.5517578125 0.23581213307240706 0.5517578125 0.2446183953033268 0.5595703125 0.2534246575342466
0 0.5849609375 0.6927592954990215 0.6064453125 0.6908023483365949 0.623046875 0.678082191780822 0.638671875 0.6536203522504892 0.642578125 0.6193737769080234 0.650390625 0.6056751467710371 0.650390625 0.5968688845401174 0.654296875 0.5949119373776908 0.6513671875 0.5714285714285714 0.6591796875 0.5430528375733854 0.6513671875 0.5322896281800391 0.6279296875 0.5225048923679061 0.60546875 0.5391389432485323 0.5966796875 0.5567514677103718 0.5947265625 0.5792563600782779 0.61328125 0.5978473581213307 0.6123046875 0.6183953033268101 0.595703125 0.6379647749510763 0.5712890625 0.649706457925636 0.5673828125 0.6614481409001957 0.568359375 0.6819960861056751 0.5849609375 0.6927592954990215
0 0.939453125 0.13405088062622308 0.953125 0.13013698630136986 0.9599609375 0.11937377690802346 0.9580078125 0.10567514677103718 0.947265625 0.09686888454011741 0.935546875 0.09882583170254403 0.9267578125 0.1095890410958904 0.9287109375 0.12328767123287672 0.939453125 0.13405088062622308
0 0.6474609375 0.4911937377690802 0.66015625 0.5068493150684932 0.677734375 0.5146771037181995 0.7119140625 0.5146771037181995 0.7373046875 0.5401174168297456 0.7412109375 0.5538160469667319 0.767578125 0.5694716242661448 0.7998046875 0.5665362035225049 0.8046875 0.557729941291585 0.8154296875 0.5538160469667319 0.8310546875 0.5371819960861057 0.828125 0.5009784735812133 0.822265625 0.4843444227005871 0.7958984375 0.4598825831702544 0.7783203125 0.45401174168297453 0.74609375 0.4549902152641878 0.7158203125 0.4158512720156556 0.7001953125 0.4021526418786692 0.6904296875 0.40410958904109584 0.673828125 0.43639921722113495 0.6689453125 0.44129158512720157 0.6572265625 0.4432485322896282 0.6494140625 0.45205479452054786 0.64453125 0.4667318982387475 0.6435546875 0.4804305283757338 0.6474609375 0.4911937377690802