0 0.458984375 0.608610567514677 0.4794921875 0.6203522504892367 0.4873046875 0.6291585127201565 0.5458984375 0.6330724070450098 0.578125 0.6144814090019569 0.576171875 0.6046966731898238 0.5634765625 0.5880626223091976 0.5302734375 0.5841487279843445 0.505859375 0.5714285714285714 0.4873046875 0.573385518590998 0.4677734375 0.5694716242661448 0.4609375 0.5743639921722112 0.4580078125 0.5802348336594911 0.458984375 0.608610567514677
0 0.4306640625 0.6908023483365949 0.470703125 0.6937377690802349 0.486328125 0.6722113502935421 0.478515625 0.6516634050880625 0.4599609375 0.6409001956947162 0.439453125 0.6457925636007827 0.427734375 0.6614481409001957 0.423828125 0.684931506849315 0.4306640625 0.6908023483365949
0 0.3427734375 0.7367906066536203 0.36328125 0.735812133072407 0.3896484375 0.74853228962818 0.4326171875 0.7416829745596869 0.4404296875 0.7318982387475538 0.435546875 0.7221135029354208 0.416015625 0.7152641878669275 0.4072265625 0.7015655577299412 0.384765625 0.6996086105675146 0.375 0.6917808219178082 0.3681640625 0.6917808219178082 0.353515625 0.7064579256360078 0.3388671875 0.7133072407045009 0.33203125 0.7093933463796478 0.3271484375 0.7123287671232876 0.326171875 0.7221135029354208 0.3427734375 0.7367906066536203
0 0.5068359375 0.9344422700587083 0.5166015625 0.9403131115459882 0.52734375 0.9383561643835616 0.5439453125 0.920743639921722 0.54296875 0.9099804305283756 0.5302734375 0.9031311154598824 0.5224609375 0.8933463796477495 0.509765625 0.8953033268101761 0.498046875 0.9080234833659491 0.4970703125 0.9197651663405088 0.5068359375 0.9344422700587083
0 0.341796875 0.9990215264187867 0.3447265625 0.9941291585127201 0.341796875 0.9794520547945205 0.3134765625 0.984344422700587 0.3046875 0.9892367906066536 0.3046875 0.9990215264187867 0.341796875 0.9990215264187867
0 0.388671875 0.9990215264187867 0.3896484375 0.9902152641878669 0.3828125 0.9833659491193737 0.375 0.9833659491193737 0.3623046875 0.9931506849315068 0.361328125 0.9990215264187867 0.388671875 0.9990215264187867
0 0.681640625 0.4559686888454012 0.6953125 0.44911937377690797 0.6962890625 0.44227005870841485 0.7099609375 0.42759295499021527 0.7099609375 0.4148727984344422 0.7021484375 0.4050880626223091 0.6923828125 0.40410958904109584 0.6845703125 0.40900195694716246 0.6552734375 0.4148727984344422 0.6484375 0.42857142857142855 0.650390625 0.44520547945205474 0.681640625 0.4559686888454012
0 0.650390625 0.44520547945205474 0.66015625 0.44520547945205474 0.6748046875 0.4549902152641878 0.6826171875 0.4559686888454012 0.6923828125 0.45205479452054786 0.6982421875 0.4383561643835616 0.7060546875 0.4315068493150685 0.708984375 0.4148727984344422 0.6962890625 0.4050880626223091 0.67578125 0.4138943248532289 0.662109375 0.41193737769080235 0.65234375 0.4187866927592955 0.6474609375 0.4295499021526418 0.646484375 0.4393346379647749 0.650390625 0.44520547945205474
0 0.435546875 0.44520547945205474 0.4453125 0.45792563600782776 0.453125 0.46183953033268105 0.46875 0.4628180039138943 0.4931640625 0.45303326810176126 0.5166015625 0.4559686888454012 0.529296875 0.4432485322896282 0.52734375 0.4295499021526418 0.515625 0.423679060665362 0.4970703125 0.3943248532289628 0.5 0.37279843444227 0.4892578125 0.3639921722113503 0.466796875 0.3698630136986301 0.427734375 0.40313111545988256 0.4267578125 0.4158512720156556 0.435546875 0.44520547945205474
0 0.4052734375 0.18199608610567514 0.404296875 0.19373776908023482 0.4091796875 0.20156555772994128 0.4208984375 0.20841487279843443 0.435546875 0.2035225048923679 0.439453125 0.18199608610567514 0.42578125 0.17123287671232876 0.421875 0.16144814090019569 0.4111328125 0.15362035225048923 0.4052734375 0.15362035225048923 0.3955078125 0.16144814090019569 0.396484375 0.17416829745596868 0.4052734375 0.18199608610567514
0 0.8310546875 0.223091976516634 0.8388671875 0.21428571428571427 0.8623046875 0.2074363992172211 0.8701171875 0.19275929549902152 0.8701171875 0.16927592954990214 0.86328125 0.1643835616438356 0.8564453125 0.16536203522504891 0.845703125 0.1780821917808219 0.8330078125 0.17906066536203522 0.8271484375 0.18590998043052837 0.82421875 0.20156555772994128 0.8251953125 0.2162426614481409 0.8310546875 0.223091976516634
0 0.52734375 0.25733855185909976 0.5341796875 0.2602739726027397 0.5439453125 0.25929549902152643 0.56640625 0.2446183953033268 0.572265625 0.2338551859099804 0.568359375 0.22407045009784735 0.5595703125 0.22015655577299414 0.537109375 0.223091976516634 0.525390625 0.2318982387475538 0.521484375 0.24853228962818003 0.52734375 0.25733855185909976
0 0.828125 0.44129158512720157 0.83984375 0.4393346379647749 0.8486328125 0.4305283757338552 0.8486328125 0.42661448140900193 0.8359375 0.42074363992172203 0.8134765625 0.42759295499021527 0.8125 0.4315068493150685 0.828125 0.44129158512720157
0 0.5029296875 0.2827788649706458 0.5078125 0.2876712328767123 0.517578125 0.286692759295499 0.521484375 0.26125244618395305 0.509765625 0.2534246575342466 0.4990234375 0.2583170254403131 0.4970703125 0.2671232876712329 0.5029296875 0.2827788649706458
0 0.7958984375 0.5792563600782779 0.802734375 0.5851272015655578 0.8203125 0.5821917808219178 0.822265625 0.5665362035225049 0.806640625 0.5596868884540117 0.79296875 0.5704500978473581 0.7958984375 0.5792563600782779
0 0.669921875 0.6056751467710371 0.6865234375 0.6056751467710371 0.693359375 0.595890410958904 0.6923828125 0.5851272015655578 0.6826171875 0.5743639921722112 0.669921875 0.5772994129158512 0.6572265625 0.5909980430528375 0.65625 0.598825831702544 0.669921875 0.6056751467710371
0 0.7646484375 0.40019569471624267 0.7724609375 0.4021526418786692 0.7900390625 0.398238747553816 0.8037109375 0.3825831702544031 0.796875 0.3679060665362035 0.767578125 0.350293542074364 0.7548828125 0.34931506849315064 0.748046875 0.3571428571428571 0.7509765625 0.38649706457925637 0.7646484375 0.40019569471624267
0 0.9345703125 0.48140900195694714 0.978515625 0.5401174168297456 0.9990234375 0.5538160469667319 0.9990234375 0.4138943248532289 0.98828125 0.4187866927592955 0.9677734375 0.4148727984344422 0.9599609375 0.41682974559686886 0.927734375 0.45303326810176126 0.9267578125 0.4667318982387475 0.9345703125 0.48140900195694714
0 0.2900390625 0.5342465753424658 0.3056640625 0.5362035225048923 0.3173828125 0.5283757338551859 0.3232421875 0.4960861056751467 0.3154296875 0.4823874755381604 0.3056640625 0.47749510763209385 0.2900390625 0.4794520547945205 0.2822265625 0.4882583170254403 0.2802734375 0.49804305283757333 0.279296875 0.5176125244618395 0.2900390625 0.5342465753424658