0 0.2275390625 0.15362035225048923 0.2373046875 0.1643835616438356 0.248046875 0.16634050880626222 0.279296875 0.15362035225048923 0.2900390625 0.14090019569471623 0.2841796875 0.12524461839530332 0.26171875 0.0958904109589041 0.251953125 0.08904109589041095 0.2373046875 0.08806262230919765 0.23046875 0.09197651663405088 0.2197265625 0.111545988258317 0.21875 0.12524461839530332 0.2275390625 0.15362035225048923
0 0.8154296875 0.049902152641878667 0.8251953125 0.04892367906066536 0.8525390625 0.015655577299412915 0.8525390625 0 0.8203125 0 0.8134765625 0.007827788649706457 0.8125 0.025440313111545987 0.80859375 0.029354207436399216 0.80859375 0.04598825831702544 0.8154296875 0.049902152641878667
0 0.4970703125 0.35518590998043054 0.521484375 0.36007827788649704 0.5302734375 0.3522504892367906 0.529296875 0.3238747553816047 0.5244140625 0.3180039138943248 0.505859375 0.31898238747553814 0.494140625 0.33072407045009783 0.494140625 0.3522504892367906 0.4970703125 0.35518590998043054
0 0.55078125 0.32974559686888455 0.560546875 0.32974559686888455 0.568359375 0.3219178082191781 0.5673828125 0.3131115459882583 0.5595703125 0.3062622309197652 0.55078125 0.3062622309197652 0.5439453125 0.3131115459882583 0.5439453125 0.3219178082191781 0.55078125 0.32974559686888455
0 0.5146484375 0.398238747553816 0.5244140625 0.398238747553816 0.53125 0.3913894324853229 0.53125 0.3835616438356164 0.5244140625 0.3767123287671233 0.515625 0.3767123287671233 0.5087890625 0.3835616438356164 0.5087890625 0.3923679060665362 0.5146484375 0.398238747553816
0 0.4189453125 0.512720156555773 0.4560546875 0.5225048923679061 0.4697265625 0.5215264187866928 0.4765625 0.5048923679060665 0.4833984375 0.49804305283757333 0.4970703125 0.4931506849315069 0.51171875 0.4755381604696673 0.509765625 0.44911937377690797 0.5029296875 0.42661448140900193 0.490234375 0.410958904109589 0.48046875 0.4070450097847358 0.470703125 0.3962818003913894 0.4423828125 0.3943248532289628 0.435546875 0.3972602739726027 0.3935546875 0.43737769080234834 0.3720703125 0.45205479452054786 0.3720703125 0.4598825831702544 0.4189453125 0.512720156555773
0 0.373046875 0.5303326810176124 0.3896484375 0.5332681017612524 0.3955078125 0.5303326810176124 0.3984375 0.5176125244618395 0.390625 0.5078277886497065 0.3720703125 0.5039138943248532 0.365234375 0.5107632093933463 0.3642578125 0.5195694716242661 0.373046875 0.5303326810176124
0 0.4296875 0.5919765166340508 0.4462890625 0.5929549902152641 0.4599609375 0.5812133072407045 0.4609375 0.5596868884540117 0.4541015625 0.5538160469667319 0.4443359375 0.5538160469667319 0.4345703125 0.560665362035225 0.42578125 0.5743639921722112 0.4248046875 0.5841487279843445 0.4296875 0.5919765166340508
0 0.498046875 0.5636007827788649 0.5107421875 0.5655577299412916 0.5283203125 0.560665362035225 0.5458984375 0.5499021526418787 0.560546875 0.5342465753424658 0.5634765625 0.5283757338551859 0.5615234375 0.5088062622309197 0.552734375 0.5039138943248532 0.53515625 0.5078277886497065 0.4970703125 0.5273972602739725 0.4873046875 0.5371819960861057 0.4873046875 0.5499021526418787 0.498046875 0.5636007827788649
0 0.4912109375 0.6320939334637965 0.505859375 0.6448140900195695 0.5224609375 0.6467710371819961 0.55078125 0.6320939334637965 0.5458984375 0.6105675146771037 0.5146484375 0.5743639921722112 0.4951171875 0.5743639921722112 0.4814453125 0.5949119373776908 0.486328125 0.6223091976516634 0.4912109375 0.6320939334637965
0 0.2744140625 0.7553816046966731 0.283203125 0.7592954990215264 0.291015625 0.7573385518590998 0.296875 0.7495107632093932 0.2958984375 0.738747553816047 0.2861328125 0.7318982387475538 0.2734375 0.7348336594911937 0.271484375 0.7495107632093932 0.2744140625 0.7553816046966731
0 0.744140625 0.6340508806262231 0.7509765625 0.6399217221135028 0.76171875 0.6379647749510763 0.7666015625 0.6320939334637965 0.765625 0.62133072407045 0.7548828125 0.6125244618395304 0.744140625 0.6164383561643836 0.7412109375 0.6203522504892367 0.744140625 0.6340508806262231
0 0.78125 0.6536203522504892 0.796875 0.6614481409001957 0.8037109375 0.6614481409001957 0.8115234375 0.6545988258317025 0.8125 0.6438356164383562 0.796875 0.6262230919765166 0.7861328125 0.6252446183953033 0.77734375 0.6340508806262231 0.7763671875 0.6467710371819961 0.78125 0.6536203522504892