0 0.525390625 0.05675146771037182 0.5341796875 0.07632093933463796 0.53125 0.08512720156555773 0.548828125 0.09686888454011741 0.5546875 0.10665362035225048 0.5556640625 0.1223091976516634 0.5498046875 0.14090019569471623 0.5478515625 0.16927592954990214 0.5615234375 0.19667318982387474 0.5693359375 0.22896281800391388 0.591796875 0.2455968688845401 0.625 0.24657534246575344 0.634765625 0.26125244618395305 0.646484375 0.26810176125244617 0.66015625 0.26614481409001955 0.6787109375 0.25244618395303325 0.685546875 0.23091976516634052 0.7021484375 0.2054794520547945 0.716796875 0.2074363992172211 0.7236328125 0.20156555772994128 0.7392578125 0.20058708414872797 0.748046875 0.19569471624266144 0.7548828125 0.18199608610567514 0.7568359375 0.15851272015655576 0.7548828125 0.15459882583170254 0.744140625 0.15557729941291584 0.7392578125 0.1506849315068493 0.73828125 0.13111545988258316 0.74609375 0.11448140900195694 0.744140625 0.10273972602739725 0.7373046875 0.09393346379647749 0.73046875 0.0949119373776908 0.7158203125 0.08414872798434442 0.6884765625 0.05675146771037182 0.66796875 0.046966731898238745 0.634765625 0.03913894324853229 0.626953125 0.02446183953033268 0.611328125 0.018590998043052837 0.5986328125 0.004892367906066536 0.5927734375 0.00684931506849315 0.572265625 0.003913894324853229 0.568359375 0 0.5517578125 0 0.529296875 0.011741682974559686 0.521484375 0.023483365949119372 0.525390625 0.05675146771037182
0 0.09375 0.09099804305283757 0.1171875 0.09393346379647749 0.130859375 0.0821917808219178 0.130859375 0.060665362035225046 0.1142578125 0.043052837573385516 0.1025390625 0.04207436399217221 0.0830078125 0.05870841487279843 0.0810546875 0.07729941291585127 0.09375 0.09099804305283757
0 0 0.043052837573385516 0.0068359375 0.050880626223091974 0.04296875 0.06164383561643836 0.0537109375 0.05772994129158513 0.052734375 0.043052837573385516 0.044921875 0.03816046966731898 0.0322265625 0.02054794520547945 0.0205078125 0.015655577299412915 0.0048828125 0.019569471624266144 0 0.02446183953033268 0 0.043052837573385516
0 0.8427734375 0.36888454011741684 0.8486328125 0.38747553816046965 0.8662109375 0.3953033268101761 0.8701171875 0.40410958904109584 0.869140625 0.4148727984344422 0.875 0.4227005870841487 0.888671875 0.42563600782778865 0.8974609375 0.4217221135029354 0.912109375 0.4021526418786692 0.9140625 0.38943248532289626 0.904296875 0.3796477495107632 0.890625 0.37573385518590996 0.8720703125 0.3561643835616438 0.86328125 0.3532289628180039 0.865234375 0.33463796477495106 0.8583984375 0.324853228962818 0.83984375 0.3219178082191781 0.8271484375 0.337573385518591 0.828125 0.35812133072407043 0.8427734375 0.36888454011741684
0 0.3037109375 0.49412915851272016 0.3134765625 0.4931506849315069 0.3212890625 0.48140900195694714 0.3154296875 0.47064579256360073 0.3056640625 0.47064579256360073 0.2978515625 0.47847358121330724 0.2978515625 0.4882583170254403 0.3037109375 0.49412915851272016
0 0.396484375 0.6634050880626223 0.4072265625 0.6643835616438356 0.416015625 0.6565557729941291 0.4169921875 0.6448140900195695 0.4111328125 0.6389432485322896 0.3994140625 0.6369863013698629 0.392578125 0.6448140900195695 0.3916015625 0.6555772994129158 0.396484375 0.6634050880626223
0 0.2265625 0.7700587084148728 0.251953125 0.7514677103718199 0.255859375 0.7407045009784736 0.25 0.7338551859099803 0.2431640625 0.732876712328767 0.2177734375 0.7524461839530332 0.2138671875 0.7592954990215264 0.21484375 0.7700587084148728 0.2265625 0.7700587084148728
0 0.5029296875 0.7407045009784736 0.5146484375 0.7436399217221135 0.525390625 0.7407045009784736 0.529296875 0.726027397260274 0.5234375 0.7201565557729941 0.5107421875 0.7142857142857142 0.5 0.7201565557729941 0.498046875 0.7338551859099803 0.5029296875 0.7407045009784736
0 0.837890625 0.6350293542074363 0.8447265625 0.6252446183953033 0.84375 0.6154598825831703 0.8359375 0.6105675146771037 0.8251953125 0.6154598825831703 0.826171875 0.6291585127201565 0.837890625 0.6350293542074363
0 0.513671875 0.8737769080234834 0.5361328125 0.8649706457925636 0.5556640625 0.850293542074364 0.5625 0.8336594911937377 0.5615234375 0.8238747553816047 0.55078125 0.809197651663405 0.5390625 0.8043052837573385 0.521484375 0.8160469667318981 0.5078125 0.837573385518591 0.505859375 0.8708414872798433 0.513671875 0.8737769080234834
0 0.306640625 0.9882583170254403 0.3173828125 0.9706457925636007 0.3408203125 0.9990215264187867 0.373046875 0.9990215264187867 0.4130859375 0.958904109589041 0.4140625 0.9227005870841486 0.4033203125 0.8913894324853228 0.404296875 0.8884540117416829 0.41796875 0.8864970645792564 0.4248046875 0.8796477495107631 0.42578125 0.8727984344422699 0.421875 0.8551859099804305 0.4033203125 0.8356164383561643 0.400390625 0.8277886497064578 0.369140625 0.8238747553816047 0.3544921875 0.8297455968688844 0.3505859375 0.8708414872798433 0.3388671875 0.87573385518591 0.3154296875 0.8962818003913894 0.3056640625 0.920743639921722 0.3056640625 0.9368884540117417 0.2880859375 0.9549902152641877 0.2919921875 0.987279843444227 0.306640625 0.9882583170254403
0 0.1025390625 0.8639921722113503 0.107421875 0.8747553816046967 0.087890625 0.8953033268101761 0.0947265625 0.9608610567514676 0.115234375 0.9755381604696673 0.1357421875 0.9735812133072406 0.1494140625 0.9667318982387474 0.181640625 0.9295499021526418 0.173828125 0.9090019569471623 0.1708984375 0.87573385518591 0.1748046875 0.8512720156555773 0.1865234375 0.8297455968688844 0.1884765625 0.8140900195694716 0.158203125 0.7915851272015655 0.1494140625 0.7915851272015655 0.140625 0.783757338551859 0.123046875 0.7778864970645791 0.111328125 0.7847358121330724 0.1083984375 0.793542074363992 0.0966796875 0.8043052837573385 0.0888671875 0.8277886497064578 0.0888671875 0.8532289628180039 0.1025390625 0.8639921722113503
0 0.0390625 0.8581213307240704 0.056640625 0.8581213307240704 0.0634765625 0.8532289628180039 0.05859375 0.8365949119373777 0.05078125 0.8307240704500979 0.0390625 0.8326810176125244 0.0302734375 0.8424657534246576 0.0302734375 0.8522504892367906 0.0390625 0.8581213307240704