0 0.54296875 0.5841487279843445 0.552734375 0.5919765166340508 0.572265625 0.5890410958904109 0.5908203125 0.5724070450097847 0.6015625 0.5704500978473581 0.611328125 0.5753424657534246 0.6142578125 0.5939334637964775 0.607421875 0.6046966731898238 0.611328125 0.6164383561643836 0.609375 0.6340508806262231 0.6123046875 0.6438356164383562 0.6279296875 0.6457925636007827 0.6474609375 0.6232876712328766 0.6416015625 0.611545988258317 0.646484375 0.5968688845401174 0.6455078125 0.5557729941291585 0.6552734375 0.5450097847358121 0.6728515625 0.5362035225048923 0.6796875 0.5264187866927592 0.6865234375 0.5234833659491194 0.7138671875 0.547945205479452 0.7509765625 0.5528375733855186 0.76171875 0.550880626223092 0.7900390625 0.5225048923679061 0.794921875 0.5058708414872799 0.794921875 0.4833659491193737 0.783203125 0.4657534246575342 0.7509765625 0.44227005870841485 0.72265625 0.4383561643835616 0.7119140625 0.44422700587084146 0.7080078125 0.4510763209393346 0.6953125 0.4559686888454012 0.69140625 0.44911937377690797 0.6748046875 0.44520547945205474 0.6650390625 0.4315068493150685 0.646484375 0.4315068493150685 0.63671875 0.41780821917808214 0.625 0.4158512720156556 0.615234375 0.42074363992172203 0.609375 0.43346379647749506 0.595703125 0.43639921722113495 0.5849609375 0.4481409001956947 0.5849609375 0.4559686888454012 0.6044921875 0.4892367906066536 0.5830078125 0.5088062622309197 0.5576171875 0.5048923679060665 0.5537109375 0.5166340508806262 0.5615234375 0.5401174168297456 0.5517578125 0.5469667318982387 0.5400390625 0.5459882583170254 0.5341796875 0.5518590998043053 0.533203125 0.557729941291585 0.54296875 0.5841487279843445
0 0.2548828125 0.8228962818003913 0.2666015625 0.8268101761252445 0.283203125 0.8600782778864969 0.2900390625 0.8639921722113503 0.302734375 0.8620352250489237 0.30859375 0.8424657534246576 0.30078125 0.8131115459882583 0.3076171875 0.796477495107632 0.2998046875 0.7778864970645791 0.2958984375 0.773972602739726 0.2861328125 0.7749510763209393 0.263671875 0.7984344422700587 0.248046875 0.8062622309197651 0.2470703125 0.8131115459882583 0.2548828125 0.8228962818003913
0 0.029296875 0.5772994129158512 0.0400390625 0.5782778864970646 0.0498046875 0.5626223091976517 0.060546875 0.5547945205479452 0.0625 0.5450097847358121 0.0595703125 0.5362035225048923 0.048828125 0.5293542074363992 0.03515625 0.5322896281800391 0.0244140625 0.5538160469667319 0.0234375 0.5704500978473581 0.029296875 0.5772994129158512
0 0.669921875 0.9383561643835616 0.6806640625 0.9393346379647749 0.7001953125 0.9246575342465754 0.7060546875 0.9041095890410957 0.69921875 0.8913894324853228 0.69921875 0.8727984344422699 0.6953125 0.8669275929549901 0.6875 0.8649706457925636 0.6748046875 0.8698630136986301 0.6611328125 0.8698630136986301 0.64453125 0.8835616438356164 0.6435546875 0.8933463796477495 0.669921875 0.9383561643835616
0 0.2275390625 0.37573385518590996 0.234375 0.3825831702544031 0.25390625 0.39041095890410954 0.2685546875 0.38747553816046965 0.2900390625 0.36203522504892366 0.2890625 0.35518590998043054 0.27734375 0.3405088062622309 0.2509765625 0.33072407045009783 0.2373046875 0.33170254403131116 0.2236328125 0.34637964774951074 0.22265625 0.3639921722113503 0.2275390625 0.37573385518590996
0 0.31640625 0.3385518590998043 0.3310546875 0.350293542074364 0.3564453125 0.34833659491193736 0.365234375 0.33561643835616434 0.36328125 0.3150684931506849 0.341796875 0.3013698630136986 0.33203125 0.30332681017612523 0.3125 0.32093933463796476 0.310546875 0.3287671232876712 0.31640625 0.3385518590998043
0 0.357421875 0.40802348336594907 0.38671875 0.410958904109589 0.3994140625 0.4070450097847358 0.4150390625 0.41193737769080235 0.4296875 0.4021526418786692 0.4228515625 0.3825831702544031 0.4033203125 0.37279843444227 0.388671875 0.37377690802348335 0.376953125 0.3825831702544031 0.361328125 0.3816046966731898 0.3505859375 0.38551859099804303 0.3505859375 0.40019569471624267 0.357421875 0.40802348336594907
0 0.3662109375 0.4716242661448141 0.390625 0.4755381604696673 0.396484375 0.47064579256360073 0.396484375 0.4559686888454012 0.376953125 0.44227005870841485 0.361328125 0.44422700587084146 0.3544921875 0.45401174168297453 0.35546875 0.4647749510763209 0.3662109375 0.4716242661448141
0 0.9658203125 0.44520547945205474 0.9736328125 0.446183953033268 0.98046875 0.43737769080234834 0.98046875 0.42563600782778865 0.990234375 0.41780821917808214 0.9892578125 0.41291585127201563 0.962890625 0.40998043052837574 0.958984375 0.4138943248532289 0.9619140625 0.4393346379647749 0.9658203125 0.44520547945205474
0 0.3759765625 0.07534246575342465 0.38671875 0.07632093933463796 0.390625 0.0675146771037182 0.3916015625 0.043052837573385516 0.3857421875 0.0410958904109589 0.3642578125 0.050880626223091974 0.36328125 0.05772994129158513 0.3759765625 0.07534246575342465
0 0.3720703125 0.1908023483365949 0.404296875 0.1888454011741683 0.41796875 0.17906066536203522 0.416015625 0.16731898238747553 0.3994140625 0.14090019569471623 0.3828125 0.14579256360078277 0.3671875 0.16829745596868884 0.3642578125 0.18297455968688844 0.3720703125 0.1908023483365949