0 0.478515625 0.5283757338551859 0.5126953125 0.5430528375733854 0.5234375 0.5420743639921721 0.6005859375 0.5048923679060665 0.59765625 0.49510763209393344 0.5712890625 0.4794520547945205 0.56640625 0.4657534246575342 0.5576171875 0.45792563600782776 0.5302734375 0.44520547945205474 0.5029296875 0.4393346379647749 0.4921875 0.44227005870841485 0.48046875 0.4569471624266145 0.4677734375 0.48532289628180036 0.4697265625 0.5136986301369862 0.478515625 0.5283757338551859
0 0.6328125 0.5166340508806262 0.662109375 0.5107632093933463 0.6708984375 0.5039138943248532 0.6689453125 0.4911937377690802 0.6572265625 0.47651663405088057 0.650390625 0.4735812133072407 0.6259765625 0.47847358121330724 0.6181640625 0.48727984344422703 0.6181640625 0.5 0.6328125 0.5166340508806262
0 0.484375 0.20939334637964774 0.4912109375 0.2162426614481409 0.505859375 0.21819960861056747 0.525390625 0.20939334637964774 0.537109375 0.18493150684931506 0.5634765625 0.1780821917808219 0.5986328125 0.15166340508806261 0.609375 0.12720156555772993 0.609375 0.11545988258317026 0.59765625 0.10273972602739725 0.611328125 0.06555772994129158 0.61328125 0.03718199608610567 0.6103515625 0.025440313111545987 0.6005859375 0.026418786692759294 0.58984375 0.03913894324853229 0.5634765625 0.03913894324853229 0.52734375 0.05283757338551859 0.5224609375 0.07338551859099804 0.5234375 0.10371819960861055 0.49609375 0.13307240704500978 0.4912109375 0.14579256360078277 0.4912109375 0.16634050880626222 0.4775390625 0.1888454011741683 0.4765625 0.19569471624266144 0.484375 0.20939334637964774
0 0.845703125 0.11741682974559686 0.8681640625 0.12133072407045009 0.8818359375 0.11545988258317026 0.884765625 0.09295499021526418 0.8740234375 0.06360078277886497 0.865234375 0.06164383561643836 0.85546875 0.06947162426614481 0.8359375 0.0675146771037182 0.830078125 0.07632093933463796 0.8310546875 0.09882583170254403 0.845703125 0.11741682974559686
0 0.744140625 0.5821917808219178 0.775390625 0.5841487279843445 0.78515625 0.5802348336594911 0.7900390625 0.573385518590998 0.7880859375 0.557729941291585 0.7763671875 0.5489236790606653 0.7490234375 0.5469667318982387 0.7373046875 0.5557729941291585 0.7333984375 0.5714285714285714 0.744140625 0.5821917808219178
0 0.7255859375 0.6516634050880625 0.7431640625 0.6428571428571428 0.7490234375 0.6291585127201565 0.7421875 0.6183953033268101 0.7275390625 0.6164383561643836 0.716796875 0.62133072407045 0.7099609375 0.6311154598825832 0.7119140625 0.6467710371819961 0.7255859375 0.6516634050880625
0 0.6064453125 0.9481409001956946 0.615234375 0.9569471624266145 0.6318359375 0.9628180039138943 0.65625 0.9608610567514676 0.6787109375 0.9500978473581213 0.6875 0.9412915851272015 0.6923828125 0.9452054794520548 0.703125 0.9422700587084147 0.708984375 0.9324853228962817 0.71484375 0.8913894324853228 0.708984375 0.8816046966731899 0.6962890625 0.8776908023483365 0.671875 0.8776908023483365 0.6396484375 0.8845401174168297 0.615234375 0.9001956947162426 0.6015625 0.9236790606653621 0.599609375 0.9315068493150684 0.6064453125 0.9481409001956946
0 0.63671875 0.8512720156555773 0.6494140625 0.8493150684931507 0.6591796875 0.8356164383561643 0.65625 0.824853228962818 0.6474609375 0.8170254403131114 0.6328125 0.8180039138943249 0.6220703125 0.8277886497064578 0.6220703125 0.8414872798434441 0.63671875 0.8512720156555773
0 0.087890625 0.19765166340508805 0.083984375 0.22700587084148727 0.0908203125 0.24853228962818003 0.0986328125 0.25440313111545987 0.1123046875 0.2563600782778865 0.1435546875 0.24266144814090018 0.154296875 0.2191780821917808 0.16015625 0.1898238747553816 0.16796875 0.17221135029354206 0.1669921875 0.1506849315068493 0.16015625 0.1350293542074364 0.14453125 0.1223091976516634 0.10546875 0.12915851272015655 0.1025390625 0.14090019569471623 0.0947265625 0.14677103718199608 0.0849609375 0.1634050880626223 0.083984375 0.18493150684931506 0.087890625 0.19765166340508805
0 0.033203125 0.29647749510763205 0.0458984375 0.2984344422700587 0.056640625 0.2896281800391389 0.0576171875 0.2729941291585127 0.0478515625 0.2622309197651663 0.03515625 0.26125244618395305 0.0205078125 0.2700587084148728 0.0185546875 0.2847358121330724 0.033203125 0.29647749510763205
0 0.0224609375 0.2896281800391389 0.0498046875 0.31017612524461835 0.0654296875 0.31213307240704496 0.06640625 0.3023483365949119 0.05859375 0.2896281800391389 0.05859375 0.2759295499021526 0.0537109375 0.2651663405088062 0.04296875 0.2602739726027397 0.03515625 0.26125244618395305 0.0224609375 0.2671232876712329 0.0185546875 0.273972602739726 0.0185546875 0.2847358121330724 0.0224609375 0.2896281800391389