0 0.4375 0.5459882583170254 0.466796875 0.5626223091976517 0.470703125 0.5684931506849316 0.4765625 0.5684931506849316 0.4873046875 0.5636007827788649 0.4951171875 0.5538160469667319 0.515625 0.5469667318982387 0.52734375 0.5303326810176124 0.5546875 0.5185909980430529 0.568359375 0.4921722113502935 0.5673828125 0.47847358121330724 0.5751953125 0.4559686888454012 0.5361328125 0.4187866927592955 0.5107421875 0.4148727984344422 0.4990234375 0.4187866927592955 0.4833984375 0.43346379647749506 0.474609375 0.4500978473581213 0.46484375 0.45401174168297453 0.4521484375 0.45303326810176126 0.412109375 0.49021526418786693 0.4130859375 0.5039138943248532 0.4375 0.5459882583170254
0 0.9287109375 0.2651663405088062 0.9599609375 0.27103718199608606 0.9755859375 0.25538160469667315 0.9755859375 0.2191780821917808 0.9677734375 0.21330724070450097 0.9443359375 0.2152641878669276 0.92578125 0.24266144814090018 0.9248046875 0.2583170254403131 0.9287109375 0.2651663405088062
0 0.0888671875 0.40313111545988256 0.107421875 0.42074363992172203 0.15625 0.4246575342465754 0.181640625 0.4070450097847358 0.1865234375 0.3884540117416829 0.1875 0.35518590998043054 0.1845703125 0.34540117416829746 0.1728515625 0.3385518590998043 0.173828125 0.3277886497064579 0.169921875 0.32289628180039137 0.154296875 0.31604696673189825 0.1259765625 0.31702544031311153 0.0888671875 0.337573385518591 0.0859375 0.34540117416829746 0.083984375 0.36692759295499017 0.0888671875 0.40313111545988256
0 0.2265625 0.474559686888454 0.2060546875 0.4931506849315069 0.2080078125 0.5205479452054794 0.216796875 0.5391389432485323 0.2275390625 0.5499021526418787 0.236328125 0.550880626223092 0.267578125 0.5410958904109588 0.29296875 0.5450097847358121 0.3310546875 0.5273972602739725 0.330078125 0.5117416829745596 0.2802734375 0.4657534246575342 0.279296875 0.45205479452054786 0.2734375 0.446183953033268 0.2587890625 0.4383561643835616 0.2470703125 0.4383561643835616 0.2275390625 0.4559686888454012 0.224609375 0.4628180039138943 0.2265625 0.474559686888454
0 0.1220703125 0.5019569471624266 0.140625 0.5283757338551859 0.1552734375 0.5293542074363992 0.1591796875 0.5185909980430529 0.1513671875 0.48532289628180036 0.140625 0.47749510763209385 0.12890625 0.4833659491193737 0.12109375 0.49412915851272016 0.1220703125 0.5019569471624266
0 0.0888671875 0.6340508806262231 0.1083984375 0.6428571428571428 0.12109375 0.6389432485322896 0.126953125 0.6223091976516634 0.119140625 0.6056751467710371 0.091796875 0.5929549902152641 0.0810546875 0.6076320939334637 0.0810546875 0.6242661448140899 0.0888671875 0.6340508806262231
0 0.361328125 0.697651663405088 0.3720703125 0.7318982387475538 0.4111328125 0.7553816046966731 0.4169921875 0.7534246575342466 0.421875 0.7446183953033267 0.419921875 0.7201565557729941 0.431640625 0.6996086105675146 0.419921875 0.6771037181996086 0.3896484375 0.6722113502935421 0.3798828125 0.6790606653620352 0.3662109375 0.6810176125244618 0.361328125 0.6859099804305283 0.361328125 0.697651663405088
0 0.7685546875 0.7788649706457925 0.775390625 0.7886497064579256 0.783203125 0.7925636007827788 0.79296875 0.812133072407045 0.7998046875 0.8180039138943249 0.8154296875 0.8180039138943249 0.841796875 0.7945205479452054 0.8427734375 0.7808219178082191 0.8359375 0.7690802348336595 0.83984375 0.7475538160469667 0.8310546875 0.7367906066536203 0.8134765625 0.7377690802348337 0.8056640625 0.7475538160469667 0.8017578125 0.7641878669275929 0.794921875 0.7632093933463796 0.7890625 0.7563600782778865 0.7783203125 0.7553816046966731 0.7763671875 0.7514677103718199 0.767578125 0.7583170254403131 0.765625 0.7700587084148728 0.7685546875 0.7788649706457925
0 0.8486328125 0.7661448140900196 0.86328125 0.7818003913894325 0.8720703125 0.7808219178082191 0.876953125 0.7749510763209393 0.873046875 0.7592954990215264 0.8564453125 0.7407045009784736 0.8515625 0.7377690802348337 0.84375 0.7397260273972602 0.84375 0.7544031311154599 0.8486328125 0.7661448140900196
0 0.798828125 0.21330724070450097 0.8037109375 0.2074363992172211 0.802734375 0.19960861056751467 0.794921875 0.19373776908023482 0.787109375 0.19765166340508805 0.7890625 0.21037181996086102 0.798828125 0.21330724070450097
0 0.8203125 0.03522504892367906 0.8291015625 0.03522504892367906 0.837890625 0.026418786692759294 0.8359375 0.015655577299412915 0.830078125 0.011741682974559686 0.8173828125 0.012720156555772993 0.8134765625 0.01761252446183953 0.8134765625 0.029354207436399216 0.8203125 0.03522504892367906
0 0.748046875 0.15949119373776907 0.755859375 0.15166340508806261 0.759765625 0.13307240704500978 0.74609375 0.12426614481409001 0.7412109375 0.12524461839530332 0.736328125 0.13307240704500978 0.736328125 0.1506849315068493 0.748046875 0.15949119373776907
0 0.66796875 0.10567514677103718 0.6875 0.11839530332681017 0.7021484375 0.11643835616438356 0.70703125 0.10567514677103718 0.7021484375 0.08806262230919765 0.689453125 0.08023483365949119 0.6748046875 0.05870841487279843 0.6640625 0.05772994129158513 0.6611328125 0.0684931506849315 0.66796875 0.10567514677103718
0 0.3798828125 0.8620352250489237 0.3916015625 0.8590998043052837 0.3935546875 0.8463796477495107 0.3837890625 0.8405088062622308 0.376953125 0.8444227005870841 0.3759765625 0.8551859099804305 0.3798828125 0.8620352250489237