0 0.212890625 0.4804305283757338 0.2158203125 0.4911937377690802 0.2294921875 0.4911937377690802 0.232421875 0.4843444227005871 0.2314453125 0.4628180039138943 0.2236328125 0.44129158512720157 0.208984375 0.42759295499021527 0.201171875 0.42661448140900193 0.1923828125 0.4324853228962818 0.1865234375 0.44422700587084146 0.1884765625 0.46086105675146766 0.212890625 0.4804305283757338
0 0.3330078125 0.4344422700587084 0.341796875 0.44911937377690797 0.3544921875 0.4510763209393346 0.3623046875 0.44520547945205474 0.3642578125 0.4383561643835616 0.3583984375 0.42661448140900193 0.359375 0.41780821917808214 0.349609375 0.40313111545988256 0.3232421875 0.40313111545988256 0.3173828125 0.4070450097847358 0.3173828125 0.4217221135029354 0.3330078125 0.4344422700587084
0 0.494140625 0.5185909980430529 0.51171875 0.5205479452054794 0.5244140625 0.5136986301369862 0.5419921875 0.5176125244618395 0.564453125 0.5068493150684932 0.576171875 0.509784735812133 0.5849609375 0.5048923679060665 0.5888671875 0.49412915851272016 0.587890625 0.48727984344422703 0.5703125 0.47064579256360073 0.5673828125 0.46086105675146766 0.556640625 0.45401174168297453 0.54296875 0.4569471624266145 0.537109375 0.4647749510763209 0.5361328125 0.4735812133072407 0.525390625 0.4755381604696673 0.5224609375 0.46966731898238745 0.5107421875 0.4657534246575342 0.494140625 0.4716242661448141 0.4892578125 0.4794520547945205 0.490234375 0.5146771037181995 0.494140625 0.5185909980430529
0 0.3994140625 0.2534246575342466 0.4169921875 0.25733855185909976 0.43359375 0.24853228962818003 0.4365234375 0.23874755381604693 0.4501953125 0.22211350293542073 0.4462890625 0.19569471624266144 0.451171875 0.1761252446183953 0.44921875 0.16634050880626222 0.443359375 0.16046966731898238 0.4287109375 0.16046966731898238 0.421875 0.17416829745596868 0.400390625 0.18297455968688844 0.3955078125 0.18786692759295498 0.3896484375 0.21819960861056747 0.392578125 0.2455968688845401 0.3994140625 0.2534246575342466
0 0.9306640625 0.41291585127201563 0.95703125 0.41193737769080235 0.96484375 0.40117416829745595 0.96484375 0.3943248532289628 0.9560546875 0.38649706457925637 0.931640625 0.38747553816046965 0.923828125 0.3972602739726027 0.923828125 0.40802348336594907 0.9306640625 0.41291585127201563
0 0.6669921875 0.4324853228962818 0.6748046875 0.43639921722113495 0.6875 0.43346379647749506 0.6923828125 0.41780821917808214 0.6787109375 0.40117416829745595 0.6650390625 0.398238747553816 0.6591796875 0.4060665362035225 0.658203125 0.4187866927592955 0.6669921875 0.4324853228962818
0 0.591796875 0.43737769080234834 0.6064453125 0.4481409001956947 0.630859375 0.4510763209393346 0.6552734375 0.44227005870841485 0.6591796875 0.42857142857142855 0.658203125 0.39921722113502933 0.6513671875 0.38943248532289626 0.6376953125 0.3816046966731898 0.6162109375 0.3767123287671233 0.6015625 0.3816046966731898 0.591796875 0.3923679060665362 0.5849609375 0.40900195694716246 0.5849609375 0.4227005870841487 0.591796875 0.43737769080234834
0 0.951171875 0.4726027397260274 0.9599609375 0.47064579256360073 0.9677734375 0.4589041095890411 0.9677734375 0.44911937377690797 0.9609375 0.44129158512720157 0.9462890625 0.44227005870841485 0.9375 0.4510763209393346 0.939453125 0.4647749510763209 0.951171875 0.4726027397260274
0 0.8515625 0.5362035225048923 0.8662109375 0.5440313111545988 0.873046875 0.5401174168297456 0.8828125 0.5234833659491194 0.8798828125 0.5117416829745596 0.869140625 0.5068493150684932 0.85546875 0.5088062622309197 0.84765625 0.5185909980430529 0.8466796875 0.5273972602739725 0.8515625 0.5362035225048923
0 0.6357421875 0.8072407045009784 0.6474609375 0.8209393346379648 0.67578125 0.8228962818003913 0.7001953125 0.8033268101761252 0.7041015625 0.7896281800391389 0.7021484375 0.7759295499021526 0.693359375 0.7729941291585127 0.6728515625 0.7534246575342466 0.66796875 0.7407045009784736 0.65234375 0.738747553816047 0.640625 0.7416829745596869 0.6337890625 0.7465753424657533 0.6318359375 0.7553816046966731 0.62890625 0.7876712328767124 0.6357421875 0.8072407045009784
0 0.19140625 0.14774951076320939 0.203125 0.14383561643835616 0.205078125 0.13405088062622308 0.19921875 0.12524461839530332 0.1923828125 0.12328767123287672 0.1845703125 0.12915851272015655 0.185546875 0.14383561643835616 0.19140625 0.14774951076320939