0 0.2509765625 0.1379647749510763 0.259765625 0.13992172211350293 0.2666015625 0.1360078277886497 0.26953125 0.12035225048923678 0.265625 0.11350293542074363 0.2548828125 0.111545988258317 0.24609375 0.11741682974559686 0.244140625 0.12915851272015655 0.2509765625 0.1379647749510763
0 0.421875 0.15362035225048923 0.431640625 0.15459882583170254 0.4501953125 0.14090019569471623 0.453125 0.12622309197651663 0.4482421875 0.11839530332681017 0.423828125 0.11448140900195694 0.4130859375 0.11741682974559686 0.4111328125 0.13111545988258316 0.421875 0.15362035225048923
0 0.2080078125 0.3199608610567514 0.22265625 0.33268101761252444 0.224609375 0.34931506849315064 0.21484375 0.3571428571428571 0.2109375 0.3659491193737769 0.2099609375 0.40998043052837574 0.224609375 0.41291585127201563 0.2431640625 0.40410958904109584 0.251953125 0.40802348336594907 0.26953125 0.40410958904109584 0.28125 0.3933463796477495 0.2861328125 0.37279843444227 0.2724609375 0.33561643835616434 0.2646484375 0.32974559686888455 0.2470703125 0.3268101761252446 0.2421875 0.3180039138943248 0.2421875 0.2925636007827789 0.234375 0.2720156555772994 0.2158203125 0.2690802348336595 0.208984375 0.2720156555772994 0.2021484375 0.2827788649706458 0.201171875 0.29452054794520544 0.2080078125 0.3199608610567514
0 0.416015625 0.3610567514677104 0.419921875 0.37084148727984345 0.4267578125 0.37573385518590996 0.447265625 0.3659491193737769 0.462890625 0.3747553816046966 0.494140625 0.37377690802348335 0.5107421875 0.36888454011741684 0.5400390625 0.34931506849315064 0.54296875 0.31604696673189825 0.53515625 0.2925636007827789 0.5419921875 0.2886497064579256 0.54296875 0.27495107632093935 0.5361328125 0.26125244618395305 0.5283203125 0.25733855185909976 0.515625 0.25929549902152643 0.5048828125 0.273972602739726 0.4765625 0.27103718199608606 0.4501953125 0.29158512720156554 0.44140625 0.3131115459882583 0.4248046875 0.3131115459882583 0.419921875 0.31702544031311153 0.4130859375 0.33561643835616434 0.39453125 0.3277886497064579 0.3828125 0.33072407045009783 0.3818359375 0.3414872798434442 0.416015625 0.3610567514677104
0 0.5439453125 0.2338551859099804 0.5673828125 0.25244618395303325 0.6025390625 0.2651663405088062 0.6162109375 0.25929549902152643 0.63671875 0.23972602739726026 0.6474609375 0.2172211350293542 0.66015625 0.2172211350293542 0.6708984375 0.20841487279843443 0.6767578125 0.19275929549902152 0.671875 0.18199608610567514 0.658203125 0.18199608610567514 0.654296875 0.1771037181996086 0.646484375 0.18297455968688844 0.6435546875 0.18003913894324852 0.6376953125 0.18395303326810175 0.59765625 0.175146771037182 0.58984375 0.1888454011741683 0.54296875 0.20156555772994128 0.53515625 0.21037181996086102 0.53515625 0.22407045009784735 0.5439453125 0.2338551859099804
0 0.4931640625 0.8052837573385518 0.4931640625 0.8170254403131114 0.50390625 0.821917808219178 0.51171875 0.8199608610567515 0.5185546875 0.809197651663405 0.5615234375 0.8003913894324853 0.5791015625 0.7857142857142857 0.5810546875 0.7749510763209393 0.5673828125 0.7495107632093932 0.544921875 0.7377690802348337 0.5400390625 0.7309197651663404 0.5322265625 0.7309197651663404 0.515625 0.7544031311154599 0.5087890625 0.7749510763209393 0.4873046875 0.7808219178082191 0.486328125 0.7906066536203522 0.4931640625 0.8052837573385518
0 0.5234375 0.8659491193737768 0.53515625 0.8659491193737768 0.54296875 0.8551859099804305 0.5439453125 0.837573385518591 0.5380859375 0.8277886497064578 0.521484375 0.8277886497064578 0.5205078125 0.8610567514677104 0.5234375 0.8659491193737768
0 0.9150390625 0.74853228962818 0.923828125 0.7544031311154599 0.9345703125 0.7553816046966731 0.9501953125 0.7436399217221135 0.9658203125 0.7377690802348337 0.9697265625 0.723091976516634 0.9638671875 0.7152641878669275 0.9482421875 0.7162426614481409 0.9384765625 0.7103718199608611 0.9306640625 0.7103718199608611 0.9130859375 0.7289628180039138 0.9111328125 0.735812133072407 0.9150390625 0.74853228962818
0 0.251953125 0.7279843444227005 0.2646484375 0.7221135029354208 0.259765625 0.7045009784735812 0.2666015625 0.6888454011741683 0.26171875 0.6819960861056751 0.24609375 0.684931506849315 0.236328125 0.7084148727984344 0.251953125 0.7279843444227005
0 0.205078125 0.6448140900195695 0.2265625 0.662426614481409 0.23046875 0.662426614481409 0.248046875 0.6409001956947162 0.24609375 0.6154598825831703 0.2314453125 0.6037181996086105 0.220703125 0.6046966731898238 0.203125 0.6232876712328766 0.201171875 0.6360078277886496 0.205078125 0.6448140900195695
0 0.5654296875 0.3913894324853229 0.5947265625 0.39921722113502933 0.607421875 0.41682974559686886 0.607421875 0.42661448140900193 0.59765625 0.4432485322896282 0.59765625 0.4510763209393346 0.5986328125 0.4569471624266145 0.6123046875 0.46966731898238745 0.6220703125 0.4716242661448141 0.630859375 0.4510763209393346 0.6572265625 0.43737769080234834 0.669921875 0.4227005870841487 0.662109375 0.4070450097847358 0.6259765625 0.38551859099804303 0.6201171875 0.3679060665362035 0.6025390625 0.35518590998043054 0.5947265625 0.3561643835616438 0.5849609375 0.36692759295499017 0.568359375 0.3679060665362035 0.5615234375 0.3767123287671233 0.5595703125 0.3835616438356164 0.5654296875 0.3913894324853229
0 0.6708984375 0.36203522504892366 0.6806640625 0.3679060665362035 0.69140625 0.3659491193737769 0.69921875 0.35518590998043054 0.697265625 0.34540117416829746 0.6826171875 0.337573385518591 0.6708984375 0.3385518590998043 0.66796875 0.3414872798434442 0.6708984375 0.36203522504892366
0 0.8564453125 0.16829745596868884 0.8662109375 0.16634050880626222 0.873046875 0.15753424657534246 0.8642578125 0.14579256360078277 0.857421875 0.14579256360078277 0.8515625 0.15166340508806261 0.8505859375 0.15851272015655576 0.8564453125 0.16829745596868884
0 0.1298828125 0.0538160469667319 0.140625 0.04598825831702544 0.1416015625 0.03816046966731898 0.13671875 0.03131115459882583 0.1259765625 0.030332681017612523 0.119140625 0.03522504892367906 0.1201171875 0.04598825831702544 0.1298828125 0.0538160469667319
0 0.1201171875 0.09197651663405088 0.1259765625 0.0949119373776908 0.1337890625 0.09197651663405088 0.1328125 0.07827788649706457 0.123046875 0.07729941291585127 0.1181640625 0.0812133072407045 0.1162109375 0.08806262230919765 0.1201171875 0.09197651663405088
0 0.4638671875 0.007827788649706457 0.4736328125 0.018590998043052837 0.4873046875 0.019569471624266144 0.4951171875 0.015655577299412915 0.5048828125 0 0.4638671875 0 0.4638671875 0.007827788649706457