0 0.6259765625 0.42857142857142855 0.6416015625 0.42857142857142855 0.6640625 0.4403131115459883 0.6826171875 0.44227005870841485 0.6982421875 0.4598825831702544 0.7080078125 0.4647749510763209 0.7294921875 0.4637964774951076 0.7392578125 0.4589041095890411 0.7470703125 0.44911937377690797 0.748046875 0.4295499021526418 0.736328125 0.4158512720156556 0.7275390625 0.39041095890410954 0.7216796875 0.38551859099804303 0.71484375 0.38551859099804303 0.7109375 0.3933463796477495 0.69140625 0.4070450097847358 0.681640625 0.42074363992172203 0.662109375 0.39921722113502933 0.6484375 0.3933463796477495 0.62890625 0.3913894324853229 0.615234375 0.4021526418786692 0.615234375 0.41780821917808214 0.6259765625 0.42857142857142855
0 0.1259765625 0.2974559686888454 0.1181640625 0.3131115459882583 0.1181640625 0.324853228962818 0.1279296875 0.337573385518591 0.1416015625 0.3395303326810176 0.1708984375 0.30332681017612523 0.171875 0.2925636007827789 0.1533203125 0.2700587084148728 0.140625 0.2622309197651663 0.125 0.2602739726027397 0.12109375 0.26614481409001955 0.12109375 0.2827788649706458 0.1259765625 0.2974559686888454
0 0.1533203125 0.6673189823874754 0.16015625 0.6731898238747553 0.1748046875 0.6771037181996086 0.197265625 0.6682974559686887 0.2158203125 0.6545988258317025 0.220703125 0.6487279843444227 0.220703125 0.6330724070450098 0.2314453125 0.6252446183953033 0.2431640625 0.6232876712328766 0.25 0.6154598825831703 0.25 0.6076320939334637 0.2412109375 0.5939334637964775 0.21875 0.5949119373776908 0.2138671875 0.6046966731898238 0.20703125 0.5998043052837574 0.203125 0.5821917808219178 0.19140625 0.5772994129158512 0.173828125 0.5880626223091976 0.1640625 0.6105675146771037 0.15234375 0.6154598825831703 0.1435546875 0.6301369863013698 0.1435546875 0.6467710371819961 0.1533203125 0.6673189823874754
0 0.03515625 0.6996086105675146 0.0478515625 0.6996086105675146 0.05078125 0.6868884540117416 0.0458984375 0.6800391389432485 0.0380859375 0.6790606653620352 0.0322265625 0.684931506849315 0.03125 0.6937377690802349 0.03515625 0.6996086105675146
0 0.0615234375 0.6682974559686887 0.068359375 0.6692759295499021 0.0771484375 0.6643835616438356 0.0791015625 0.6516634050880625 0.0712890625 0.6428571428571428 0.0625 0.6409001956947162 0.0537109375 0.6506849315068493 0.0546875 0.6604696673189824 0.0615234375 0.6682974559686887
0 0.1103515625 0.6653620352250489 0.1201171875 0.6722113502935421 0.130859375 0.6643835616438356 0.1279296875 0.6428571428571428 0.13671875 0.611545988258317 0.123046875 0.598825831702544 0.1123046875 0.601761252446184 0.1064453125 0.611545988258317 0.10546875 0.6506849315068493 0.1103515625 0.6653620352250489
0 0.212890625 0.5293542074363992 0.2451171875 0.5215264187866928 0.2587890625 0.5136986301369862 0.2763671875 0.48532289628180036 0.275390625 0.4716242661448141 0.2685546875 0.46086105675146766 0.2470703125 0.4432485322896282 0.23828125 0.4305283757338552 0.2392578125 0.4138943248532289 0.234375 0.40998043052837574 0.2177734375 0.4148727984344422 0.19921875 0.44520547945205474 0.1962890625 0.45792563600782776 0.1748046875 0.47749510763209385 0.1708984375 0.48727984344422703 0.212890625 0.5293542074363992
0 0.1142578125 0.5430528375733854 0.1298828125 0.5420743639921721 0.1455078125 0.5264187866927592 0.142578125 0.5117416829745596 0.119140625 0.49706457925636005 0.1064453125 0.5048923679060665 0.1005859375 0.5136986301369862 0.1015625 0.5293542074363992 0.1142578125 0.5430528375733854
0 0.3349609375 0.9383561643835616 0.3447265625 0.9383561643835616 0.3583984375 0.9315068493150684 0.369140625 0.9070450097847358 0.3662109375 0.8874755381604696 0.35546875 0.8816046966731899 0.34765625 0.8835616438356164 0.3271484375 0.9168297455968688 0.326171875 0.9275929549902152 0.3349609375 0.9383561643835616
0 0.2587890625 0.7446183953033267 0.2685546875 0.7377690802348337 0.271484375 0.7221135029354208 0.259765625 0.7240704500978473 0.2509765625 0.7318982387475538 0.2509765625 0.7446183953033267 0.2587890625 0.7446183953033267
0 0.2353515625 0.6839530332681016 0.244140625 0.6839530332681016 0.2490234375 0.6682974559686887 0.240234375 0.662426614481409 0.2294921875 0.6673189823874754 0.228515625 0.6790606653620352 0.2353515625 0.6839530332681016
0 0.32421875 0.11252446183953033 0.341796875 0.11545988258317026 0.35546875 0.1095890410958904 0.3564453125 0.08806262230919765 0.3525390625 0.08414872798434442 0.33203125 0.08023483365949119 0.322265625 0.08610567514677103 0.3193359375 0.09980430528375733 0.32421875 0.11252446183953033
0 0.6767578125 0.0675146771037182 0.689453125 0.06947162426614481 0.6923828125 0.06653620352250489 0.693359375 0.0547945205479452 0.6884765625 0.04892367906066536 0.6728515625 0.050880626223091974 0.671875 0.060665362035225046 0.6767578125 0.0675146771037182
0 0.9365234375 0.12915851272015655 0.947265625 0.12622309197651663 0.96484375 0.12818003913894324 0.98046875 0.11545988258317026 0.974609375 0.09882583170254403 0.95703125 0.0958904109589041 0.9462890625 0.08610567514677103 0.93359375 0.08806262230919765 0.921875 0.09882583170254403 0.921875 0.111545988258317 0.9365234375 0.12915851272015655
0 0.8828125 0.223091976516634 0.8935546875 0.223091976516634 0.9013671875 0.21819960861056747 0.904296875 0.20450097847358123 0.89453125 0.1917808219178082 0.8837890625 0.1917808219178082 0.8759765625 0.20254403131115456 0.8759765625 0.21428571428571427 0.8828125 0.223091976516634
0 0.787109375 0.20058708414872797 0.7939453125 0.19569471624266144 0.7958984375 0.18395303326810175 0.7919921875 0.1771037181996086 0.7822265625 0.175146771037182 0.7734375 0.18297455968688844 0.7744140625 0.19765166340508805 0.787109375 0.20058708414872797
0 0.8125 0.4481409001956947 0.8251953125 0.4500978473581213 0.8310546875 0.446183953033268 0.8330078125 0.43542074363992167 0.828125 0.42759295499021527 0.8154296875 0.42759295499021527 0.8095703125 0.4324853228962818 0.80859375 0.4432485322896282 0.8125 0.4481409001956947
0 0.91015625 0.3571428571428571 0.9072265625 0.3767123287671233 0.916015625 0.38454011741682975 0.9208984375 0.40900195694716246 0.9189453125 0.4217221135029354 0.9130859375 0.4227005870841487 0.9072265625 0.4315068493150685 0.8974609375 0.4569471624266145 0.9013671875 0.4735812133072407 0.931640625 0.49021526418786693 0.9404296875 0.48140900195694714 0.94921875 0.46183953033268105 0.966796875 0.45792563600782776 0.9794921875 0.4471624266144814 0.984375 0.4315068493150685 0.9638671875 0.3835616438356164 0.9501953125 0.3767123287671233 0.943359375 0.35518590998043054 0.935546875 0.34833659491193736 0.93359375 0.3385518590998043 0.943359375 0.3277886497064579 0.9423828125 0.3199608610567514 0.93359375 0.32583170254403127 0.9150390625 0.3277886497064579 0.9072265625 0.3414872798434442 0.9072265625 0.3561643835616438 0.91015625 0.3571428571428571
0 0.8720703125 0.6164383561643836 0.890625 0.6164383561643836 0.8984375 0.6125244618395304 0.90234375 0.6046966731898238 0.9013671875 0.5909980430528375 0.8935546875 0.5841487279843445 0.8798828125 0.5851272015655578 0.8671875 0.5949119373776908 0.8662109375 0.611545988258317 0.8720703125 0.6164383561643836
0 0.7822265625 0.41780821917808214 0.7958984375 0.4148727984344422 0.80078125 0.40802348336594907 0.7939453125 0.40019569471624267 0.7802734375 0.4021526418786692 0.7783203125 0.41193737769080235 0.7822265625 0.41780821917808214
0 0.759765625 0.4315068493150685 0.7666015625 0.4315068493150685 0.7763671875 0.4246575342465754 0.771484375 0.4148727984344422 0.7646484375 0.4138943248532289 0.755859375 0.4187866927592955 0.7548828125 0.42857142857142855 0.759765625 0.4315068493150685
0 0.4384765625 0.6320939334637965 0.458984375 0.6281800391389433 0.4697265625 0.6193737769080234 0.4677734375 0.6066536203522505 0.4609375 0.6007827788649707 0.4365234375 0.5968688845401174 0.42578125 0.601761252446184 0.4287109375 0.6252446183953033 0.4384765625 0.6320939334637965
0 0.421875 0.16144814090019569 0.4453125 0.162426614481409 0.453125 0.15166340508806261 0.4599609375 0.1487279843444227 0.458984375 0.14285714285714285 0.4462890625 0.136986301369863 0.41796875 0.13894324853228962 0.4130859375 0.14285714285714285 0.412109375 0.15557729941291584 0.421875 0.16144814090019569
0 0.115234375 0.23483365949119372 0.123046875 0.23972602739726026 0.1357421875 0.23874755381604693 0.1396484375 0.22700587084148727 0.134765625 0.2123287671232877 0.126953125 0.2054794520547945 0.1142578125 0.2054794520547945 0.1083984375 0.20939334637964774 0.1083984375 0.22211350293542073 0.115234375 0.23483365949119372
0 0.6923828125 0.5812133072407045 0.705078125 0.5880626223091976 0.71875 0.5841487279843445 0.7197265625 0.5626223091976517 0.71484375 0.5567514677103718 0.6982421875 0.5547945205479452 0.6884765625 0.5645792563600782 0.6875 0.5753424657534246 0.6923828125 0.5812133072407045
0 0.763671875 0.4892367906066536 0.771484375 0.4882583170254403 0.7763671875 0.47749510763209385 0.7734375 0.4667318982387475 0.76171875 0.4647749510763209 0.7548828125 0.46966731898238745 0.7548828125 0.4823874755381604 0.763671875 0.4892367906066536