0 0.5537109375 0.9461839530332681 0.5654296875 0.9608610567514676 0.5771484375 0.9657534246575341 0.60546875 0.9637964774951076 0.6298828125 0.9295499021526418 0.62109375 0.8982387475538159 0.6015625 0.8894324853228962 0.5771484375 0.8874755381604696 0.5703125 0.8904109589041095 0.556640625 0.9021526418786692 0.5498046875 0.9187866927592955 0.548828125 0.9354207436399216 0.5537109375 0.9461839530332681
0 0.0986328125 0.8590998043052837 0.10546875 0.8708414872798433 0.1181640625 0.8806262230919766 0.1376953125 0.8864970645792564 0.1689453125 0.8845401174168297 0.18359375 0.8796477495107631 0.2060546875 0.8551859099804305 0.19921875 0.8170254403131114 0.1845703125 0.793542074363992 0.1708984375 0.7847358121330724 0.150390625 0.7808219178082191 0.126953125 0.7827788649706457 0.1005859375 0.8160469667318981 0.09765625 0.824853228962818 0.0986328125 0.8590998043052837
0 0.1884765625 0.6095890410958904 0.20703125 0.6056751467710371 0.224609375 0.5870841487279843 0.251953125 0.6007827788649707 0.275390625 0.6056751467710371 0.296875 0.5929549902152641 0.3115234375 0.5772994129158512 0.3173828125 0.5636007827788649 0.314453125 0.5518590998043053 0.2998046875 0.5332681017612524 0.275390625 0.5166340508806262 0.2509765625 0.5107632093933463 0.2373046875 0.512720156555773 0.2265625 0.5215264187866928 0.2109375 0.557729941291585 0.2001953125 0.5596868884540117 0.1865234375 0.5499021526418787 0.1787109375 0.5499021526418787 0.1728515625 0.5626223091976517 0.1748046875 0.595890410958904 0.1884765625 0.6095890410958904
0 0.6416015625 0.7191780821917808 0.650390625 0.7309197651663404 0.673828125 0.7407045009784736 0.681640625 0.7367906066536203 0.69140625 0.738747553816047 0.7060546875 0.7524461839530332 0.7314453125 0.7495107632093932 0.75390625 0.7622309197651662 0.7587890625 0.7612524461839529 0.767578125 0.7729941291585127 0.7822265625 0.7729941291585127 0.7861328125 0.7681017612524461 0.7841796875 0.7573385518590998 0.7685546875 0.7446183953033267 0.76171875 0.7446183953033267 0.7568359375 0.735812133072407 0.76171875 0.7318982387475538 0.76171875 0.6986301369863013 0.7705078125 0.6575342465753424 0.759765625 0.6418786692759295 0.7412109375 0.6262230919765166 0.703125 0.6154598825831703 0.6552734375 0.6183953033268101 0.6474609375 0.6272015655577299 0.6435546875 0.6399217221135028 0.63671875 0.6956947162426614 0.6416015625 0.7191780821917808
0 0.5966796875 0.5156555772994129 0.6123046875 0.5293542074363992 0.6357421875 0.5410958904109588 0.65625 0.5352250489236791 0.6728515625 0.5185909980430529 0.6796875 0.5048923679060665 0.67578125 0.47749510763209385 0.6630859375 0.4667318982387475 0.642578125 0.4589041095890411 0.6318359375 0.4589041095890411 0.611328125 0.46868884540117417 0.59375 0.4911937377690802 0.5927734375 0.5068493150684932 0.5966796875 0.5156555772994129
0 0.4912109375 0.6604696673189824 0.4931640625 0.6859099804305283 0.5078125 0.6996086105675146 0.517578125 0.7035225048923679 0.5263671875 0.7035225048923679 0.53515625 0.6996086105675146 0.548828125 0.6859099804305283 0.56640625 0.6741682974559686 0.5703125 0.6536203522504892 0.5771484375 0.6379647749510763 0.5791015625 0.6223091976516634 0.5732421875 0.6095890410958904 0.560546875 0.5968688845401174 0.541015625 0.5919765166340508 0.5283203125 0.5949119373776908 0.525390625 0.598825831702544 0.5029296875 0.608610567514677 0.4951171875 0.6203522504892367 0.494140625 0.6291585127201565 0.4951171875 0.6399217221135028 0.4912109375 0.6604696673189824
0 0.6787109375 0.5469667318982387 0.6767578125 0.547945205479452 0.673828125 0.5528375733855186 0.673828125 0.5557729941291585 0.671875 0.5567514677103718 0.6728515625 0.560665362035225 0.681640625 0.5665362035225049 0.6962890625 0.5714285714285714 0.7080078125 0.5714285714285714 0.7138671875 0.5704500978473581 0.716796875 0.5684931506849316 0.7197265625 0.5636007827788649 0.720703125 0.5587084148727983 0.7216796875 0.5342465753424658 0.7197265625 0.5293542074363992 0.7158203125 0.5254403131115459 0.7060546875 0.5225048923679061 0.6943359375 0.5244618395303327 0.6865234375 0.5283757338551859 0.6806640625 0.5352250489236791 0.6787109375 0.5410958904109588 0.6787109375 0.5469667318982387
0 0.5751953125 0.5616438356164383 0.578125 0.5694716242661448 0.5810546875 0.5724070450097847 0.587890625 0.5763209393346379 0.5908203125 0.5763209393346379 0.591796875 0.5772994129158512 0.5986328125 0.5772994129158512 0.6044921875 0.573385518590998 0.6064453125 0.5684931506849316 0.6064453125 0.5655577299412916 0.6044921875 0.560665362035225 0.5986328125 0.5557729941291585 0.591796875 0.5518590998043053 0.5859375 0.550880626223092 0.5849609375 0.5499021526418787 0.580078125 0.5499021526418787 0.576171875 0.5528375733855186 0.5751953125 0.5547945205479452 0.5751953125 0.5616438356164383
0 0.9150390625 0.17221135029354206 0.9365234375 0.17906066536203522 0.9501953125 0.17906066536203522 0.97265625 0.1643835616438356 0.974609375 0.136986301369863 0.9677734375 0.1223091976516634 0.958984375 0.11448140900195694 0.93359375 0.10665362035225048 0.9140625 0.11545988258317026 0.896484375 0.13013698630136986 0.896484375 0.15166340508806261 0.9150390625 0.17221135029354206
0 0.19921875 0.23679060665362034 0.2080078125 0.24363992172211352 0.234375 0.25048923679060664 0.2646484375 0.2299412915851272 0.25 0.18297455968688844 0.2353515625 0.16731898238747553 0.220703125 0.17123287671232876 0.2041015625 0.18590998043052837 0.1953125 0.2054794520547945 0.1943359375 0.22602739726027393 0.19921875 0.23679060665362034
0 0.1513671875 0.06164383561643836 0.1689453125 0.0675146771037182 0.177734375 0.05870841487279843 0.177734375 0.050880626223091974 0.169921875 0.04403131115459882 0.15234375 0.03816046966731898 0.146484375 0.03816046966731898 0.140625 0.04403131115459882 0.140625 0.05283757338551859 0.1513671875 0.06164383561643836
0 0.97265625 0.36692759295499017 0.98828125 0.38062622309197647 0.9990234375 0.38454011741682975 0.9990234375 0.2886497064579256 0.9873046875 0.2974559686888454 0.98828125 0.3199608610567514 0.9736328125 0.33072407045009783 0.9697265625 0.3385518590998043 0.96875 0.3561643835616438 0.97265625 0.36692759295499017
0 0.791015625 0.2495107632093933 0.8095703125 0.25244618395303325 0.8310546875 0.25048923679060664 0.8447265625 0.24266144814090018 0.85546875 0.2279843444227006 0.85546875 0.19960861056751467 0.8466796875 0.18786692759295498 0.830078125 0.1761252446183953 0.802734375 0.175146771037182 0.78515625 0.19275929549902152 0.7802734375 0.2054794520547945 0.7802734375 0.23679060665362034 0.791015625 0.2495107632093933