0 0.4306640625 0.49510763209393344 0.4267578125 0.5088062622309197 0.431640625 0.5185909980430529 0.4521484375 0.5283757338551859 0.4755859375 0.5499021526418787 0.494140625 0.5518590998043053 0.5 0.547945205479452 0.5380859375 0.5058708414872799 0.537109375 0.4921722113502935 0.5419921875 0.4755381604696673 0.5341796875 0.4647749510763209 0.5361328125 0.44911937377690797 0.494140625 0.42857142857142855 0.4833984375 0.41193737769080235 0.46875 0.410958904109589 0.4384765625 0.42857142857142855 0.4287109375 0.4383561643835616 0.4248046875 0.4549902152641878 0.423828125 0.4667318982387475 0.4306640625 0.49510763209393344
0 0.2763671875 0.3542074363992172 0.291015625 0.3610567514677104 0.302734375 0.3610567514677104 0.318359375 0.3532289628180039 0.33984375 0.3561643835616438 0.34765625 0.3522504892367906 0.3525390625 0.3424657534246575 0.3525390625 0.33268101761252444 0.345703125 0.32093933463796476 0.337890625 0.3131115459882583 0.3212890625 0.3082191780821918 0.3017578125 0.30724070450097846 0.2705078125 0.3336594911937377 0.26953125 0.3424657534246575 0.2763671875 0.3542074363992172
0 0.37109375 0.738747553816047 0.396484375 0.7475538160469667 0.4052734375 0.7475538160469667 0.4169921875 0.7397260273972602 0.423828125 0.7191780821917808 0.4208984375 0.7025440313111545 0.4111328125 0.6908023483365949 0.3828125 0.6712328767123287 0.3642578125 0.675146771037182 0.3583984375 0.6868884540117416 0.3583984375 0.7103718199608611 0.37109375 0.738747553816047
0 0.2314453125 0.5949119373776908 0.240234375 0.5978473581213307 0.25390625 0.595890410958904 0.271484375 0.5851272015655578 0.2841796875 0.5626223091976517 0.2783203125 0.5401174168297456 0.2578125 0.5254403131115459 0.2275390625 0.538160469667319 0.21875 0.5499021526418787 0.21875 0.5782778864970646 0.2314453125 0.5949119373776908
0 0.767578125 0.6135029354207436 0.76171875 0.6399217221135028 0.76953125 0.6585127201565557 0.76171875 0.732876712328767 0.7763671875 0.7641878669275929 0.8076171875 0.7671232876712328 0.8193359375 0.7602739726027397 0.8310546875 0.738747553816047 0.8310546875 0.7025440313111545 0.8271484375 0.6966731898238747 0.8310546875 0.678082191780822 0.84765625 0.6575342465753424 0.8486328125 0.6311154598825832 0.8349609375 0.608610567514677 0.822265625 0.6037181996086105 0.814453125 0.595890410958904 0.810546875 0.5782778864970646 0.8037109375 0.5704500978473581 0.779296875 0.5675146771037182 0.765625 0.5802348336594911 0.76171875 0.5978473581213307 0.767578125 0.6135029354207436
0 0.69921875 0.34833659491193736 0.69921875 0.363013698630137 0.7158203125 0.3943248532289628 0.7412109375 0.4148727984344422 0.7509765625 0.4324853228962818 0.7890625 0.446183953033268 0.8310546875 0.4246575342465754 0.837890625 0.41193737769080235 0.8388671875 0.38943248532289626 0.8359375 0.38454011741682975 0.841796875 0.37279843444227 0.8447265625 0.34833659491193736 0.81640625 0.30039138943248533 0.7958984375 0.2827788649706458 0.783203125 0.24755381604696672 0.77734375 0.24363992172211352 0.7607421875 0.24853228962818003 0.751953125 0.24363992172211352 0.7236328125 0.24755381604696672 0.703125 0.2886497064579256 0.705078125 0.3395303326810176 0.69921875 0.34833659491193736
0 0.3154296875 0.25244618395303325 0.337890625 0.2622309197651663 0.3662109375 0.2651663405088062 0.3798828125 0.25929549902152643 0.435546875 0.20841487279843443 0.4384765625 0.18688845401174167 0.4208984375 0.17221135029354206 0.3916015625 0.1643835616438356 0.376953125 0.16731898238747553 0.3583984375 0.175146771037182 0.3525390625 0.1888454011741683 0.349609375 0.1917808219178082 0.3447265625 0.1888454011741683 0.3095703125 0.2328767123287671 0.30859375 0.24363992172211352 0.3154296875 0.25244618395303325
0 0.373046875 0.32093933463796476 0.3837890625 0.32583170254403127 0.3974609375 0.32583170254403127 0.41015625 0.31702544031311153 0.41015625 0.2974559686888454 0.390625 0.27495107632093935 0.376953125 0.27495107632093935 0.35546875 0.2857142857142857 0.35546875 0.3062622309197652 0.373046875 0.32093933463796476
0 0.48046875 0.324853228962818 0.490234375 0.3287671232876712 0.5166015625 0.32583170254403127 0.52734375 0.30528375733855184 0.521484375 0.2847358121330724 0.5078125 0.2788649706457925 0.494140625 0.28180039138943247 0.4794921875 0.29647749510763205 0.4736328125 0.31409001956947163 0.48046875 0.324853228962818
0 0.0947265625 0.09197651663405088 0.1201171875 0.10273972602739725 0.15234375 0.10567514677103718 0.171875 0.08806262230919765 0.181640625 0.07142857142857142 0.1845703125 0.023483365949119372 0.1728515625 0.00684931506849315 0.1513671875 0.007827788649706457 0.130859375 0.019569471624266144 0.1083984375 0.023483365949119372 0.0947265625 0.030332681017612523 0.0810546875 0.049902152641878667 0.0791015625 0.07142857142857142 0.0947265625 0.09197651663405088
0 0.525390625 0.7416829745596869 0.54296875 0.7436399217221135 0.55859375 0.7299412915851271 0.5595703125 0.7113502935420744 0.546875 0.684931506849315 0.5390625 0.6839530332681016 0.529296875 0.6917808219178082 0.5205078125 0.7133072407045009 0.5185546875 0.7299412915851271 0.525390625 0.7416829745596869
0 0.873046875 0.4393346379647749 0.87890625 0.4667318982387475 0.8876953125 0.47749510763209385 0.90234375 0.47651663405088057 0.9189453125 0.4637964774951076 0.9228515625 0.43542074363992167 0.91796875 0.423679060665362 0.8955078125 0.40019569471624267 0.8828125 0.3953033268101761 0.876953125 0.4070450097847358 0.8779296875 0.423679060665362 0.873046875 0.4393346379647749
0 0.8544921875 0.350293542074364 0.8623046875 0.3590998043052837 0.8701171875 0.36007827788649704 0.873046875 0.3561643835616438 0.873046875 0.3277886497064579 0.8671875 0.3219178082191781 0.85546875 0.32289628180039137 0.8515625 0.3268101761252446 0.8544921875 0.350293542074364