0 0.2490234375 0.5254403131115459 0.2412109375 0.5293542074363992 0.244140625 0.5410958904109588 0.2470703125 0.5440313111545988 0.25390625 0.5410958904109588 0.2568359375 0.5450097847358121 0.2578125 0.5743639921722112 0.2646484375 0.6066536203522505 0.283203125 0.6360078277886496 0.2841796875 0.6448140900195695 0.291015625 0.6506849315068493 0.294921875 0.6956947162426614 0.306640625 0.7133072407045009 0.328125 0.7074363992172211 0.34375 0.687866927592955 0.3759765625 0.7035225048923679 0.396484375 0.7015655577299412 0.40625 0.6908023483365949 0.4287109375 0.6810176125244618 0.4404296875 0.6712328767123287 0.4833984375 0.6135029354207436 0.490234375 0.5851272015655578 0.4853515625 0.5469667318982387 0.45703125 0.5019569471624266 0.431640625 0.48140900195694714 0.4052734375 0.46966731898238745 0.3857421875 0.4657534246575342 0.3408203125 0.4647749510763209 0.2998046875 0.47651663405088057 0.27734375 0.5019569471624266 0.26953125 0.50293542074364 0.2646484375 0.49412915851272016 0.2548828125 0.49021526418786693 0.2470703125 0.5009784735812133 0.2529296875 0.5107632093933463 0.2490234375 0.5254403131115459
0 0.779296875 0.7475538160469667 0.7998046875 0.7475538160469667 0.8251953125 0.7299412915851271 0.82421875 0.7172211350293541 0.8037109375 0.6966731898238747 0.779296875 0.7025440313111545 0.7705078125 0.7113502935420744 0.771484375 0.738747553816047 0.779296875 0.7475538160469667
0 0.78125 0.4794520547945205 0.7939453125 0.4931506849315069 0.810546875 0.4921722113502935 0.8193359375 0.48630136986301364 0.830078125 0.4481409001956947 0.806640625 0.41291585127201563 0.7900390625 0.40998043052837574 0.771484375 0.4217221135029354 0.765625 0.4403131115459883 0.75 0.46183953033268105 0.751953125 0.4735812133072407 0.78125 0.4794520547945205
0 0.5673828125 0.2729941291585127 0.609375 0.2759295499021526 0.638671875 0.2925636007827789 0.662109375 0.2984344422700587 0.6708984375 0.29549902152641877 0.7001953125 0.2720156555772994 0.7099609375 0.24657534246575344 0.7080078125 0.23483365949119372 0.701171875 0.2318982387475538 0.6962890625 0.22015655577299414 0.6708984375 0.2123287671232877 0.6513671875 0.21819960861056747 0.63671875 0.23581213307240706 0.609375 0.2583170254403131 0.5693359375 0.24657534246575344 0.5595703125 0.24755381604696672 0.5537109375 0.25538160469667315 0.5537109375 0.2602739726027397 0.5673828125 0.2729941291585127
0 0.7802734375 0.25244618395303325 0.7890625 0.25146771037182 0.8232421875 0.22896281800391388 0.828125 0.22113502935420742 0.8271484375 0.2123287671232877 0.814453125 0.19960861056751467 0.79296875 0.19863013698630136 0.7685546875 0.22896281800391388 0.771484375 0.24755381604696672 0.7802734375 0.25244618395303325
0 0.9033203125 0.2338551859099804 0.9208984375 0.23483365949119372 0.9423828125 0.22407045009784735 0.9541015625 0.18493150684931506 0.955078125 0.17123287671232876 0.94921875 0.16144814090019569 0.9091796875 0.15557729941291584 0.8955078125 0.162426614481409 0.8857421875 0.17906066536203522 0.88671875 0.20841487279843443 0.9033203125 0.2338551859099804
0 0.943359375 0.40019569471624267 0.9990234375 0.41291585127201563 0.9990234375 0.36692759295499017 0.9892578125 0.35812133072407043 0.9736328125 0.3532289628180039 0.95703125 0.3639921722113503 0.9423828125 0.38454011741682975 0.9404296875 0.3953033268101761 0.943359375 0.40019569471624267
0 0.2919921875 0.324853228962818 0.31640625 0.3150684931506849 0.3310546875 0.30039138943248533 0.3349609375 0.2788649706457925 0.3466796875 0.26125244618395305 0.345703125 0.2455968688845401 0.33203125 0.23581213307240706 0.3173828125 0.23776908023483365 0.3115234375 0.2446183953033268 0.3125 0.25929549902152643 0.302734375 0.27495107632093935 0.2861328125 0.2837573385518591 0.2822265625 0.3238747553816047 0.2919921875 0.324853228962818
0 0.0166015625 0.05675146771037182 0.037109375 0.0547945205479452 0.046875 0.04892367906066536 0.0517578125 0.03913894324853229 0.0498046875 0.02446183953033268 0.0439453125 0.0136986301369863 0.0361328125 0.009784735812133072 0.033203125 0 0.013671875 0 0.009765625 0.007827788649706457 0.0087890625 0.022504892367906065 0.0166015625 0.05675146771037182
0 0 0.08904109589041095 0.0087890625 0.09980430528375733 0.021484375 0.08806262230919765 0.021484375 0.08023483365949119 0.0166015625 0.07240704500978473 0.005859375 0.07436399217221135 0 0.07925636007827788 0 0.08904109589041095
0 0.0537109375 0.07240704500978473 0.0615234375 0.07142857142857142 0.068359375 0.060665362035225046 0.064453125 0.0557729941291585 0.0498046875 0.060665362035225046 0.048828125 0.06653620352250489 0.0537109375 0.07240704500978473
0 0.498046875 0.026418786692759294 0.5234375 0.04403131115459882 0.54296875 0.04598825831702544 0.5478515625 0.04207436399217221 0.544921875 0.029354207436399216 0.5283203125 0.018590998043052837 0.5205078125 0 0.5048828125 0 0.49609375 0.007827788649706457 0.494140625 0.019569471624266144 0.498046875 0.026418786692759294
0 0.869140625 0.15459882583170254 0.8798828125 0.15557729941291584 0.90234375 0.14285714285714285 0.9375 0.14090019569471623 0.95703125 0.1506849315068493 0.9638671875 0.16046966731898238 0.97265625 0.1643835616438356 0.9873046875 0.1634050880626223 0.9990234375 0.15459882583170254 0.9990234375 0.10273972602739725 0.9873046875 0.09784735812133072 0.978515625 0.09784735812133072 0.970703125 0.10273972602739725 0.94921875 0.10176125244618395 0.9287109375 0.111545988258317 0.8994140625 0.09980430528375733 0.8935546875 0.10371819960861055 0.88671875 0.11937377690802346 0.8759765625 0.11839530332681017 0.8701171875 0.10176125244618395 0.8583984375 0.09882583170254403 0.8486328125 0.10273972602739725 0.8408203125 0.11545988258317026 0.841796875 0.13013698630136986 0.869140625 0.15459882583170254