0 0.306640625 0.6428571428571428 0.3359375 0.6653620352250489 0.3515625 0.6898238747553815 0.37109375 0.6956947162426614 0.4013671875 0.6937377690802349 0.427734375 0.6819960861056751 0.4560546875 0.6545988258317025 0.462890625 0.6281800391389433 0.4580078125 0.6046966731898238 0.4296875 0.5802348336594911 0.4072265625 0.5704500978473581 0.3388671875 0.5694716242661448 0.318359375 0.5812133072407045 0.306640625 0.5939334637964775 0.3017578125 0.611545988258317 0.30078125 0.6281800391389433 0.306640625 0.6428571428571428
0 0.30078125 0.18199608610567514 0.3115234375 0.19275929549902152 0.3291015625 0.19471624266144813 0.3388671875 0.20254403131115456 0.3486328125 0.2035225048923679 0.35546875 0.19863013698630136 0.3583984375 0.18688845401174167 0.365234375 0.17906066536203522 0.376953125 0.17123287671232876 0.3798828125 0.15264187866927592 0.359375 0.13111545988258316 0.3076171875 0.12426614481409001 0.29296875 0.13307240704500978 0.2919921875 0.14383561643835616 0.30078125 0.18199608610567514
0 0.48046875 0.20156555772994128 0.4892578125 0.19960861056751467 0.4951171875 0.1917808219178082 0.494140625 0.18493150684931506 0.4853515625 0.18003913894324852 0.4794921875 0.18003913894324852 0.4716796875 0.18688845401174167 0.470703125 0.19471624266144813 0.48046875 0.20156555772994128
0 0.7490234375 0.22113502935420742 0.779296875 0.19960861056751467 0.775390625 0.18493150684931506 0.76953125 0.18101761252446183 0.76171875 0.18003913894324852 0.751953125 0.1888454011741683 0.7353515625 0.18688845401174167 0.7255859375 0.1917808219178082 0.7275390625 0.20841487279843443 0.7490234375 0.22113502935420742
0 0.841796875 0.2446183953033268 0.8525390625 0.2446183953033268 0.86328125 0.23483365949119372 0.86328125 0.2279843444227006 0.85546875 0.2162426614481409 0.8408203125 0.2162426614481409 0.8349609375 0.22504892367906065 0.8359375 0.24070450097847357 0.841796875 0.2446183953033268
0 0.7841796875 0.3522504892367906 0.796875 0.3522504892367906 0.8076171875 0.34442270058708413 0.8037109375 0.33268101761252444 0.79296875 0.32289628180039137 0.7783203125 0.3268101761252446 0.7744140625 0.3336594911937377 0.77734375 0.3473581213307241 0.7841796875 0.3522504892367906
0 0.36328125 0.324853228962818 0.3671875 0.3287671232876712 0.375 0.3277886497064579 0.384765625 0.28180039138943247 0.37890625 0.27495107632093935 0.3701171875 0.2759295499021526 0.3583984375 0.29158512720156554 0.35546875 0.30724070450097846 0.36328125 0.324853228962818
0 0.0146484375 0.6340508806262231 0.0205078125 0.6272015655577299 0.0205078125 0.6183953033268101 0.01171875 0.6095890410958904 0.001953125 0.6095890410958904 0 0.6340508806262231 0.0146484375 0.6340508806262231
0 0.1787109375 0.8454011741682974 0.1923828125 0.8483365949119372 0.197265625 0.8444227005870841 0.201171875 0.834637964774951 0.19140625 0.8199608610567515 0.1787109375 0.8199608610567515 0.171875 0.8268101761252445 0.1708984375 0.8365949119373777 0.1787109375 0.8454011741682974
0 0.78125 0.8072407045009784 0.7900390625 0.809197651663405 0.8037109375 0.8101761252446182 0.8154296875 0.8052837573385518 0.8359375 0.7749510763209393 0.837890625 0.7661448140900196 0.826171875 0.7583170254403131 0.826171875 0.7289628180039138 0.818359375 0.7172211350293541 0.8095703125 0.7123287671232876 0.796875 0.7181996086105674 0.794921875 0.7299412915851271 0.787109375 0.7397260273972602 0.763671875 0.738747553816047 0.751953125 0.7475538160469667 0.7490234375 0.7544031311154599 0.7509765625 0.7759295499021526 0.78125 0.8072407045009784
0 0.8525390625 0.9256360078277887 0.8662109375 0.9217221135029353 0.8759765625 0.9080234833659491 0.8740234375 0.8972602739726027 0.8603515625 0.8894324853228962 0.8486328125 0.8913894324853228 0.8408203125 0.9021526418786692 0.841796875 0.9178082191780822 0.8525390625 0.9256360078277887