0 0.087890625 0.2759295499021526 0.0908203125 0.2847358121330724 0.083984375 0.30332681017612523 0.072265625 0.3131115459882583 0.0712890625 0.32289628180039137 0.07421875 0.35518590998043054 0.083984375 0.38747553816046965 0.0986328125 0.40410958904109584 0.1103515625 0.40998043052837574 0.1494140625 0.410958904109589 0.1728515625 0.40019569471624267 0.1865234375 0.3835616438356164 0.193359375 0.3473581213307241 0.2021484375 0.32583170254403127 0.2021484375 0.2827788649706458 0.216796875 0.24755381604696672 0.2138671875 0.23483365949119372 0.1845703125 0.21135029354207435 0.1767578125 0.1888454011741683 0.16796875 0.1780821917808219 0.154296875 0.1771037181996086 0.146484375 0.18590998043052837 0.150390625 0.21135029354207435 0.1455078125 0.22211350293542073 0.1337890625 0.22504892367906065 0.130859375 0.21330724070450097 0.1240234375 0.20841487279843443 0.1025390625 0.20841487279843443 0.087890625 0.22211350293542073 0.078125 0.2455968688845401 0.080078125 0.2729941291585127 0.087890625 0.2759295499021526
0 0.19140625 0.48140900195694714 0.2060546875 0.4931506849315069 0.2197265625 0.49412915851272016 0.2412109375 0.48727984344422703 0.2646484375 0.46183953033268105 0.2705078125 0.43639921722113495 0.2685546875 0.4246575342465754 0.263671875 0.41291585127201563 0.244140625 0.40019569471624267 0.2021484375 0.3953033268101761 0.18359375 0.40998043052837574 0.1787109375 0.4246575342465754 0.1787109375 0.4598825831702544 0.19140625 0.48140900195694714
0 0.33203125 0.538160469667319 0.3466796875 0.5440313111545988 0.3486328125 0.5684931506849316 0.3662109375 0.6027397260273972 0.38671875 0.611545988258317 0.396484375 0.611545988258317 0.4150390625 0.6056751467710371 0.4287109375 0.5939334637964775 0.4365234375 0.5782778864970646 0.4375 0.5596868884540117 0.4345703125 0.5420743639921721 0.42578125 0.5283757338551859 0.3896484375 0.5068493150684932 0.3828125 0.49706457925636005 0.369140625 0.4911937377690802 0.3310546875 0.4892367906066536 0.3193359375 0.5039138943248532 0.3212890625 0.5254403131115459 0.33203125 0.538160469667319
0 0.28515625 0.5567514677103718 0.2998046875 0.560665362035225 0.3095703125 0.5547945205479452 0.3125 0.5391389432485323 0.3037109375 0.5283757338551859 0.2919921875 0.5283757338551859 0.28125 0.5362035225048923 0.279296875 0.5499021526418787 0.28515625 0.5567514677103718
0 0.3056640625 0.4892367906066536 0.31640625 0.4882583170254403 0.3203125 0.47847358121330724 0.318359375 0.46966731898238745 0.310546875 0.4647749510763209 0.298828125 0.46966731898238745 0.2998046875 0.4843444227005871 0.3056640625 0.4892367906066536
0 0.2548828125 0.5019569471624266 0.2685546875 0.49412915851272016 0.2744140625 0.4804305283757338 0.2578125 0.47749510763209385 0.244140625 0.48532289628180036 0.2451171875 0.49804305283757333 0.2548828125 0.5019569471624266
0 0.2607421875 0.6634050880626223 0.2900390625 0.6673189823874754 0.3154296875 0.6771037181996086 0.3349609375 0.6673189823874754 0.345703125 0.6252446183953033 0.3564453125 0.6154598825831703 0.357421875 0.6027397260273972 0.3447265625 0.5851272015655578 0.3349609375 0.5831702544031311 0.3173828125 0.5890410958904109 0.298828125 0.5743639921722112 0.2841796875 0.573385518590998 0.2744140625 0.5841487279843445 0.27734375 0.6056751467710371 0.2568359375 0.6183953033268101 0.2529296875 0.6262230919765166 0.2548828125 0.6545988258317025 0.2607421875 0.6634050880626223
0 0.3291015625 0.6986301369863013 0.3369140625 0.7103718199608611 0.345703125 0.7113502935420744 0.3525390625 0.7064579256360078 0.3544921875 0.6956947162426614 0.3515625 0.6908023483365949 0.328125 0.678082191780822 0.318359375 0.6819960861056751 0.318359375 0.6927592954990215 0.3291015625 0.6986301369863013
0 0.4794921875 0.5078277886497065 0.48046875 0.5264187866927592 0.490234375 0.5724070450097847 0.498046875 0.5919765166340508 0.5244140625 0.6183953033268101 0.5400390625 0.6223091976516634 0.5615234375 0.6193737769080234 0.568359375 0.6144814090019569 0.572265625 0.601761252446184 0.587890625 0.5792563600782779 0.587890625 0.560665362035225 0.5830078125 0.5459882583170254 0.560546875 0.5117416829745596 0.58203125 0.4843444227005871 0.583984375 0.46086105675146766 0.5810546875 0.45303326810176126 0.5703125 0.4393346379647749 0.5615234375 0.4344422700587084 0.5478515625 0.4295499021526418 0.529296875 0.4295499021526418 0.5146484375 0.43542074363992167 0.50390625 0.44520547945205474 0.494140625 0.45792563600782776 0.4873046875 0.4755381604696673 0.4873046875 0.48793248532289624 0.4794921875 0.5078277886497065
0 0.7958984375 0.5792563600782779 0.8095703125 0.5772994129158512 0.8203125 0.5675146771037182 0.8232421875 0.5567514677103718 0.83203125 0.5567514677103718 0.833984375 0.5675146771037182 0.8388671875 0.5684931506849316 0.8349609375 0.5919765166340508 0.84765625 0.6027397260273972 0.8486328125 0.6105675146771037 0.85546875 0.6174168297455969 0.8603515625 0.6154598825831703 0.86328125 0.6037181996086105 0.8857421875 0.611545988258317 0.8984375 0.608610567514677 0.9111328125 0.5900195694716242 0.9013671875 0.5694716242661448 0.9208984375 0.5587084148727983 0.9296875 0.557729941291585 0.9384765625 0.538160469667319 0.953125 0.5273972602739725 0.9462890625 0.48140900195694714 0.9501953125 0.47064579256360073 0.9658203125 0.46868884540117417 0.9736328125 0.4589041095890411 0.97265625 0.4510763209393346 0.9443359375 0.4344422700587084 0.9326171875 0.3933463796477495 0.91015625 0.3835616438356164 0.884765625 0.4050880626223091 0.8748603515625 0.40900195694716246 0.8408203125 0.40998043052837574 0.828125 0.4148727984344422 0.810546875 0.4295499021526418 0.798828125 0.45303326810176126 0.80078125 0.5136986301369862 0.7890625 0.5430528375733854 0.787109375 0.5694716242661448 0.7958984375 0.5792563600782779
0 0.9404296875 0.5763209393346379 0.9482421875 0.5812133072407045 0.9541015625 0.5792563600782779 0.9599609375 0.5704500978473581 0.95703125 0.5626223091976517 0.9501953125 0.5567514677103718 0.94140625 0.560665362035225 0.9384765625 0.5645792563600782 0.9404296875 0.5763209393346379
0 0.71484375 0.9031311154598824 0.720703125 0.9080234833659491 0.7431640625 0.9060665362035225 0.75 0.8992172211350293 0.7490234375 0.8786692759295498 0.765625 0.8590998043052837 0.755859375 0.8493150684931507 0.7421875 0.8522504892367906 0.7265625 0.850293542074364 0.716796875 0.8571428571428571 0.712890625 0.8688845401174168 0.7099609375 0.8953033268101761 0.71484375 0.9031311154598824
0 0.5439453125 0.8551859099804305 0.548828125 0.8590998043052837 0.5546875 0.8590998043052837 0.5576171875 0.8581213307240704 0.5595703125 0.8561643835616438 0.560546875 0.8561643835616438 0.564453125 0.8522504892367906 0.5654296875 0.850293542074364 0.5654296875 0.8463796477495107 0.5634765625 0.8424657534246576 0.5595703125 0.8385518590998042 0.5537109375 0.8356164383561643 0.5498046875 0.8365949119373777 0.5458984375 0.8405088062622308 0.5439453125 0.8444227005870841 0.54296875 0.8522504892367906 0.5439453125 0.8551859099804305
0 0.55078125 0.8277886497064578 0.5732421875 0.8551859099804305 0.6015625 0.87573385518591 0.6328125 0.8816046966731899 0.658203125 0.8767123287671232 0.6943359375 0.837573385518591 0.69921875 0.8209393346379648 0.6962890625 0.7847358121330724 0.6865234375 0.7661448140900196 0.658203125 0.7436399217221135 0.615234375 0.732876712328767 0.5810546875 0.7377690802348337 0.56640625 0.74559686888454 0.552734375 0.7612524461839529 0.5458984375 0.7778864970645791 0.5439453125 0.8003913894324853 0.55078125 0.8277886497064578
0 0.7001953125 0.8101761252446182 0.7021484375 0.8131115459882583 0.708984375 0.8131115459882583 0.7109375 0.812133072407045 0.71484375 0.8072407045009784 0.71484375 0.8003913894324853 0.7138671875 0.7984344422700587 0.7099609375 0.7945205479452054 0.70703125 0.7945205479452054 0.7060546875 0.793542074363992 0.7021484375 0.793542074363992 0.701171875 0.7945205479452054 0.7001953125 0.796477495107632 0.7001953125 0.8101761252446182
0 0.8115234375 0.783757338551859 0.802734375 0.812133072407045 0.8125 0.824853228962818 0.830078125 0.8170254403131114 0.841796875 0.7984344422700587 0.857421875 0.7974559686888454 0.861328125 0.7818003913894325 0.880859375 0.7504892367906066 0.8994140625 0.7514677103718199 0.904296875 0.7612524461839529 0.9248046875 0.7769080234833659 0.9423828125 0.7769080234833659 0.9599609375 0.7847358121330724 0.9697265625 0.7847358121330724 0.9814453125 0.7778864970645791 0.9990234375 0.7778864970645791 0.9990234375 0.723091976516634 0.986328125 0.7201565557729941 0.978515625 0.6908023483365949 0.9609375 0.6761252446183953 0.9443359375 0.6771037181996086 0.9248046875 0.6722113502935421 0.9169921875 0.6771037181996086 0.9111328125 0.6898238747553815 0.8974609375 0.6966731898238747 0.8779296875 0.6947162426614482 0.8701171875 0.6731898238747553 0.873046875 0.6506849315068493 0.8623046875 0.6311154598825832 0.85546875 0.6320939334637965 0.8505859375 0.6399217221135028 0.8544921875 0.6467710371819961 0.853515625 0.6653620352250489 0.8408203125 0.6810176125244618 0.8369140625 0.6966731898238747 0.8271484375 0.7015655577299412 0.8115234375 0.7025440313111545 0.7958984375 0.7172211350293541 0.7919921875 0.7377690802348337 0.8115234375 0.783757338551859
0 0.9453125 0.8140900195694716 0.9599609375 0.8140900195694716 0.962890625 0.7994129158512719 0.958984375 0.7945205479452054 0.94921875 0.7925636007827788 0.94140625 0.7994129158512719 0.9404296875 0.8072407045009784 0.9453125 0.8140900195694716
0 0.65234375 0.44227005870841485 0.6708984375 0.4667318982387475 0.6875 0.474559686888454 0.693359375 0.49804305283757333 0.6513671875 0.5136986301369862 0.6474609375 0.5215264187866928 0.650390625 0.5352250489236791 0.6611328125 0.538160469667319 0.6708984375 0.5322896281800391 0.69921875 0.5254403131115459 0.7216796875 0.5273972602739725 0.7548828125 0.509784735812133 0.763671875 0.4990215264187866 0.7783203125 0.4911937377690802 0.7763671875 0.47651663405088057 0.7802734375 0.4598825831702544 0.77734375 0.43346379647749506 0.78515625 0.4148727984344422 0.8017578125 0.40117416829745595 0.8056640625 0.37573385518590996 0.798828125 0.37084148727984345 0.77734375 0.37181996086105673 0.7666015625 0.3571428571428571 0.7578125 0.3542074363992172 0.7431640625 0.363013698630137 0.7197265625 0.35518590998043054 0.689453125 0.3571428571428571 0.6689453125 0.3659491193737769 0.662109375 0.37279843444227 0.6484375 0.40802348336594907 0.6474609375 0.423679060665362 0.65234375 0.44227005870841485
0 0.9248046875 0.29647749510763205 0.9423828125 0.3111545988258317 0.9599609375 0.31213307240704496 0.970703125 0.3082191780821918 0.98828125 0.2837573385518591 0.9853515625 0.25733855185909976 0.958984375 0.23581213307240706 0.935546875 0.23874755381604693 0.9267578125 0.24755381604696672 0.9208984375 0.26418786692759294 0.919921875 0.2827788649706458 0.9248046875 0.29647749510763205
0 0.927734375 0.23581213307240706 0.955078125 0.2279843444227006 0.966796875 0.22015655577299414 0.9697265625 0.21330724070450097 0.9619140625 0.20254403131115456 0.9521484375 0.19863013698630136 0.943359375 0.20939334637964774 0.919921875 0.2191780821917808 0.9208984375 0.2328767123287671 0.927734375 0.23581213307240706
0 0.7333984375 0.3287671232876712 0.7548828125 0.33268101761252444 0.765625 0.3238747553816047 0.7744140625 0.30919765166340507 0.7744140625 0.2896281800391389 0.7646484375 0.273972602739726 0.7490234375 0.2671232876712329 0.7373046875 0.26810176125244617 0.7255859375 0.27495107632093935 0.7216796875 0.2847358121330724 0.7197265625 0.30919765166340507 0.7333984375 0.3287671232876712
0 0.6337890625 0.2876712328767123 0.646484375 0.29158512720156554 0.6572265625 0.2827788649706458 0.697265625 0.2759295499021526 0.708984375 0.2583170254403131 0.7197265625 0.25244618395303325 0.7197265625 0.24363992172211352 0.70703125 0.2299412915851272 0.677734375 0.22896281800391388 0.6708984375 0.2338551859099804 0.66796875 0.25146771037182 0.662109375 0.2583170254403131 0.63671875 0.25929549902152643 0.6298828125 0.2651663405088062 0.62890625 0.2788649706457925 0.6337890625 0.2876712328767123
0 0.529296875 0.26125244618395305 0.5361328125 0.26810176125244617 0.5390625 0.2857142857142857 0.5419921875 0.2896281800391389 0.55078125 0.29060665362035226 0.5556640625 0.30332681017612523 0.5517578125 0.31702544031311153 0.5546875 0.33072407045009783 0.5625 0.3434442270058708 0.5625 0.35812133072407043 0.5673828125 0.3639921722113503 0.57421875 0.3639921722113503 0.5810546875 0.35518590998043054 0.583984375 0.33659491193737767 0.5927734375 0.33072407045009783 0.5966796875 0.32093933463796476 0.5947265625 0.3062622309197652 0.5810546875 0.29452054794520544 0.5751953125 0.2837573385518591 0.58984375 0.25048923679060664 0.5888671875 0.23679060665362034 0.58203125 0.22407045009784735 0.5634765625 0.21135029354207435 0.529296875 0.20450097847358123 0.51953125 0.2054794520547945 0.5166015625 0.20939334637964774 0.5244140625 0.24755381604696672 0.529296875 0.26125244618395305
0 0 0.19667318982387474 0.0107421875 0.20156555772994128 0.025390625 0.19863013698630136 0.033203125 0.18297455968688844 0.0302734375 0.17123287671232876 0.0234375 0.16536203522504891 0.0078125 0.17025440313111545 0 0.1771037181996086 0 0.19667318982387474
0 0.025390625 0.09197651663405088 0.0517578125 0.11545988258317026 0.060546875 0.13209393346379647 0.0966796875 0.12720156555772993 0.1025390625 0.12133072407045009 0.103515625 0.11252446183953033 0.0947265625 0.09980430528375733 0.0703125 0.09295499021526418 0.0654296875 0.08806262230919765 0.060546875 0.07534246575342465 0.0615234375 0.06360078277886497 0.0517578125 0.04403131115459882 0.04296875 0.04500978473581213 0.03515625 0.060665362035225046 0.0205078125 0.0675146771037182 0.01953125 0.07729941291585127 0.025390625 0.09197651663405088
0 0.4765625 0.5489236790606653 0.48046875 0.5401174168297456 0.478515625 0.5332681017612524 0.470703125 0.5293542074363992 0.462890625 0.5322896281800391 0.462890625 0.5469667318982387 0.4765625 0.5489236790606653
0 0.5703125 0.4344422700587084 0.5810546875 0.4187866927592955 0.5927734375 0.4138943248532289 0.5947265625 0.40313111545988256 0.5888671875 0.3962818003913894 0.5791015625 0.3943248532289628 0.568359375 0.40313111545988256 0.5517578125 0.40802348336594907 0.5498046875 0.42661448140900193 0.5703125 0.4344422700587084