0 0.3037109375 0.3786692759295499 0.3212890625 0.3747553816046966 0.353515625 0.3933463796477495 0.3564453125 0.4021526418786692 0.3486328125 0.4148727984344422 0.3486328125 0.4227005870841487 0.3583984375 0.4383561643835616 0.37109375 0.44227005870841485 0.38671875 0.4383561643835616 0.3896484375 0.4305283757338552 0.396484375 0.4305283757338552 0.400390625 0.4481409001956947 0.4140625 0.4471624266144814 0.4248046875 0.4246575342465754 0.4111328125 0.4148727984344422 0.4150390625 0.40410958904109584 0.42578125 0.40019569471624267 0.4345703125 0.3835616438356164 0.4287109375 0.3679060665362035 0.41796875 0.3590998043052837 0.41796875 0.35518590998043054 0.4287109375 0.3395303326810176 0.4365234375 0.3150684931506849 0.43359375 0.3013698630136986 0.419921875 0.2896281800391389 0.4150390625 0.27103718199608606 0.39453125 0.26810176125244617 0.384765625 0.25733855185909976 0.375 0.2583170254403131 0.3603515625 0.27495107632093935 0.361328125 0.2984344422700587 0.3349609375 0.32974559686888455 0.3251953125 0.3542074363992172 0.30078125 0.3698630136986301 0.2998046875 0.37573385518590996 0.3037109375 0.3786692759295499
0 0.3271484375 0.25048923679060664 0.33203125 0.25538160469667315 0.3427734375 0.25538160469667315 0.3466796875 0.24853228962818003 0.3466796875 0.22700587084148727 0.3369140625 0.223091976516634 0.328125 0.22896281800391388 0.3251953125 0.2338551859099804 0.3271484375 0.25048923679060664
0 0.59765625 0.08414872798434442 0.6171875 0.0812133072407045 0.630859375 0.05870841487279843 0.62890625 0.051859099804305274 0.619140625 0.04598825831702544 0.5986328125 0.046966731898238745 0.591796875 0.0557729941291585 0.587890625 0.07436399217221135 0.59765625 0.08414872798434442
0 0.1630859375 0.49706457925636005 0.169921875 0.5019569471624266 0.17578125 0.5009784735812133 0.1796875 0.49510763209393344 0.1787109375 0.4882583170254403 0.1650390625 0.48630136986301364 0.1611328125 0.49021526418786693 0.1630859375 0.49706457925636005
0 0.4853515625 0.5195694716242661 0.4951171875 0.5146771037181995 0.4970703125 0.5068493150684932 0.4921875 0.4990215264187866 0.482421875 0.49706457925636005 0.4765625 0.5039138943248532 0.478515625 0.5185909980430529 0.4853515625 0.5195694716242661
0 0.1474609375 0.6272015655577299 0.150390625 0.6164383561643836 0.1474609375 0.6135029354207436 0.138671875 0.6154598825831703 0.13671875 0.6262230919765166 0.1474609375 0.6272015655577299
0 0.619140625 0.5450097847358121 0.623046875 0.5636007827788649 0.6298828125 0.5714285714285714 0.650390625 0.5684931506849316 0.6650390625 0.5499021526418787 0.662109375 0.5264187866927592 0.6533203125 0.5088062622309197 0.6474609375 0.5048923679060665 0.640625 0.5039138943248532 0.62890625 0.512720156555773 0.619140625 0.5146771037181995 0.609375 0.5254403131115459 0.607421875 0.5332681017612524 0.619140625 0.5450097847358121
0 0.1708984375 0.8043052837573385 0.17578125 0.7974559686888454 0.171875 0.7876712328767124 0.1640625 0.786692759295499 0.158203125 0.7925636007827788 0.162109375 0.8043052837573385 0.1708984375 0.8043052837573385
0 0.2412109375 0.8287671232876711 0.25 0.8297455968688844 0.2646484375 0.8238747553816047 0.265625 0.8131115459882583 0.25390625 0.8003913894324853 0.2431640625 0.796477495107632 0.232421875 0.8052837573385518 0.23046875 0.8160469667318981 0.2412109375 0.8287671232876711
0 0.4345703125 0.7994129158512719 0.4404296875 0.7994129158512719 0.4482421875 0.7925636007827788 0.447265625 0.7847358121330724 0.44140625 0.7808219178082191 0.4287109375 0.786692759295499 0.427734375 0.793542074363992 0.4345703125 0.7994129158512719
0 0.7265625 0.5724070450097847 0.7421875 0.5704500978473581 0.75 0.5596868884540117 0.74609375 0.5450097847358121 0.732421875 0.5342465753424658 0.7236328125 0.5362035225048923 0.71484375 0.5459882583170254 0.71484375 0.5596868884540117 0.7265625 0.5724070450097847
0 0.796875 0.8571428571428571 0.8017578125 0.8708414872798433 0.8193359375 0.8767123287671232 0.8369140625 0.8982387475538159 0.8447265625 0.8982387475538159 0.85546875 0.8894324853228962 0.876953125 0.8825831702544031 0.8818359375 0.8767123287671232 0.873046875 0.8571428571428571 0.8564453125 0.850293542074364 0.84375 0.8365949119373777 0.82421875 0.8326810176125244 0.8125 0.834637964774951 0.7978515625 0.8277886497064578 0.787109375 0.8277886497064578 0.7822265625 0.8326810176125244 0.78515625 0.8522504892367906 0.796875 0.8571428571428571