0 0.51171875 0.2974559686888454 0.5390625 0.29647749510763205 0.5634765625 0.3180039138943248 0.57421875 0.32093933463796476 0.583984375 0.3150684931506849 0.6123046875 0.31017612524461835 0.6171875 0.29549902152641877 0.6298828125 0.2857142857142857 0.62890625 0.2759295499021526 0.615234375 0.2690802348336595 0.6083984375 0.2583170254403131 0.5947265625 0.25244618395303325 0.57421875 0.25440313111545987 0.5673828125 0.24755381604696672 0.5546875 0.2446183953033268 0.54296875 0.2446183953033268 0.521484375 0.25244618395303325 0.515625 0.26125244618395305 0.5185546875 0.2720156555772994 0.505859375 0.28180039138943247 0.5048828125 0.286692759295499 0.51171875 0.2974559686888454
0 0.236328125 0.4843444227005871 0.236328125 0.49804305283757333 0.244140625 0.5048923679060665 0.2919921875 0.5185909980430529 0.3076171875 0.5185909980430529 0.3251953125 0.5009784735812133 0.3271484375 0.48727984344422703 0.337890625 0.48727984344422703 0.3515625 0.4677103718199608 0.3505859375 0.44911937377690797 0.341796875 0.4432485322896282 0.32421875 0.44422700587084146 0.3115234375 0.42759295499021527 0.3173828125 0.40410958904109584 0.30078125 0.3923679060665362 0.2919921875 0.3923679060665362 0.265625 0.4060665362035225 0.2607421875 0.4148727984344422 0.259765625 0.43346379647749506 0.2470703125 0.446183953033268 0.2490234375 0.4569471624266145 0.236328125 0.4843444227005871
0 0.5380859375 0.49510763209393344 0.5517578125 0.4911937377690802 0.56640625 0.4677103718199608 0.560546875 0.44422700587084146 0.546875 0.43542074363992167 0.5361328125 0.43542074363992167 0.5263671875 0.4403131115459883 0.517578125 0.4559686888454012 0.5185546875 0.4843444227005871 0.5380859375 0.49510763209393344
0 0.1591796875 0.6379647749510763 0.1552734375 0.649706457925636 0.158203125 0.6643835616438356 0.166015625 0.6712328767123287 0.17578125 0.6712328767123287 0.1884765625 0.6643835616438356 0.1884765625 0.6418786692759295 0.1748046875 0.6154598825831703 0.1640625 0.6095890410958904 0.150390625 0.6164383561643836 0.150390625 0.6262230919765166 0.1591796875 0.6379647749510763
0 0.2841796875 0.611545988258317 0.2958984375 0.6193737769080234 0.3134765625 0.6164383561643836 0.3212890625 0.6037181996086105 0.3203125 0.5900195694716242 0.2998046875 0.5743639921722112 0.2880859375 0.5743639921722112 0.2802734375 0.5821917808219178 0.2783203125 0.5968688845401174 0.2841796875 0.611545988258317
0 0.26171875 0.6330724070450098 0.2734375 0.6340508806262231 0.2802734375 0.6291585127201565 0.279296875 0.6164383561643836 0.265625 0.601761252446184 0.2607421875 0.6007827788649707 0.2529296875 0.6076320939334637 0.251953125 0.6174168297455969 0.26171875 0.6330724070450098
0 0.2568359375 0.6731898238747553 0.2705078125 0.6712328767123287 0.2763671875 0.6663405088062622 0.27734375 0.6526418786692758 0.2724609375 0.6467710371819961 0.259765625 0.6506849315068493 0.25390625 0.6575342465753424 0.2529296875 0.6692759295499021 0.2568359375 0.6731898238747553
0 0.19140625 0.7142857142857142 0.2158203125 0.7299412915851271 0.234375 0.7309197651663404 0.251953125 0.7221135029354208 0.2607421875 0.7123287671232876 0.2587890625 0.6937377690802349 0.2373046875 0.6790606653620352 0.1923828125 0.678082191780822 0.1875 0.684931506849315 0.1865234375 0.6986301369863013 0.19140625 0.7142857142857142
0 0.494140625 0.9667318982387474 0.513671875 0.9686888454011742 0.5390625 0.9784735812133072 0.5458984375 0.9774951076320939 0.552734375 0.9696673189823874 0.548828125 0.9530332681017611 0.5146484375 0.9275929549902152 0.49609375 0.9236790606653621 0.4892578125 0.9344422700587083 0.4833984375 0.9363992172211351 0.4833984375 0.9559686888454012 0.494140625 0.9667318982387474
0 0.5390625 0.8317025440313112 0.5517578125 0.8209393346379648 0.5537109375 0.8062622309197651 0.5478515625 0.8003913894324853 0.541015625 0.8003913894324853 0.5302734375 0.8140900195694716 0.53125 0.8268101761252445 0.5390625 0.8317025440313112
0 0.81640625 0.7113502935420744 0.814453125 0.7211350293542074 0.818359375 0.7279843444227005 0.8251953125 0.7299412915851271 0.8359375 0.723091976516634 0.8408203125 0.6927592954990215 0.837890625 0.687866927592955 0.830078125 0.6859099804305283 0.8212890625 0.6947162426614482 0.8232421875 0.7054794520547945 0.81640625 0.7113502935420744
0 0.896484375 0.8317025440313112 0.9072265625 0.8307240704500979 0.921875 0.8140900195694716 0.9228515625 0.7984344422700587 0.927734375 0.7876712328767124 0.939453125 0.7769080234833659 0.939453125 0.7661448140900196 0.9306640625 0.7592954990215264 0.9189453125 0.7602739726027397 0.9033203125 0.7906066536203522 0.890625 0.7984344422700587 0.8818359375 0.796477495107632 0.875 0.8033268101761252 0.8798828125 0.8268101761252445 0.896484375 0.8317025440313112
0 0.58984375 0.4500978473581213 0.59765625 0.44911937377690797 0.6015625 0.4432485322896282 0.6259765625 0.4383561643835616 0.6318359375 0.42857142857142855 0.6201171875 0.4070450097847358 0.6015625 0.40117416829745595 0.5908203125 0.40802348336594907 0.583984375 0.42074363992172203 0.583984375 0.44227005870841485 0.58984375 0.4500978473581213
0 0.798828125 0.5332681017612524 0.806640625 0.5332681017612524 0.814453125 0.5264187866927592 0.8134765625 0.5185909980430529 0.80859375 0.5156555772994129 0.7998046875 0.5166340508806262 0.7958984375 0.5215264187866928 0.794921875 0.5293542074363992 0.798828125 0.5332681017612524
0 0.955078125 0.14383561643835616 0.9619140625 0.15459882583170254 0.9765625 0.16536203522504891 0.98828125 0.15753424657534246 0.990234375 0.14677103718199608 0.9853515625 0.13992172211350293 0.9931640625 0.136986301369863 0.9990234375 0.12915851272015655 0.9990234375 0.11741682974559686 0.9912109375 0.11252446183953033 0.978515625 0.11937377690802346 0.974609375 0.13209393346379647 0.955078125 0.14383561643835616