0 0.7470703125 0.5146771037181995 0.751953125 0.5176125244618395 0.7900390625 0.5146771037181995 0.8017578125 0.5009784735812133 0.8271484375 0.5039138943248532 0.837890625 0.4990215264187866 0.8486328125 0.5 0.876236328125 0.5211663405088062 0.9111328125 0.5009784735812133 0.9208984375 0.47847358121330724 0.9453125 0.44520547945205474 0.947265625 0.41976516634050876 0.9423828125 0.40802348336594907 0.9326171875 0.40019569471624267 0.90234375 0.40117416829745595 0.8876953125 0.40802348336594907 0.869140625 0.3972602739726027 0.85546875 0.3953033268101761 0.810546875 0.42759295499021527 0.802734375 0.4246575342465754 0.7734375 0.4315068493150685 0.763671875 0.45303326810176126 0.748046875 0.45792563600782776 0.7431640625 0.4716242661448141 0.7412109375 0.49804305283757333 0.7470703125 0.5146771037181995
0 0.9453125 0.5391389432485323 0.9541015625 0.538160469667319 0.9638671875 0.5303326810176124 0.958984375 0.512720156555773 0.947265625 0.49510763209393344 0.9384765625 0.49510763209393344 0.927734375 0.5136986301369862 0.927734375 0.5225048923679061 0.9453125 0.5391389432485323
0 0.3447265625 0.32093933463796476 0.3603515625 0.3268101761252446 0.3583984375 0.3336594911937377 0.3486328125 0.337573385518591 0.3466796875 0.3590998043052837 0.3564453125 0.37377690802348335 0.3916015625 0.3767123287671233 0.39453125 0.4403131115459883 0.3818359375 0.4471624266144814 0.3681640625 0.4637964774951076 0.3671875 0.5019569471624266 0.3720703125 0.5107632093933463 0.3828125 0.5185909980430529 0.4130859375 0.5166340508806262 0.470703125 0.4843444227005871 0.482421875 0.4716242661448141 0.5126953125 0.41682974559686886 0.52734375 0.39921722113502933 0.529296875 0.38551859099804303 0.525390625 0.36007827788649704 0.513671875 0.3434442270058708 0.51171875 0.33463796477495106 0.4970703125 0.3277886497064579 0.484375 0.31409001956947163 0.486328125 0.30528375733855184 0.517578125 0.2857142857142857 0.525390625 0.25733855185909976 0.5048828125 0.2279843444227006 0.4873046875 0.22407045009784735 0.4423828125 0.23091976516634052 0.4296875 0.23972602739726026 0.4228515625 0.25538160469667315 0.4140625 0.25538160469667315 0.40625 0.24657534246575344 0.3916015625 0.24266144814090018 0.3662109375 0.25929549902152643 0.3486328125 0.2583170254403131 0.3359375 0.2690802348336595 0.337890625 0.3131115459882583 0.3447265625 0.32093933463796476
0 0.4765625 0.6262230919765166 0.5146484375 0.6536203522504892 0.525390625 0.6536203522504892 0.5380859375 0.6399217221135028 0.541015625 0.6232876712328766 0.525390625 0.6056751467710371 0.5166015625 0.601761252446184 0.5185546875 0.5909980430528375 0.5078125 0.5665362035225049 0.49609375 0.5665362035225049 0.484375 0.5851272015655578 0.4736328125 0.5939334637964775 0.46875 0.611545988258317 0.4765625 0.6262230919765166
0 0.5244140625 0.5244618395303327 0.5458984375 0.5283757338551859 0.556640625 0.5254403131115459 0.5712890625 0.5117416829745596 0.5751953125 0.50293542074364 0.5712890625 0.474559686888454 0.5517578125 0.4657534246575342 0.5341796875 0.4677103718199608 0.5224609375 0.47749510763209385 0.5146484375 0.4990215264187866 0.517578125 0.5156555772994129 0.5244140625 0.5244618395303327
0 0.396484375 0.9050880626223092 0.4111328125 0.9070450097847358 0.421875 0.9041095890410957 0.4443359375 0.8904109589041095 0.4521484375 0.8806262230919766 0.4580078125 0.8600782778864969 0.4560546875 0.8317025440313112 0.4501953125 0.8180039138943249 0.4404296875 0.8101761252446182 0.3994140625 0.8062622309197651 0.390625 0.8150684931506849 0.37890625 0.8414872798434441 0.3818359375 0.8874755381604696 0.396484375 0.9050880626223092
0 0.5498046875 0.7103718199608611 0.5537109375 0.7142857142857142 0.5615234375 0.7142857142857142 0.5859375 0.6927592954990215 0.5888671875 0.6819960861056751 0.5849609375 0.6712328767123287 0.578125 0.6673189823874754 0.5595703125 0.6771037181996086 0.5458984375 0.6761252446183953 0.5400390625 0.6829745596868884 0.5400390625 0.6947162426614482 0.5498046875 0.7103718199608611
0 0.57421875 0.8140900195694716 0.58203125 0.8170254403131114 0.6064453125 0.8131115459882583 0.6259765625 0.8160469667318981 0.642578125 0.8072407045009784 0.6484375 0.7994129158512719 0.6513671875 0.7886497064579256 0.6474609375 0.7602739726027397 0.6318359375 0.7446183953033267 0.5908203125 0.732876712328767 0.5712890625 0.7397260273972602 0.5634765625 0.7544031311154599 0.5625 0.7798434442270058 0.57421875 0.8140900195694716
0 0.53125 0.9041095890410957 0.5390625 0.9041095890410957 0.5634765625 0.8933463796477495 0.5732421875 0.8688845401174168 0.560546875 0.8581213307240704 0.54296875 0.8747553816046967 0.5224609375 0.8835616438356164 0.5244140625 0.8982387475538159 0.53125 0.9041095890410957
0 0.1005859375 0.24657534246575344 0.1083984375 0.24755381604696672 0.115234375 0.24363992172211352 0.119140625 0.23483365949119372 0.119140625 0.223091976516634 0.115234375 0.21819960861056747 0.091796875 0.20450097847358123 0.078125 0.2123287671232877 0.0791015625 0.22602739726027393 0.1005859375 0.24657534246575344
0 0.15625 0.3385518590998043 0.1650390625 0.3434442270058708 0.1787109375 0.3395303326810176 0.1845703125 0.3268101761252446 0.18359375 0.31017612524461835 0.1787109375 0.3013698630136986 0.1748046875 0.3013698630136986 0.1650390625 0.2720156555772994 0.154296875 0.2651663405088062 0.1328125 0.2632093933463796 0.1220703125 0.27690802348336596 0.125 0.29647749510763205 0.15625 0.3385518590998043
0 0.0166015625 0.3639921722113503 0.021484375 0.3796477495107632 0.0400390625 0.398238747553816 0.0791015625 0.40117416829745595 0.095703125 0.3943248532289628 0.1083984375 0.3796477495107632 0.109375 0.36888454011741684 0.1044921875 0.3542074363992172 0.0859375 0.33659491193737767 0.068359375 0.33072407045009783 0.04296875 0.299412915851272 0.01171875 0.3199608610567514 0.0048828125 0.33659491193737767 0.0068359375 0.35127201565557725 0.0166015625 0.3639921722113503