0 0.087890625 0.3923679060665362 0.107421875 0.3972602739726027 0.1318359375 0.3962818003913894 0.1533203125 0.3659491193737769 0.15625 0.3522504892367906 0.15234375 0.34540117416829746 0.1396484375 0.3385518590998043 0.1103515625 0.3424657534246575 0.1025390625 0.34833659491193736 0.08203125 0.3796477495107632 0.0810546875 0.38454011741682975 0.087890625 0.3923679060665362
0 0.3349609375 0.5499021526418787 0.3349609375 0.5851272015655578 0.33984375 0.5949119373776908 0.3525390625 0.595890410958904 0.3740234375 0.5812133072407045 0.3798828125 0.5821917808219178 0.4013671875 0.573385518590998 0.40625 0.560665362035225 0.419921875 0.547945205479452 0.4228515625 0.49510763209393344 0.41015625 0.4833659491193737 0.3935546875 0.48140900195694714 0.37109375 0.48727984344422703 0.3408203125 0.4833659491193737 0.3232421875 0.5078277886497065 0.326171875 0.5362035225048923 0.3349609375 0.5499021526418787
0 0.0654296875 0.550880626223092 0.076171875 0.5547945205479452 0.0888671875 0.550880626223092 0.091796875 0.5362035225048923 0.0830078125 0.5273972602739725 0.060546875 0.5244618395303327 0.0546875 0.5283757338551859 0.0537109375 0.5410958904109588 0.0654296875 0.550880626223092
0 0.2275390625 0.5587084148727983 0.236328125 0.5596868884540117 0.244140625 0.5528375733855186 0.24609375 0.5401174168297456 0.2392578125 0.5303326810176124 0.2275390625 0.5273972602739725 0.2177734375 0.5362035225048923 0.216796875 0.5459882583170254 0.2275390625 0.5587084148727983
0 0.302734375 0.3277886497064579 0.306640625 0.3268101761252446 0.3115234375 0.31898238747553814 0.30859375 0.30332681017612523 0.2998046875 0.30039138943248533 0.291015625 0.30724070450097846 0.2900390625 0.3180039138943248 0.302734375 0.3277886497064579
0 0.71484375 0.30039138943248533 0.724609375 0.3013698630136986 0.7373046875 0.29549902152641877 0.7392578125 0.2847358121330724 0.734375 0.2671232876712329 0.7265625 0.25733855185909976 0.712890625 0.2534246575342466 0.7001953125 0.25538160469667315 0.6904296875 0.25048923679060664 0.6826171875 0.25146771037182 0.677734375 0.25733855185909976 0.677734375 0.2671232876712329 0.71484375 0.30039138943248533
0 0.72265625 0.42759295499021527 0.7412109375 0.4324853228962818 0.7529296875 0.4500978473581213 0.802734375 0.4755381604696673 0.814453125 0.4716242661448141 0.8173828125 0.4657534246575342 0.8115234375 0.45792563600782776 0.818359375 0.446183953033268 0.818359375 0.4324853228962818 0.796875 0.41976516634050876 0.7861328125 0.4070450097847358 0.759765625 0.3972602739726027 0.748046875 0.40313111545988256 0.7314453125 0.3972602739726027 0.72265625 0.40019569471624267 0.7177734375 0.4070450097847358 0.716796875 0.4148727984344422 0.72265625 0.42759295499021527
0 0.796875 0.5264187866927592 0.806640625 0.5225048923679061 0.8125 0.5136986301369862 0.8125 0.5048923679060665 0.8037109375 0.49510763209393344 0.79296875 0.4960861056751467 0.78515625 0.5039138943248532 0.7861328125 0.5185909980430529 0.796875 0.5264187866927592
0 0.650390625 0.12524461839530332 0.66015625 0.12720156555772993 0.6767578125 0.1095890410958904 0.681640625 0.08610567514677103 0.66796875 0.07338551859099804 0.6611328125 0.07338551859099804 0.65234375 0.07925636007827788 0.6435546875 0.09980430528375733 0.64453125 0.11937377690802346 0.650390625 0.12524461839530332
0 0.65625 0.04207436399217221 0.6669921875 0.051859099804305274 0.6767578125 0.0684931506849315 0.685546875 0.07045009784735812 0.6923828125 0.06360078277886497 0.6943359375 0.046966731898238745 0.685546875 0.010763209393346379 0.677734375 0.004892367906066536 0.6669921875 0.004892367906066536 0.6552734375 0.018590998043052837 0.6533203125 0.03424657534246575 0.65625 0.04207436399217221
0 0.5048828125 0.5489236790606653 0.51953125 0.5587084148727983 0.53125 0.5616438356164383 0.5390625 0.5704500978473581 0.5263671875 0.5841487279843445 0.5244140625 0.6046966731898238 0.53125 0.6125244618395304 0.541015625 0.6135029354207436 0.552734375 0.608610567514677 0.603515625 0.5538160469667319 0.6103515625 0.550880626223092 0.6162109375 0.5371819960861057 0.6171875 0.5215264187866928 0.6123046875 0.5117416829745596 0.5986328125 0.5117416829745596 0.599609375 0.5146771037181995 0.591796875 0.5176125244618395 0.5732421875 0.5205479452054794 0.5693359375 0.5156555772994129 0.5673828125 0.4735812133072407 0.5595703125 0.4657534246575342 0.548828125 0.4647749510763209 0.5419921875 0.46966731898238745 0.537109375 0.48727984344422703 0.5048828125 0.5146771037181995 0.498046875 0.5313111545988258 0.498046875 0.5401174168297456 0.5048828125 0.5489236790606653
0 0.6787109375 0.6340508806262231 0.6953125 0.6301369863013698 0.7099609375 0.6046966731898238 0.70703125 0.595890410958904 0.681640625 0.5900195694716242 0.6669921875 0.5919765166340508 0.66015625 0.5998043052837574 0.6640625 0.62133072407045 0.6787109375 0.6340508806262231
0 0.5634765625 0.7318982387475538 0.56640625 0.7436399217221135 0.5615234375 0.7544031311154599 0.5673828125 0.7632093933463796 0.5830078125 0.7661448140900196 0.5888671875 0.7602739726027397 0.591796875 0.7407045009784736 0.5986328125 0.7279843444227005 0.646484375 0.7025440313111545 0.662109375 0.684931506849315 0.6669921875 0.6673189823874754 0.6650390625 0.6487279843444227 0.6572265625 0.6399217221135028 0.6318359375 0.6320939334637965 0.6044921875 0.6360078277886496 0.5888671875 0.6506849315068493 0.578125 0.6741682974559686 0.5595703125 0.687866927592955 0.5517578125 0.6996086105675146 0.5498046875 0.7201565557729941 0.5634765625 0.7318982387475538
0 0.51171875 0.8972602739726027 0.5439453125 0.9148727984344422 0.546875 0.9217221135029353 0.55859375 0.9295499021526418 0.5703125 0.9285714285714285 0.5751953125 0.9236790606653621 0.583984375 0.9011741682974559 0.5771484375 0.8825831702544031 0.5556640625 0.8767123287671232 0.5498046875 0.8669275929549901 0.5361328125 0.8561643835616438 0.515625 0.8581213307240704 0.5048828125 0.8698630136986301 0.50390625 0.8825831702544031 0.51171875 0.8972602739726027
0 0.2412109375 0.8972602739726027 0.251953125 0.8992172211350293 0.2587890625 0.8933463796477495 0.2568359375 0.8796477495107631 0.24609375 0.87573385518591 0.2392578125 0.8796477495107631 0.2373046875 0.8913894324853228 0.2412109375 0.8972602739726027
0 0.6806640625 0.9422700587084147 0.6865234375 0.9422700587084147 0.69140625 0.9354207436399216 0.69140625 0.9275929549902152 0.6875 0.9236790606653621 0.67578125 0.9305283757338552 0.6748046875 0.9354207436399216 0.6806640625 0.9422700587084147
0 0.6318359375 0.9178082191780822 0.634765625 0.9070450097847358 0.6298828125 0.9031311154598824 0.62109375 0.9050880626223092 0.6220703125 0.9158512720156555 0.6318359375 0.9178082191780822
0 0.6259765625 0.3473581213307241 0.626953125 0.3571428571428571 0.6298828125 0.363013698630137 0.6396484375 0.36497064579256355 0.6474609375 0.35812133072407043 0.6484375 0.337573385518591 0.640625 0.3219178082191781 0.6328125 0.3219178082191781 0.6328125 0.33463796477495106 0.6259765625 0.3473581213307241
0 0.921875 0.2974559686888454 0.9296875 0.2984344422700587 0.9375 0.2925636007827789 0.939453125 0.27690802348336596 0.9345703125 0.26810176125244617 0.9248046875 0.26810176125244617 0.9140625 0.27788649706457924 0.9130859375 0.286692759295499 0.921875 0.2974559686888454
0 0.94140625 0.18199608610567514 0.9501953125 0.18199608610567514 0.958984375 0.17123287671232876 0.9580078125 0.1643835616438356 0.94921875 0.15949119373776907 0.9365234375 0.1643835616438356 0.9345703125 0.17416829745596868 0.94140625 0.18199608610567514
0 0.486328125 0.25538160469667315 0.5048828125 0.25244618395303325 0.5166015625 0.24168297455968685 0.5263671875 0.22504892367906065 0.5244140625 0.2123287671232877 0.5048828125 0.20254403131115456 0.4951171875 0.2035225048923679 0.4853515625 0.21330724070450097 0.4619140625 0.21135029354207435 0.447265625 0.22015655577299414 0.44921875 0.23581213307240706 0.486328125 0.25538160469667315
0 0.6298828125 0.29452054794520544 0.6357421875 0.3013698630136986 0.642578125 0.3013698630136986 0.650390625 0.2925636007827789 0.6494140625 0.2857142857142857 0.6435546875 0.28180039138943247 0.6328125 0.28180039138943247 0.62890625 0.2857142857142857 0.6298828125 0.29452054794520544